<TICKER>,<PER>,<DATE>,<TIME>,<OPEN>,<HIGH>,<LOW>,<CLOSE>,<VOL>,<OPENINT>
AIFU.US,5,20250813,153000,5.93,6.15,5.93,6,6956,0
AIFU.US,5,20250813,153500,6,6,5.95,5.95,2000,0
AIFU.US,5,20250813,154000,5.985,5.985,5.8004,5.8004,2886,0
AIFU.US,5,20250813,154500,5.6109,5.75,5.5,5.655,7242,0
AIFU.US,5,20250813,155000,5.5,5.57,5.3,5.57,1229,0
AIFU.US,5,20250813,155500,5.4601,5.4601,5.4601,5.4601,105,0
AIFU.US,5,20250813,160000,6,6.01,5.47,5.98,1668,0
AIFU.US,5,20250813,160500,5.58,5.58,5.58,5.58,150,0
AIFU.US,5,20250813,161000,5.54,5.89,5.54,5.89,200,0
AIFU.US,5,20250813,161500,5.7,5.8499,5.685,5.8499,2020,0
AIFU.US,5,20250813,162000,5.78,5.84,5.7,5.7011,1250,0
AIFU.US,5,20250813,162500,5.71,5.71,5.71,5.71,4100,0
AIFU.US,5,20250813,163500,5.727,5.727,5.727,5.727,169,0
AIFU.US,5,20250813,164000,5.785,5.785,5.785,5.785,400,0
AIFU.US,5,20250813,165000,5.7702,5.7702,5.75,5.76,500,0
AIFU.US,5,20250813,165500,5.79,5.79,5.79,5.79,520,0
AIFU.US,5,20250813,170500,5.72,5.72,5.48,5.48,669,0
AIFU.US,5,20250813,171000,5.47,5.47,5.46,5.46,400,0
AIFU.US,5,20250813,172000,5.4917,5.55,5.4917,5.55,500,0
AIFU.US,5,20250813,173000,5.57,5.57,5.57,5.57,100,0
AIFU.US,5,20250813,174000,5.9651,5.9651,5.9651,5.9651,600,0
AIFU.US,5,20250813,175500,5.84,5.84,5.84,5.84,720,0
AIFU.US,5,20250813,183000,5.5138,5.5138,5.5138,5.5138,630,0
AIFU.US,5,20250813,183500,5.5138,5.5138,5.5138,5.5138,100,0
AIFU.US,5,20250813,190000,5.72,5.72,5.7,5.71,2855,0
AIFU.US,5,20250813,191500,5.71,5.71,5.71,5.71,153,0
AIFU.US,5,20250813,193500,5.67,5.67,5.67,5.67,100,0
AIFU.US,5,20250813,194000,5.5689,5.5689,5.5689,5.5689,175,0
AIFU.US,5,20250813,195500,5.7,5.7,5.7,5.7,207,0
AIFU.US,5,20250813,202000,5.63,5.7,5.6,5.6301,900,0
AIFU.US,5,20250813,202500,5.62,5.62,5.62,5.62,100,0
AIFU.US,5,20250813,203500,5.73,5.73,5.73,5.73,100,0
AIFU.US,5,20250813,210000,5.77,5.85,5.77,5.8,1133,0
AIFU.US,5,20250813,214500,5.935,5.935,5.935,5.935,100,0
AIFU.US,5,20250813,215500,5.9,5.9,5.82,5.82,2312,0
AIFU.US,5,20250814,153000,5.71,5.755,5.57,5.6901,3894,0
AIFU.US,5,20250814,154000,5.57,5.58,5.46,5.48,1079,0
AIFU.US,5,20250814,154500,5.5,5.5,5.5,5.5,620,0
AIFU.US,5,20250814,155000,5.5,5.5,5.456,5.4999,2200,0
AIFU.US,5,20250814,155500,5.5,5.52,5.49,5.5,1269,0
AIFU.US,5,20250814,160500,5.7073,5.7073,5.7073,5.7073,1000,0
AIFU.US,5,20250814,161500,5.5101,5.5101,5.5101,5.5101,1000,0
AIFU.US,5,20250814,162500,5.82,5.82,5.82,5.82,200,0
AIFU.US,5,20250814,163500,5.7692,5.7692,5.7692,5.7692,414,0
AIFU.US,5,20250814,164500,5.8253,5.8253,5.8253,5.8253,1000,0
AIFU.US,5,20250814,165000,5.7156,5.7156,5.7156,5.7156,1000,0
AIFU.US,5,20250814,165500,5.8774,5.8774,5.75,5.75,599,0
AIFU.US,5,20250814,170000,5.71,5.71,5.71,5.71,100,0
AIFU.US,5,20250814,190000,5.5423,5.5423,5.5423,5.5423,320,0
AIFU.US,5,20250814,190500,5.655,5.655,5.655,5.655,635,0
AIFU.US,5,20250814,191000,5.5406,5.5406,5.5406,5.5406,1300,0
AIFU.US,5,20250814,192500,5.6,5.6,5.47,5.47,1605,0
AIFU.US,5,20250814,203500,5.48,5.48,5.48,5.48,900,0
AIFU.US,5,20250814,204000,5.62,5.62,5.62,5.62,899,0
AIFU.US,5,20250814,210000,5.53,5.53,5.5,5.5,1086,0
AIFU.US,5,20250814,215000,5.49,5.49,5.49,5.49,100,0
AIFU.US,5,20250814,215500,5.5,5.51,5.47,5.47,680,0
AIFU.US,5,20250815,153000,5.88,5.88,5.88,5.88,1000,0
AIFU.US,5,20250815,153500,5.955,5.955,5.955,5.955,500,0
AIFU.US,5,20250815,154000,5.7275,5.7275,5.7275,5.7275,1000,0
AIFU.US,5,20250815,154500,5.62,5.62,5.61,5.62,300,0
AIFU.US,5,20250815,161000,5.655,5.655,5.655,5.655,335,0
AIFU.US,5,20250815,162000,5.66,5.66,5.615,5.615,2640,0
AIFU.US,5,20250815,163500,5.5127,5.635,5.5,5.635,1955,0
AIFU.US,5,20250815,164000,5.6079,5.6079,5.5,5.6032,2600,0
AIFU.US,5,20250815,164500,5.56,5.56,5.56,5.56,408,0
AIFU.US,5,20250815,170500,5.5,5.5,5.5,5.5,402,0
AIFU.US,5,20250815,174500,5.36,5.36,5.3,5.3,1392,0
AIFU.US,5,20250815,175000,5.14,5.14,5.14,5.14,100,0
AIFU.US,5,20250815,175500,5.26,5.26,5.26,5.26,300,0
AIFU.US,5,20250815,181000,5.156,5.156,5.156,5.156,340,0
AIFU.US,5,20250815,182000,5.2112,5.2112,5.2,5.2,870,0
AIFU.US,5,20250815,182500,5.12,5.12,5.02,5.02,1856,0
AIFU.US,5,20250815,183500,5.05,5.1,5.05,5.1,800,0
AIFU.US,5,20250815,184000,5.01,5.01,5,5,1061,0
AIFU.US,5,20250815,184500,4.99,5.0206,4.88,5.0206,2393,0
AIFU.US,5,20250815,185000,4.905,4.98,4.72,4.77,1932,0
AIFU.US,5,20250815,185500,4.7632,4.7632,4.7632,4.7632,1000,0
AIFU.US,5,20250815,190000,4.77,4.77,4.7699,4.7699,1870,0
AIFU.US,5,20250815,191500,4.82,4.82,4.82,4.82,100,0
AIFU.US,5,20250815,193500,4.92,4.92,4.92,4.92,500,0
AIFU.US,5,20250815,194500,4.8645,4.8645,4.8645,4.8645,111,0
AIFU.US,5,20250815,195500,4.92,5.1275,4.92,5.1275,1400,0
AIFU.US,5,20250815,200500,5,5,5,5,822,0
AIFU.US,5,20250815,201000,5,5,4.87,4.87,556,0
AIFU.US,5,20250815,204500,5.0486,5.0486,4.87,4.87,1374,0
AIFU.US,5,20250815,210500,4.88,4.88,4.88,4.88,150,0
AIFU.US,5,20250815,215000,4.9531,4.9531,4.9531,4.9531,500,0
AIFU.US,5,20250815,215500,4.965,5.04,4.92,5.04,765,0
AIFU.US,5,20250818,153000,4.84,4.84,4.84,4.84,126,0
AIFU.US,5,20250818,154000,4.82,4.87,4.79,4.87,1061,0
AIFU.US,5,20250818,154500,4.82,4.82,4.7,4.7,500,0
AIFU.US,5,20250818,155000,4.6643,4.755,4.6516,4.73,3200,0
AIFU.US,5,20250818,155500,4.73,4.7428,4.73,4.7428,200,0
AIFU.US,5,20250818,160000,4.735,4.74,4.71,4.71,1200,0
AIFU.US,5,20250818,160500,4.6971,4.6971,4.66,4.66,293,0
AIFU.US,5,20250818,162000,4.74,4.74,4.73,4.74,500,0
AIFU.US,5,20250818,163500,4.8,4.8,4.8,4.8,100,0
AIFU.US,5,20250818,164000,4.8,4.8,4.8,4.8,100,0
AIFU.US,5,20250818,164500,4.8099,4.8099,4.775,4.775,2000,0
AIFU.US,5,20250818,165500,4.82,4.82,4.81,4.81,302,0
AIFU.US,5,20250818,171500,4.914,4.914,4.914,4.914,250,0
AIFU.US,5,20250818,172000,4.92,4.92,4.92,4.92,132,0
AIFU.US,5,20250818,172500,4.8996,4.92,4.8996,4.91,700,0
AIFU.US,5,20250818,173000,4.92,4.92,4.92,4.92,482,0
AIFU.US,5,20250818,174000,4.95,4.95,4.95,4.95,1000,0
AIFU.US,5,20250818,174500,4.99,4.99,4.98,4.99,1100,0
AIFU.US,5,20250818,175000,4.95,4.99,4.87,4.98,1256,0
AIFU.US,5,20250818,175500,4.95,5.03,4.95,5.03,3421,0
AIFU.US,5,20250818,180000,5.1857,5.1857,5.1857,5.1857,3195,0
AIFU.US,5,20250818,183000,5.16,5.16,5.16,5.16,111,0
AIFU.US,5,20250818,183500,5.2654,5.2654,5.2654,5.2654,1000,0
AIFU.US,5,20250818,184500,5.1168,5.12,5.11,5.11,1509,0
AIFU.US,5,20250818,190500,5.02,5.0201,5.01,5.0102,3620,0
AIFU.US,5,20250818,203500,5.02,5.02,5.02,5.02,806,0
AIFU.US,5,20250818,215500,5.03,5.04,4.9,4.9,7021,0
AIFU.US,5,20250819,153000,4.95,4.95,4.95,4.95,135,0
AIFU.US,5,20250819,153500,4.96,4.96,4.96,4.96,500,0
AIFU.US,5,20250819,154500,4.95,4.95,4.8,4.8,2987,0
AIFU.US,5,20250819,155000,4.885,4.885,4.7601,4.8809,1500,0
AIFU.US,5,20250819,161000,4.9914,4.9914,4.925,4.9914,2300,0
AIFU.US,5,20250819,161500,4.995,5.03,4.995,5.03,795,0
AIFU.US,5,20250819,163500,5.07,5.07,5.07,5.07,204,0
AIFU.US,5,20250819,170000,5.03,5.03,5.03,5.03,100,0
AIFU.US,5,20250819,172000,5.09,5.09,5.09,5.09,1000,0
AIFU.US,5,20250819,174500,5.09,5.09,5.09,5.09,100,0
AIFU.US,5,20250819,175500,5.195,5.195,5.195,5.195,100,0
AIFU.US,5,20250819,180000,5.1,5.1,4.96,4.96,1000,0
AIFU.US,5,20250819,180500,4.91,4.91,4.9,4.9,1093,0
AIFU.US,5,20250819,181000,4.9745,4.9745,4.9745,4.9745,100,0
AIFU.US,5,20250819,181500,5.045,5.045,4.9745,4.9745,200,0
AIFU.US,5,20250819,183500,4.9783,4.9783,4.9611,4.9611,200,0
AIFU.US,5,20250819,185000,4.96,4.96,4.96,4.96,300,0
AIFU.US,5,20250819,185500,4.96,4.96,4.96,4.96,100,0
AIFU.US,5,20250819,190500,4.96,4.96,4.96,4.96,200,0
AIFU.US,5,20250819,191000,4.96,4.96,4.96,4.96,100,0
AIFU.US,5,20250819,191500,4.994,5,4.9829,5,2600,0
AIFU.US,5,20250819,194000,4.89,4.89,4.79,4.79,600,0
AIFU.US,5,20250819,194500,4.91,4.91,4.91,4.91,100,0
AIFU.US,5,20250819,200500,4.885,4.885,4.885,4.885,100,0
AIFU.US,5,20250819,210500,4.905,4.905,4.905,4.905,100,0
AIFU.US,5,20250819,213000,4.905,4.905,4.905,4.905,600,0
AIFU.US,5,20250819,213500,4.81,4.81,4.81,4.81,100,0
AIFU.US,5,20250819,214500,4.895,4.9,4.89,4.9,300,0
AIFU.US,5,20250819,215000,4.9,4.9,4.9,4.9,300,0
AIFU.US,5,20250819,215500,4.9,4.9,4.8,4.8,500,0
AIFU.US,5,20250820,153000,4.72,4.72,4.72,4.72,198,0
AIFU.US,5,20250820,154000,4.88,4.88,4.88,4.88,100,0
AIFU.US,5,20250820,154500,4.93,4.93,4.93,4.93,100,0
AIFU.US,5,20250820,160000,4.8888,4.8888,4.8888,4.8888,100,0
AIFU.US,5,20250820,162500,4.86,4.86,4.86,4.86,500,0
AIFU.US,5,20250820,164000,4.81,4.81,4.8,4.8,600,0
AIFU.US,5,20250820,171000,4.8,4.8,4.8,4.8,150,0
AIFU.US,5,20250820,183500,4.7336,4.7336,4.7336,4.7336,150,0
AIFU.US,5,20250820,184000,4.82,4.82,4.82,4.82,1290,0
AIFU.US,5,20250820,191000,4.73,4.83,4.73,4.83,400,0
AIFU.US,5,20250820,191500,4.83,4.84,4.83,4.84,200,0
AIFU.US,5,20250820,194000,4.84,4.84,4.84,4.84,400,0
AIFU.US,5,20250820,194500,4.84,4.84,4.84,4.84,100,0
AIFU.US,5,20250820,195000,4.84,4.84,4.84,4.84,100,0
AIFU.US,5,20250820,195500,4.84,4.84,4.84,4.84,200,0
AIFU.US,5,20250820,201500,4.84,4.84,4.84,4.84,200,0
AIFU.US,5,20250820,202000,4.84,4.84,4.84,4.84,100,0
AIFU.US,5,20250820,204500,4.9,4.92,4.9,4.92,970,0
AIFU.US,5,20250820,205500,4.92,4.92,4.92,4.92,100,0
AIFU.US,5,20250820,212000,4.9157,4.92,4.865,4.92,2100,0
AIFU.US,5,20250820,213000,4.92,4.92,4.92,4.92,235,0
AIFU.US,5,20250820,213500,4.95,4.95,4.95,4.95,504,0
AIFU.US,5,20250820,214000,4.95,4.95,4.95,4.95,100,0
AIFU.US,5,20250820,214500,4.97,4.97,4.97,4.97,130,0
AIFU.US,5,20250821,153000,5.01,5.01,5.01,5.01,1120,0
AIFU.US,5,20250821,153500,4.72,4.95,4.72,4.95,900,0
AIFU.US,5,20250821,154000,5,5,5,5,200,0
AIFU.US,5,20250821,155000,5,5,5,5,100,0
AIFU.US,5,20250821,155500,5,5,5,5,200,0
AIFU.US,5,20250821,163000,5.02,5.02,5.02,5.02,100,0
AIFU.US,5,20250821,163500,5.02,5.02,5.02,5.02,200,0
AIFU.US,5,20250821,174000,5.03,5.03,5.03,5.03,200,0
AIFU.US,5,20250821,175500,5.04,5.04,5.04,5.04,100,0
AIFU.US,5,20250821,180000,5.04,5.04,5.04,5.04,100,0
AIFU.US,5,20250821,181500,4.97,4.97,4.97,4.97,100,0
AIFU.US,5,20250821,182500,5.04,5.04,5.04,5.04,100,0
AIFU.US,5,20250821,184500,5.0724,5.0724,5.0724,5.0724,1600,0
AIFU.US,5,20250821,190500,5.08,5.08,5.08,5.08,100,0
AIFU.US,5,20250821,191000,5.07,5.07,5.01,5.04,1200,0
AIFU.US,5,20250821,191500,5.04,5.04,5.04,5.04,200,0
AIFU.US,5,20250821,192000,5.04,5.05,5.04,5.05,300,0
AIFU.US,5,20250821,192500,5.1,5.1,5.1,5.1,100,0
AIFU.US,5,20250821,193000,5.08,5.12,5.08,5.12,200,0
AIFU.US,5,20250821,193500,5.12,5.12,5.12,5.12,100,0
AIFU.US,5,20250821,194000,5.12,5.12,5.12,5.12,100,0
AIFU.US,5,20250821,195000,5.02,5.02,5.02,5.02,100,0
AIFU.US,5,20250821,195500,5.1,5.1,5.1,5.1,100,0
AIFU.US,5,20250821,201500,5.14,5.14,5.14,5.14,100,0
AIFU.US,5,20250821,202000,5.1,5.59,5.1,5.59,1200,0
AIFU.US,5,20250821,203000,5.28,5.41,5.2,5.2,400,0
AIFU.US,5,20250821,203500,5.2,5.2,5.2,5.2,200,0
AIFU.US,5,20250821,213000,5.135,5.135,5.135,5.135,100,0
AIFU.US,5,20250821,215000,5.09,5.09,5.09,5.09,100,0
AIFU.US,5,20250821,215500,5.125,5.15,5.09,5.15,1019,0
AIFU.US,5,20250822,153500,5.2,5.22,5.2,5.22,1300,0
AIFU.US,5,20250822,154000,5.27,5.48,5.27,5.39,5018,0
AIFU.US,5,20250822,154500,5.3569,5.36,5.17,5.22,4688,0
AIFU.US,5,20250822,155500,5.16,5.16,5.16,5.16,114,0
AIFU.US,5,20250822,160000,5.25,5.25,5.25,5.25,300,0
AIFU.US,5,20250822,160500,5.25,5.25,5.22,5.24,900,0
AIFU.US,5,20250822,161500,5.1996,5.1996,5.1996,5.1996,100,0
AIFU.US,5,20250822,162500,5.16,5.16,5.16,5.16,100,0
AIFU.US,5,20250822,164000,5.2,5.2,5.19,5.19,200,0
AIFU.US,5,20250822,170000,5.21,5.21,5.21,5.21,100,0
AIFU.US,5,20250822,173000,5.17,5.17,5.17,5.17,100,0
AIFU.US,5,20250822,174500,5.19,5.19,5.19,5.19,200,0
AIFU.US,5,20250822,175000,5.205,5.205,5.205,5.205,100,0
AIFU.US,5,20250822,175500,5.25,5.25,5.25,5.25,300,0
AIFU.US,5,20250822,180000,5.29,5.32,5.29,5.31,500,0
AIFU.US,5,20250822,180500,5.32,5.5396,5.31,5.39,8224,0
AIFU.US,5,20250822,184500,5.6024,5.6024,5.45,5.45,1210,0
AIFU.US,5,20250822,185000,5.44,5.4923,5.36,5.4232,2000,0
AIFU.US,5,20250822,185500,5.37,5.51,5.358,5.51,400,0
AIFU.US,5,20250822,190000,5.3543,5.3543,5.3543,5.3543,100,0
AIFU.US,5,20250822,192000,5.4391,5.4391,5.4391,5.4391,400,0
AIFU.US,5,20250822,192500,5.34,5.34,5.34,5.34,100,0
AIFU.US,5,20250822,193000,5.3,5.3,5.3,5.3,100,0
AIFU.US,5,20250822,194500,5.31,5.32,5.3,5.32,300,0
AIFU.US,5,20250822,195000,5.3,5.3,5.28,5.2801,300,0
AIFU.US,5,20250822,195500,5.3,5.31,5.27,5.27,300,0
AIFU.US,5,20250822,200000,5.25,5.3,5.23,5.23,600,0
AIFU.US,5,20250822,200500,5.23,5.43,5.23,5.43,1400,0
AIFU.US,5,20250822,202000,5.34,5.34,5.26,5.33,1350,0
AIFU.US,5,20250822,202500,5.33,5.33,5.33,5.33,273,0
AIFU.US,5,20250822,203000,5.3,5.3,5.3,5.3,100,0
AIFU.US,5,20250822,205000,5.3,5.335,5.29,5.29,1200,0
AIFU.US,5,20250822,212500,5.2915,5.4599,5.29,5.4599,3400,0
AIFU.US,5,20250822,214000,5.63,5.655,5.63,5.63,900,0
AIFU.US,5,20250822,215500,5.45,5.6,5.45,5.6,242,0
AIFU.US,5,20250825,153500,5.595,5.595,5.595,5.595,500,0
AIFU.US,5,20250825,154000,5.45,5.45,5.45,5.45,100,0
AIFU.US,5,20250825,155000,5.46,5.48,5.46,5.48,200,0
AIFU.US,5,20250825,155500,5.49,5.49,5.49,5.49,100,0
AIFU.US,5,20250825,160500,5.49,5.49,5.31,5.455,2100,0
AIFU.US,5,20250825,161000,5.3128,5.3128,5.3128,5.3128,1000,0
AIFU.US,5,20250825,162500,5.35,5.35,5.35,5.35,100,0
AIFU.US,5,20250825,163000,5.36,5.36,5.36,5.36,200,0
AIFU.US,5,20250825,163500,5.39,5.39,5.39,5.39,100,0
AIFU.US,5,20250825,164000,5.3606,5.3606,5.3226,5.35,735,0
AIFU.US,5,20250825,164500,5.385,5.385,5.385,5.385,108,0
AIFU.US,5,20250825,165000,5.35,5.35,5.35,5.35,100,0
AIFU.US,5,20250825,165500,5.3564,5.3564,5.31,5.335,3000,0
AIFU.US,5,20250825,170000,5.3599,5.3599,5.3599,5.3599,500,0
AIFU.US,5,20250825,170500,5.32,5.32,5.32,5.32,200,0
AIFU.US,5,20250825,171000,5.32,5.32,5.26,5.26,1056,0
AIFU.US,5,20250825,171500,5.17,5.17,5.03,5.03,2926,0
AIFU.US,5,20250825,172000,5.17,5.17,5.17,5.17,500,0
AIFU.US,5,20250825,172500,5.07,5.1831,4.93,4.9873,1200,0
AIFU.US,5,20250825,173000,4.99,5.2967,4.99,5.2967,441,0
AIFU.US,5,20250825,173500,5.08,5.1802,5.01,5.0657,1000,0
AIFU.US,5,20250825,174000,5.03,5.15,5.0294,5.145,900,0
AIFU.US,5,20250825,174500,5.05,5.1484,5.0342,5.05,800,0
AIFU.US,5,20250825,175000,5.0228,5.0228,5.0228,5.0228,165,0
AIFU.US,5,20250825,181500,5.07,5.07,5.07,5.07,100,0
AIFU.US,5,20250825,182500,5.08,5.19,5.08,5.19,200,0
AIFU.US,5,20250825,183500,5.1,5.17,5.1,5.17,200,0
AIFU.US,5,20250825,191000,5.15,5.15,5.1405,5.15,300,0
AIFU.US,5,20250825,191500,5.1279,5.1279,5.12,5.12,200,0
AIFU.US,5,20250825,192000,5.1918,5.1918,5.08,5.17,1700,0
AIFU.US,5,20250825,192500,5.13,5.2002,5.05,5.2002,1400,0
AIFU.US,5,20250825,194000,5.056,5.056,4.96,4.96,1718,0
AIFU.US,5,20250825,194500,5.05,5.1325,5.04,5.1325,400,0
AIFU.US,5,20250825,195000,5.04,5.05,5,5,300,0
AIFU.US,5,20250825,202500,5.01,5.01,5.01,5.01,500,0
AIFU.US,5,20250825,203000,5.05,5.05,5.05,5.05,147,0
AIFU.US,5,20250825,212500,5.07,5.155,4.95,5.155,1000,0
AIFU.US,5,20250825,213500,5.05,5.1908,5,5.03,1200,0
AIFU.US,5,20250825,214000,5.03,5.03,4.98,4.98,700,0
AIFU.US,5,20250825,214500,4.98,5.005,4.94,5.005,420,0
AIFU.US,5,20250825,215000,4.9621,5.17,4.89,5.1274,1592,0
AIFU.US,5,20250825,215500,4.9,4.95,4.76,4.76,3232,0
AIFU.US,5,20250826,154500,4.875,5.09,4.875,5.09,1571,0
AIFU.US,5,20250826,155000,4.96,4.96,4.95,4.96,300,0
AIFU.US,5,20250826,160000,4.925,4.925,4.925,4.925,112,0
AIFU.US,5,20250826,160500,4.947,4.947,4.92,4.92,1404,0
AIFU.US,5,20250826,161500,4.9423,4.9423,4.8954,4.8954,2500,0
AIFU.US,5,20250826,164500,4.9442,4.9442,4.9442,4.9442,1000,0
AIFU.US,5,20250826,165500,4.812,4.812,4.812,4.812,500,0
AIFU.US,5,20250826,175000,4.83,4.83,4.83,4.83,800,0
AIFU.US,5,20250826,180000,4.865,4.865,4.865,4.865,462,0
AIFU.US,5,20250826,184500,4.88,4.88,4.88,4.88,700,0
AIFU.US,5,20250826,192500,4.88,4.88,4.81,4.81,1302,0
AIFU.US,5,20250826,194000,4.86,4.86,4.86,4.86,200,0
AIFU.US,5,20250826,194500,4.7735,4.86,4.7735,4.8,1300,0
AIFU.US,5,20250826,195000,4.7701,4.7701,4.7701,4.7701,1097,0
AIFU.US,5,20250826,195500,4.86,4.86,4.86,4.86,100,0
AIFU.US,5,20250826,200500,4.87,4.87,4.87,4.87,100,0
AIFU.US,5,20250826,202000,4.88,4.88,4.87,4.87,300,0
AIFU.US,5,20250826,204500,4.88,4.88,4.81,4.81,400,0
AIFU.US,5,20250826,213500,4.8,4.81,4.76,4.81,1594,0
AIFU.US,5,20250826,215000,4.8,4.805,4.7,4.805,500,0
AIFU.US,5,20250826,215500,4.815,4.8986,4.768,4.79,759,0
AIFU.US,5,20250827,154000,4.71,4.7866,4.52,4.71,1998,0
AIFU.US,5,20250827,155500,4.71,4.71,4.71,4.71,100,0
AIFU.US,5,20250827,164000,4.55,4.57,4.54,4.5601,2231,0
AIFU.US,5,20250827,164500,4.6,4.6,4.6,4.6,189,0
AIFU.US,5,20250827,170500,4.6,4.6,4.59,4.59,400,0
AIFU.US,5,20250827,171500,4.51,4.51,4.51,4.51,100,0
AIFU.US,5,20250827,173000,4.56,4.58,4.3601,4.5,10738,0
AIFU.US,5,20250827,173500,4.55,4.63,4.53,4.63,1877,0
AIFU.US,5,20250827,174000,4.62,4.6414,4.62,4.6414,1100,0
AIFU.US,5,20250827,174500,4.5798,4.5798,4.46,4.46,3400,0
AIFU.US,5,20250827,180000,4.5379,4.5379,4.5379,4.5379,500,0
AIFU.US,5,20250827,180500,4.45,4.45,4.44,4.45,300,0
AIFU.US,5,20250827,181000,4.46,4.46,4.42,4.42,550,0
AIFU.US,5,20250827,181500,4.41,4.41,4.4,4.4,300,0
AIFU.US,5,20250827,182000,4.4,4.41,4.36,4.4,2000,0
AIFU.US,5,20250827,184500,4.67,4.696,4.67,4.696,1406,0
AIFU.US,5,20250827,185000,4.6807,4.6807,4.6807,4.6807,1500,0
AIFU.US,5,20250827,185500,4.51,4.51,4.51,4.51,100,0
AIFU.US,5,20250827,191000,4.64,4.65,4.63,4.65,4783,0
AIFU.US,5,20250827,192500,4.65,4.65,4.65,4.65,400,0
AIFU.US,5,20250827,194500,4.63,4.7,4.52,4.59,2700,0
AIFU.US,5,20250827,195000,4.57,4.657,4.51,4.6001,2200,0
AIFU.US,5,20250827,195500,4.6,4.74,4.52,4.6,3000,0
AIFU.US,5,20250827,200000,4.58,4.61,4.5,4.5093,1200,0
AIFU.US,5,20250827,202500,4.52,4.52,4.51,4.51,850,0
AIFU.US,5,20250827,205000,4.37,4.37,4.37,4.37,100,0
AIFU.US,5,20250827,205500,4.44,4.44,4.44,4.44,500,0
AIFU.US,5,20250827,212500,4.55,4.55,4.55,4.55,100,0
AIFU.US,5,20250827,213500,4.45,4.48,4.45,4.48,270,0
AIFU.US,5,20250827,215500,4.49,4.49,4.44,4.46,1705,0
AIFU.US,5,20250828,153000,4.46,4.63,4.46,4.63,394,0
AIFU.US,5,20250828,165000,4.7,4.7,4.7,4.7,292,0
AIFU.US,5,20250828,173000,4.79,4.81,4.79,4.81,262,0
AIFU.US,5,20250828,173500,4.91,4.91,4.73,4.79,1802,0
AIFU.US,5,20250828,174000,4.87,4.9,4.72,4.75,7254,0
AIFU.US,5,20250828,175000,4.75,4.75,4.75,4.75,652,0
AIFU.US,5,20250828,180500,4.76,4.76,4.75,4.75,600,0
AIFU.US,5,20250828,190000,4.8,4.8,4.8,4.8,1800,0
AIFU.US,5,20250828,194500,4.75,4.75,4.75,4.75,100,0
AIFU.US,5,20250828,205000,4.5723,4.5723,4.5723,4.5723,273,0
AIFU.US,5,20250828,215500,4.85,4.85,4.85,4.85,368,0
AIFU.US,5,20250829,154000,4.94,4.98,4.91,4.91,300,0
AIFU.US,5,20250829,154500,4.99,5,4.99,5,1850,0
AIFU.US,5,20250829,161500,4.94,4.94,4.94,4.94,100,0
AIFU.US,5,20250829,163000,5.05,5.05,5.05,5.05,100,0
AIFU.US,5,20250829,164000,5,5,5,5,400,0
AIFU.US,5,20250829,185500,4.9865,4.9865,4.9865,4.9865,250,0
AIFU.US,5,20250829,190500,4.99,5,4.99,5,200,0
AIFU.US,5,20250829,192000,4.99,5.005,4.99,5.005,1200,0
AIFU.US,5,20250829,192500,5.04,5.05,5.04,5.05,800,0
AIFU.US,5,20250829,193000,5.04,5.09,5.04,5.09,300,0
AIFU.US,5,20250829,193500,5.09,5.09,5.0636,5.08,899,0
AIFU.US,5,20250829,215000,4.93,4.97,4.93,4.97,400,0
AIFU.US,5,20250829,215500,4.97,5.05,4.96,5.05,1407,0
AIFU.US,5,20250902,153500,4.97,4.97,4.97,4.97,440,0
AIFU.US,5,20250902,194500,4.93,4.965,4.93,4.965,1325,0
AIFU.US,5,20250902,201000,5.01,5.01,5.01,5.01,100,0
AIFU.US,5,20250902,201500,5.05,5.05,5.05,5.05,500,0
AIFU.US,5,20250902,202500,5.01,5.01,4.985,4.985,3321,0
AIFU.US,5,20250902,203500,4.985,4.985,4.985,4.985,100,0
AIFU.US,5,20250902,205000,5.03,5.1,5.03,5.1,1109,0
AIFU.US,5,20250902,205500,5.1,5.1,5.09,5.1,718,0
AIFU.US,5,20250902,210000,5.135,5.135,5.135,5.135,100,0
AIFU.US,5,20250902,212000,5.07,5.07,5.07,5.07,3365,0
AIFU.US,5,20250902,212500,5.0713,5.0713,5.0713,5.0713,264,0
AIFU.US,5,20250903,165000,5.185,5.185,5.09,5.135,400,0
AIFU.US,5,20250903,165500,5.18,5.18,5.17,5.17,200,0
AIFU.US,5,20250903,170000,5.17,5.17,5.17,5.17,100,0
AIFU.US,5,20250903,171000,5.19,5.19,5.19,5.19,250,0
AIFU.US,5,20250903,172000,5.17,5.17,5.17,5.17,100,0
AIFU.US,5,20250903,174000,5.11,5.1152,5.04,5.1152,1300,0
AIFU.US,5,20250903,184000,5.0945,5.12,5.0945,5.12,1497,0
AIFU.US,5,20250903,190000,5.15,5.15,5.15,5.15,490,0
AIFU.US,5,20250903,214500,5.21,5.21,5.21,5.21,490,0
AIFU.US,5,20250904,153000,5.25,5.25,5.25,5.25,495,0
AIFU.US,5,20250904,153500,5.35,5.35,5.25,5.25,200,0
AIFU.US,5,20250904,154500,5.42,5.42,5.42,5.42,200,0
AIFU.US,5,20250904,155000,5.25,5.25,5.25,5.25,178,0
AIFU.US,5,20250904,155500,5.25,5.25,5.25,5.25,720,0
AIFU.US,5,20250904,162000,5.41,5.41,5.41,5.41,200,0
AIFU.US,5,20250904,162500,5.42,5.42,5.42,5.42,100,0
AIFU.US,5,20250904,163000,5.26,5.26,5.26,5.26,271,0
AIFU.US,5,20250904,172000,5.26,5.26,5.26,5.26,1822,0
AIFU.US,5,20250904,180500,5.5,5.5,5.5,5.5,100,0
AIFU.US,5,20250904,181000,5.5,5.6,5.5,5.6,2500,0
AIFU.US,5,20250904,181500,5.51,5.51,5.5,5.51,400,0
AIFU.US,5,20250904,182000,5.4389,5.4389,5.4389,5.4389,188,0
AIFU.US,5,20250904,182500,5.5,5.83,5.5,5.665,6352,0
AIFU.US,5,20250904,183000,5.58,5.66,5.58,5.66,332,0
AIFU.US,5,20250904,184000,5.62,5.62,5.62,5.62,100,0
AIFU.US,5,20250904,184500,5.6201,5.6201,5.62,5.62,200,0
AIFU.US,5,20250904,185000,5.765,5.765,5.765,5.765,200,0
AIFU.US,5,20250904,185500,5.76,5.76,5.76,5.76,200,0
AIFU.US,5,20250904,192500,5.745,5.7714,5.745,5.7714,1400,0
AIFU.US,5,20250904,193000,5.82,5.83,5.735,5.735,444,0
AIFU.US,5,20250904,194500,5.68,5.68,5.68,5.68,346,0
AIFU.US,5,20250904,200000,5.72,5.72,5.7,5.7,1226,0
AIFU.US,5,20250904,201500,5.7215,5.7215,5.7215,5.7215,126,0
AIFU.US,5,20250904,202500,5.71,5.805,5.7,5.7,941,0
AIFU.US,5,20250904,205500,5.63,5.63,5.63,5.63,1254,0
AIFU.US,5,20250904,212000,5.91,5.91,5.91,5.91,100,0
AIFU.US,5,20250904,214500,5.7828,5.7828,5.7828,5.7828,100,0
AIFU.US,5,20250904,215500,5.87,5.89,5.87,5.89,751,0
AIFU.US,5,20250905,153000,5.83,5.83,5.62,5.62,1808,0
AIFU.US,5,20250905,153500,5.735,5.735,5.6257,5.73,1100,0
AIFU.US,5,20250905,154000,5.7128,5.7128,5.71,5.71,600,0
AIFU.US,5,20250905,160000,5.75,5.75,5.75,5.75,200,0
AIFU.US,5,20250905,160500,5.73,5.73,5.73,5.73,250,0
AIFU.US,5,20250905,170000,5.73,5.73,5.73,5.73,200,0
AIFU.US,5,20250905,171500,5.74,5.74,5.74,5.74,480,0
AIFU.US,5,20250905,173500,5.8,5.8,5.7681,5.7681,1100,0
AIFU.US,5,20250905,175000,5.81,5.81,5.805,5.81,1020,0
AIFU.US,5,20250905,175500,5.85,5.95,5.85,5.95,638,0
AIFU.US,5,20250905,182500,5.7543,5.7543,5.7543,5.7543,165,0
AIFU.US,5,20250905,194500,5.7913,5.7913,5.7913,5.7913,100,0
AIFU.US,5,20250905,195500,5.77,5.77,5.751,5.751,200,0
AIFU.US,5,20250905,212000,5.995,5.995,5.995,5.995,1854,0
AIFU.US,5,20250905,213000,6.07,6.1,6.07,6.1,200,0
AIFU.US,5,20250905,213500,6.1,6.1,6.1,6.1,200,0
AIFU.US,5,20250905,215500,6.3697,6.3697,6.06,6.2,691,0
AIFU.US,5,20250908,153000,6.33,6.33,6.33,6.33,500,0
AIFU.US,5,20250908,153500,6.33,6.46,6.33,6.46,1822,0
AIFU.US,5,20250908,154000,6.42,6.4547,6.4,6.4062,1705,0
AIFU.US,5,20250908,155000,6.4135,6.55,6.4135,6.55,1161,0
AIFU.US,5,20250908,155500,6.63,6.63,6.63,6.63,100,0
AIFU.US,5,20250908,160500,6.6,6.6,6.6,6.6,470,0
AIFU.US,5,20250908,161000,6.745,6.77,6.67,6.67,637,0
AIFU.US,5,20250908,161500,6.98,6.98,6.8,6.8,251,0
AIFU.US,5,20250908,164000,6.7836,6.7836,6.777,6.777,1381,0
AIFU.US,5,20250908,164500,6.7,6.7,6.7,6.7,101,0
AIFU.US,5,20250908,171000,6.7,6.7,6.7,6.7,1999,0
AIFU.US,5,20250908,174000,6.77,6.96,6.77,6.94,700,0
AIFU.US,5,20250908,174500,6.94,6.94,6.94,6.94,350,0
AIFU.US,5,20250908,175000,6.9399,6.9399,6.9399,6.9399,209,0
AIFU.US,5,20250908,180000,6.94,6.94,6.7,6.7,1200,0
AIFU.US,5,20250908,182000,6.68,6.68,6.68,6.68,100,0
AIFU.US,5,20250908,183500,6.4,6.67,6.4,6.67,1427,0
AIFU.US,5,20250908,190500,6.75,6.75,6.75,6.75,368,0
AIFU.US,5,20250908,192500,6.67,6.67,6.67,6.67,145,0
AIFU.US,5,20250908,194000,6.57,6.57,6.57,6.57,900,0
AIFU.US,5,20250908,194500,6.49,6.49,6.49,6.49,151,0
AIFU.US,5,20250908,200500,6.49,6.49,6.49,6.49,250,0
AIFU.US,5,20250908,201000,6.57,6.57,6.57,6.57,100,0
AIFU.US,5,20250908,202500,6.56,6.58,6.56,6.58,400,0
AIFU.US,5,20250908,205000,6.74,6.74,6.74,6.74,200,0
AIFU.US,5,20250908,211500,6.42,6.42,6.42,6.42,500,0
AIFU.US,5,20250908,213500,6.42,6.42,6.42,6.42,100,0
AIFU.US,5,20250908,215500,6.47,6.47,6.47,6.47,239,0
AIFU.US,5,20250909,153000,6.4,6.49,6.4,6.45,2163,0
AIFU.US,5,20250909,153500,6.41,6.4245,6.38,6.38,1004,0
AIFU.US,5,20250909,154500,6.26,6.26,6.01,6.23,1840,0
AIFU.US,5,20250909,155000,6.03,6.0701,6.03,6.0701,300,0
AIFU.US,5,20250909,155500,6.12,6.5525,6.07,6.19,2888,0
AIFU.US,5,20250909,160000,6.27,6.4,6.22,6.4,500,0
AIFU.US,5,20250909,161000,6.36,6.36,6.36,6.36,100,0
AIFU.US,5,20250909,161500,6.16,6.16,6.16,6.16,100,0
AIFU.US,5,20250909,162000,6.34,6.37,6.2,6.2,500,0
AIFU.US,5,20250909,163000,6.7,6.7,6.7,6.7,250,0
AIFU.US,5,20250909,170500,6.295,6.295,6.295,6.295,500,0
AIFU.US,5,20250909,172500,6.38,6.38,6.19,6.19,600,0
AIFU.US,5,20250909,174000,6.5,6.5,6.5,6.5,250,0
AIFU.US,5,20250909,193000,6.21,6.22,6.21,6.21,300,0
AIFU.US,5,20250909,195000,6.3,6.3,6.3,6.3,500,0
AIFU.US,5,20250909,200500,6.3,6.3,6.3,6.3,100,0
AIFU.US,5,20250909,204500,6.12,6.12,5.96,5.96,1200,0
AIFU.US,5,20250909,205000,5.96,6.1499,5.96,6.1499,2100,0
AIFU.US,5,20250909,210500,6.14,6.14,6.14,6.14,170,0
AIFU.US,5,20250909,211500,6.15,6.15,6.15,6.15,200,0
AIFU.US,5,20250909,212500,6.15,6.15,6.15,6.15,227,0
AIFU.US,5,20250909,215500,6.17,6.17,6.17,6.17,200,0
AIFU.US,5,20250910,153000,6.17,6.18,5.95,6.0163,8349,0
AIFU.US,5,20250910,154000,6.0479,6.25,6.0479,6.25,349,0
AIFU.US,5,20250910,155000,6,6,6,6,2000,0
AIFU.US,5,20250910,155500,5.82,5.9351,5.7601,5.7601,1840,0
AIFU.US,5,20250910,160000,5.9019,5.9019,5.9019,5.9019,1211,0
AIFU.US,5,20250910,161500,5.97,5.97,5.97,5.97,190,0
AIFU.US,5,20250910,162000,5.94,5.94,5.94,5.94,100,0
AIFU.US,5,20250910,172500,6.08,6.08,6.08,6.08,225,0
AIFU.US,5,20250910,173500,6.135,6.135,6.135,6.135,400,0
AIFU.US,5,20250910,175000,6.18,6.2,6.18,6.2,573,0
AIFU.US,5,20250910,175500,6.18,6.2,6.18,6.19,800,0
AIFU.US,5,20250910,190500,6.23,6.23,6.23,6.23,100,0
AIFU.US,5,20250910,192500,6.29,6.29,6.29,6.29,108,0
AIFU.US,5,20250910,193500,6.22,6.22,6.22,6.22,100,0
AIFU.US,5,20250910,195000,6.2,6.2,6.2,6.2,200,0
AIFU.US,5,20250910,210000,6.1967,6.1967,6.1967,6.1967,1000,0
AIFU.US,5,20250910,212500,6.05,6.11,6.05,6.11,400,0
AIFU.US,5,20250910,214000,6.1314,6.1314,6.1314,6.1314,140,0
AIFU.US,5,20250910,215500,6.236,6.236,6.236,6.236,333,0
AIFU.US,5,20250911,160000,6.0524,6.0524,6.0524,6.0524,300,0
AIFU.US,5,20250911,162500,6.18,6.18,6.18,6.18,200,0
AIFU.US,5,20250911,171000,6.4768,6.4768,6.4768,6.4768,100,0
AIFU.US,5,20250911,172000,6.34,6.34,6.34,6.34,200,0
AIFU.US,5,20250911,173000,6.4636,6.4636,6.4636,6.4636,1000,0
AIFU.US,5,20250911,174000,6.46,6.46,6.46,6.46,200,0
AIFU.US,5,20250911,180500,6.355,6.355,6.355,6.355,100,0
AIFU.US,5,20250911,183000,6.2423,6.2423,6.2423,6.2423,224,0
AIFU.US,5,20250911,185000,6.355,6.355,6.355,6.355,129,0
AIFU.US,5,20250911,194000,6.3,6.3,6.3,6.3,1400,0
AIFU.US,5,20250911,203500,6.358,6.358,6.358,6.358,515,0
AIFU.US,5,20250911,215500,6.36,6.42,6.275,6.42,717,0
AIFU.US,5,20250912,153000,6.41,6.48,6.41,6.48,400,0
AIFU.US,5,20250912,153500,6.48,6.48,6.48,6.48,597,0
AIFU.US,5,20250912,154500,6.5597,6.5597,6.5597,6.5597,100,0
AIFU.US,5,20250912,160500,6.1,6.1,6.1,6.1,100,0
AIFU.US,5,20250912,161000,6.24,6.24,6.24,6.24,200,0
AIFU.US,5,20250912,174000,6.29,6.29,6.21,6.21,650,0
AIFU.US,5,20250912,175500,6.24,6.35,6.24,6.35,14825,0
AIFU.US,5,20250912,180500,6.41,6.41,6.41,6.41,500,0
AIFU.US,5,20250912,181500,6.29,6.29,6.29,6.29,100,0
AIFU.US,5,20250912,192500,6.4879,6.4879,6.4879,6.4879,174,0
AIFU.US,5,20250912,211000,6.4304,6.4304,6.27,6.27,1912,0
AIFU.US,5,20250912,211500,6.18,6.18,6.13,6.1499,2300,0
AIFU.US,5,20250912,212000,6.265,6.265,6.265,6.265,100,0
AIFU.US,5,20250912,213000,6.1385,6.1385,6.1385,6.1385,500,0
AIFU.US,5,20250912,214000,6.305,6.305,6.305,6.305,100,0
AIFU.US,5,20250912,214500,6.305,6.305,6.305,6.305,100,0
AIFU.US,5,20250912,215500,6.18,6.18,6.18,6.18,200,0
AIFU.US,5,20250915,153000,6.54,6.54,6.54,6.54,849,0
AIFU.US,5,20250915,154500,6.2156,6.2156,6.2156,6.2156,200,0
AIFU.US,5,20250915,155000,6.2256,6.2256,6.2256,6.2256,1099,0
AIFU.US,5,20250915,160000,6.25,6.25,6.25,6.25,693,0
AIFU.US,5,20250915,162000,6.3,6.3,6.3,6.3,100,0
AIFU.US,5,20250915,163500,6.27,6.27,6.26,6.26,1000,0
AIFU.US,5,20250915,170000,6.21,6.28,6.21,6.28,600,0
AIFU.US,5,20250915,170500,6.2103,6.2103,6.2103,6.2103,113,0
AIFU.US,5,20250915,172500,6.21,6.25,6.18,6.18,2211,0
AIFU.US,5,20250915,184500,6.1801,6.1801,6.1801,6.1801,100,0
AIFU.US,5,20250915,200000,6.3987,6.3987,6.3987,6.3987,100,0
AIFU.US,5,20250915,203000,6.18,6.18,6.17,6.17,200,0
AIFU.US,5,20250916,153000,6.16,6.22,6.16,6.22,552,0
AIFU.US,5,20250916,180500,6.08,6.08,6,6,1700,0
AIFU.US,5,20250916,181000,5.98,5.98,5.98,5.98,100,0
AIFU.US,5,20250916,184000,5.99,6.078,5.99,6.078,451,0
AIFU.US,5,20250916,203000,6.01,6.01,6,6,400,0
AIFU.US,5,20250916,205000,5.98,5.98,5.96,5.96,381,0
AIFU.US,5,20250916,211000,5.95,5.95,5.95,5.95,350,0
AIFU.US,5,20250916,211500,5.91,5.91,5.91,5.91,246,0
AIFU.US,5,20250916,212000,5.92,5.92,5.81,5.81,600,0
AIFU.US,5,20250916,212500,5.8,5.8,5.7017,5.8,2093,0
AIFU.US,5,20250916,213000,5.7145,5.78,5.6501,5.6501,3597,0
AIFU.US,5,20250916,214500,5.78,5.78,5.735,5.745,615,0
AIFU.US,5,20250916,215500,5.775,5.775,5.75,5.765,882,0
AIFU.US,5,20250917,153000,5.59,5.76,5.59,5.75,2135,0
AIFU.US,5,20250917,154000,5.6,5.66,5.6,5.65,1625,0
AIFU.US,5,20250917,155500,5.71,5.71,5.685,5.685,640,0
AIFU.US,5,20250917,160000,5.7,5.77,5.69,5.7698,800,0
AIFU.US,5,20250917,160500,5.77,5.85,5.77,5.85,200,0
AIFU.US,5,20250917,161500,6.005,6.1442,6.005,6.1442,600,0
AIFU.US,5,20250917,162000,6.1765,6.1765,6.1765,6.1765,100,0
AIFU.US,5,20250917,162500,5.83,5.83,5.83,5.83,119,0
AIFU.US,5,20250917,163500,5.77,5.8775,5.61,5.61,1677,0
AIFU.US,5,20250917,183500,6.06,6.06,6.06,6.06,100,0
AIFU.US,5,20250917,184500,5.8491,5.8491,5.8491,5.8491,100,0
AIFU.US,5,20250917,192000,5.86,5.86,5.85,5.85,598,0
AIFU.US,5,20250917,200500,5.85,5.89,5.85,5.89,200,0
AIFU.US,5,20250917,201000,6.0097,6.0097,6.0097,6.0097,157,0
AIFU.US,5,20250917,201500,5.85,5.85,5.85,5.85,100,0
AIFU.US,5,20250917,204000,6.02,6.02,6,6,400,0
AIFU.US,5,20250917,210500,5.93,5.93,5.93,5.93,100,0
AIFU.US,5,20250917,211000,5.95,5.95,5.95,5.95,400,0
AIFU.US,5,20250917,214500,5.95,5.95,5.95,5.95,200,0
AIFU.US,5,20250917,215000,6.0024,6.0024,6.0024,6.0024,100,0
AIFU.US,5,20250918,153000,5.98,6.32,5.98,6.08,6630,0
AIFU.US,5,20250918,153500,6.08,6.08,6,6,7273,0
AIFU.US,5,20250918,154000,6,6,6,6,2967,0
AIFU.US,5,20250918,154500,5.795,5.8,5.795,5.8,1200,0
AIFU.US,5,20250918,155500,5.8,5.86,5.8,5.85,300,0
AIFU.US,5,20250918,160000,5.815,5.905,5.68,5.84,27842,0
AIFU.US,5,20250918,160500,5.815,5.845,5.69,5.815,25471,0
AIFU.US,5,20250918,174000,5.8613,5.8613,5.8613,5.8613,157,0
AIFU.US,5,20250918,174500,5.92,5.92,5.92,5.92,100,0
AIFU.US,5,20250918,175000,5.9999,5.9999,5.9984,5.9984,811,0
AIFU.US,5,20250918,181000,5.8615,5.935,5.8615,5.935,396,0
AIFU.US,5,20250918,182000,5.98,5.98,5.98,5.98,100,0
AIFU.US,5,20250918,185000,5.9913,5.9913,5.9913,5.9913,150,0
AIFU.US,5,20250918,192500,6.07,6.07,6.07,6.07,100,0
AIFU.US,5,20250918,193000,6.18,6.18,6.16,6.16,300,0
AIFU.US,5,20250918,193500,6.17,6.17,6.17,6.17,100,0
AIFU.US,5,20250918,212500,6.18,6.2124,6.18,6.2124,2600,0
AIFU.US,5,20250918,213000,6.22,6.22,6.22,6.22,104,0
AIFU.US,5,20250919,155500,6.47,6.545,6.4,6.4419,14768,0
AIFU.US,5,20250919,163500,6.6399,6.6399,6.6399,6.6399,380,0
AIFU.US,5,20250919,170500,6.3995,6.3995,6.3995,6.3995,500,0
AIFU.US,5,20250919,172000,6.38,6.38,6.38,6.38,500,0
AIFU.US,5,20250919,173000,6.3801,6.3801,6.37,6.37,400,0
AIFU.US,5,20250919,174000,6.38,6.38,6.38,6.38,500,0
AIFU.US,5,20250919,180000,6.35,6.35,6.35,6.35,100,0
AIFU.US,5,20250919,182500,6.38,6.38,6.18,6.18,24969,0
AIFU.US,5,20250919,183000,6.4,6.4,6.23,6.23,1207,0
AIFU.US,5,20250919,185000,6.13,6.13,6.1001,6.1001,2000,0
AIFU.US,5,20250919,190000,6.25,6.25,6.25,6.25,100,0
AIFU.US,5,20250919,191000,6.25,6.25,6.2,6.2,200,0
AIFU.US,5,20250919,191500,6.1,6.16,6.06,6.06,3390,0
AIFU.US,5,20250919,192500,6.11,6.12,6.11,6.12,295,0
AIFU.US,5,20250919,194000,6.0501,6.0501,6.0501,6.0501,170,0
AIFU.US,5,20250919,200500,6.23,6.23,6.23,6.23,200,0
AIFU.US,5,20250919,212000,6.4554,6.4554,6.4554,6.4554,350,0
AIFU.US,5,20250919,215000,6.46,6.52,6.29,6.52,1582,0
AIFU.US,5,20250919,215500,6.4,6.4192,6.39,6.39,1208,0
AIFU.US,5,20250922,154000,6.09,6.09,6.09,6.09,500,0
AIFU.US,5,20250922,165000,6.33,6.4,6.285,6.4,4000,0
AIFU.US,5,20250922,165500,6.38,6.38,6.38,6.38,300,0
AIFU.US,5,20250922,170500,6.35,6.37,6.35,6.37,400,0
AIFU.US,5,20250922,172000,6.3772,6.3772,6.3772,6.3772,200,0
AIFU.US,5,20250922,173000,6.24,6.24,6.05,6.09,28007,0
AIFU.US,5,20250922,173500,6.04,6.04,6.02,6.02,31139,0
AIFU.US,5,20250922,181000,6.01,6.01,5.88,5.88,1209,0
AIFU.US,5,20250922,181500,5.9782,5.9782,5.9782,5.9782,100,0
AIFU.US,5,20250922,182000,5.9782,5.9782,5.9782,5.9782,100,0
AIFU.US,5,20250922,185000,5.88,5.88,5.88,5.88,300,0
AIFU.US,5,20250922,190000,5.81,5.81,5.51,5.75,4856,0
AIFU.US,5,20250922,190500,5.82,5.82,5.82,5.82,100,0
AIFU.US,5,20250922,191500,5.845,5.845,5.845,5.845,1300,0
AIFU.US,5,20250922,192000,5.875,5.875,5.875,5.875,100,0
AIFU.US,5,20250922,193000,5.85,5.85,5.85,5.85,200,0
AIFU.US,5,20250922,194000,5.9,5.9,5.71,5.71,437,0
AIFU.US,5,20250922,195500,5.71,5.85,5.71,5.85,1100,0
AIFU.US,5,20250922,201500,5.78,5.78,5.78,5.78,100,0
AIFU.US,5,20250922,203000,5.78,5.78,5.73,5.73,1300,0
AIFU.US,5,20250922,203500,5.78,5.78,5.71,5.76,884,0
AIFU.US,5,20250922,204000,5.79,5.8,5.79,5.8,200,0
AIFU.US,5,20250922,205000,5.73,5.78,5.73,5.765,300,0
AIFU.US,5,20250922,210500,5.71,5.71,5.71,5.71,100,0
AIFU.US,5,20250922,211500,5.6938,5.6938,5.6938,5.6938,1000,0
AIFU.US,5,20250922,212000,5.6782,5.6782,5.6782,5.6782,100,0
AIFU.US,5,20250922,212500,5.52,5.52,5.52,5.52,100,0
AIFU.US,5,20250922,213500,5.6991,5.7,5.69,5.7,1700,0
AIFU.US,5,20250922,214000,5.77,5.77,5.77,5.77,100,0
AIFU.US,5,20250922,214500,5.765,5.765,5.765,5.765,100,0
AIFU.US,5,20250922,215000,5.7,5.7,5.5501,5.66,1600,0
AIFU.US,5,20250922,215500,5.63,5.63,5.63,5.63,107,0
AIFU.US,5,20250923,153000,5.79,5.79,5.78,5.78,514,0
AIFU.US,5,20250923,154000,5.855,5.855,5.855,5.855,100,0
AIFU.US,5,20250923,155000,5.9,5.9,5.855,5.9,800,0
AIFU.US,5,20250923,161500,5.89,5.89,5.89,5.89,1200,0
AIFU.US,5,20250923,162000,5.89,5.9,5.89,5.9,1200,0
AIFU.US,5,20250923,162500,5.95,6.01,5.94,5.95,11700,0
AIFU.US,5,20250923,164000,6.03,6.03,6,6.02,2620,0
AIFU.US,5,20250923,165000,6.0394,6.0394,6.0394,6.0394,100,0
AIFU.US,5,20250923,165500,6.06,6.1,6.06,6.1,502,0
AIFU.US,5,20250923,171000,6.09,6.12,6.08,6.08,800,0
AIFU.US,5,20250923,171500,6.06,6.1789,6.06,6.1789,3960,0
AIFU.US,5,20250923,172500,6.09,6.09,6.09,6.09,3313,0
AIFU.US,5,20250923,173000,6.09,6.09,6.09,6.09,3586,0
AIFU.US,5,20250923,174500,6.0911,6.0911,6.0911,6.0911,500,0
AIFU.US,5,20250923,180000,6.1006,6.1006,6.1006,6.1006,1300,0
AIFU.US,5,20250923,180500,6.1109,6.1109,6.1109,6.1109,500,0
AIFU.US,5,20250923,183000,6.16,6.2,6.16,6.2,450,0
AIFU.US,5,20250923,184000,6.16,6.16,6.13,6.13,1400,0
AIFU.US,5,20250923,190500,6.17,6.26,6.17,6.23,900,0
AIFU.US,5,20250923,192500,6.28,6.28,6.265,6.28,330,0
AIFU.US,5,20250923,194000,6.4252,6.4252,6.4252,6.4252,130,0
AIFU.US,5,20250923,202000,6.2,6.2,6.2,6.2,200,0
AIFU.US,5,20250923,202500,6.22,6.22,6.22,6.22,100,0
AIFU.US,5,20250923,213500,6.175,6.175,6.1542,6.1542,360,0
AIFU.US,5,20250923,214000,6.14,6.14,6.12,6.13,300,0
AIFU.US,5,20250923,215500,6.0448,6.12,6.0448,6.11,528,0
AIFU.US,5,20250924,153000,5.94,6.23,5.94,6.23,643,0
AIFU.US,5,20250924,154000,5.945,5.945,5.945,5.945,600,0
AIFU.US,5,20250924,154500,5.81,5.855,5.53,5.53,12538,0
AIFU.US,5,20250924,155000,5.6,5.71,5.54,5.71,671,0
AIFU.US,5,20250924,155500,5.71,5.71,5.71,5.71,100,0
AIFU.US,5,20250924,160000,5.85,5.85,5.71,5.82,3120,0
AIFU.US,5,20250924,160500,5.71,5.71,5.71,5.71,778,0
AIFU.US,5,20250924,162000,5.8,5.8,5.8,5.8,200,0
AIFU.US,5,20250924,163000,5.6,5.6,5.6,5.6,100,0
AIFU.US,5,20250924,165500,5.61,5.61,5.61,5.61,100,0
AIFU.US,5,20250924,170000,5.7981,5.7981,5.705,5.705,272,0
AIFU.US,5,20250924,171000,5.7,5.7,5.7,5.7,1000,0
AIFU.US,5,20250924,174000,5.6851,5.6851,5.6851,5.6851,1000,0
AIFU.US,5,20250924,174500,5.65,5.69,5.65,5.69,1209,0
AIFU.US,5,20250924,175000,5.66,5.66,5.66,5.66,400,0
AIFU.US,5,20250924,180500,5.68,5.7,5.68,5.7,4411,0
AIFU.US,5,20250924,182000,5.6775,5.7,5.66,5.66,756,0
AIFU.US,5,20250924,183500,5.6733,5.6733,5.6733,5.6733,100,0
AIFU.US,5,20250924,184000,5.65,5.66,5.65,5.66,1668,0
AIFU.US,5,20250924,184500,5.68,5.68,5.68,5.68,200,0
AIFU.US,5,20250924,190000,5.75,5.75,5.75,5.75,100,0
AIFU.US,5,20250924,193000,5.675,5.675,5.675,5.675,300,0
AIFU.US,5,20250924,193500,5.68,5.7378,5.68,5.7378,210,0
AIFU.US,5,20250924,195500,5.7433,5.7433,5.7433,5.7433,300,0
AIFU.US,5,20250924,203000,5.75,5.75,5.68,5.75,2500,0
AIFU.US,5,20250924,204000,5.74,5.74,5.74,5.74,100,0
AIFU.US,5,20250924,214500,5.71,5.71,5.71,5.71,400,0
AIFU.US,5,20250924,215000,5.71,5.71,5.71,5.71,100,0
AIFU.US,5,20250924,215500,5.68,5.68,5.68,5.68,200,0
AIFU.US,5,20250925,153000,5.76,5.78,5.7,5.7,3496,0
AIFU.US,5,20250925,160000,5.6976,5.6976,5.6976,5.6976,2500,0
AIFU.US,5,20250925,172000,5.763,5.763,5.763,5.763,300,0
AIFU.US,5,20250925,183500,5.82,5.82,5.82,5.82,100,0
AIFU.US,5,20250925,184500,5.76,5.76,5.68,5.68,14634,0
AIFU.US,5,20250925,193000,5.75,5.75,5.61,5.65,1508,0
AIFU.US,5,20250925,193500,5.6,5.6,5.6,5.6,406,0
AIFU.US,5,20250925,214000,5.6,5.6,5.6,5.6,400,0
AIFU.US,5,20250925,215000,5.6,5.6,5.6,5.6,100,0
AIFU.US,5,20250925,215500,5.595,5.595,5.54,5.54,300,0
AIFU.US,5,20250926,153500,5.85,5.86,5.75,5.75,952,0
AIFU.US,5,20250926,154000,5.56,5.56,5.56,5.56,478,0
AIFU.US,5,20250926,154500,5.72,5.72,5.72,5.72,500,0
AIFU.US,5,20250926,155000,5.57,5.58,5.5601,5.57,3897,0
AIFU.US,5,20250926,161000,5.67,5.67,5.57,5.57,400,0
AIFU.US,5,20250926,161500,5.5,5.5,5.49,5.49,200,0
AIFU.US,5,20250926,164500,5.54,5.57,5.54,5.54,14000,0
AIFU.US,5,20250926,182500,5.54,5.54,5.23,5.315,5899,0
AIFU.US,5,20250926,194000,5.21,5.21,5.21,5.21,100,0
AIFU.US,5,20250926,212500,5.4,5.4,5.4,5.4,1000,0
AIFU.US,5,20250926,213000,5.42,5.42,5.3,5.3101,2939,0
AIFU.US,5,20250926,214500,5.28,5.28,5.28,5.28,500,0
AIFU.US,5,20250926,215500,5.26,5.26,5.26,5.26,100,0
AIFU.US,5,20250929,153000,5.26,5.26,5.26,5.26,264,0
AIFU.US,5,20250929,154000,5.5404,5.5404,5.5404,5.5404,220,0
AIFU.US,5,20250929,154500,5.27,5.27,5.26,5.27,952,0
AIFU.US,5,20250929,160000,5.24,5.24,5.225,5.225,1142,0
AIFU.US,5,20250929,160500,5.1636,5.1636,5.1636,5.1636,302,0
AIFU.US,5,20250929,162000,5.11,5.11,5.1,5.1012,588,0
AIFU.US,5,20250929,162500,5.055,5.055,5.055,5.055,100,0
AIFU.US,5,20250929,163000,5.08,5.1,5.08,5.1,793,0
AIFU.US,5,20250929,165000,5.15,5.15,5.15,5.15,329,0
AIFU.US,5,20250929,182000,5.16,5.16,5.05,5.05,1702,0
AIFU.US,5,20250929,182500,5.06,5.1,5.06,5.06,3100,0
AIFU.US,5,20250929,191500,5.0933,5.0933,5.0933,5.0933,1000,0
AIFU.US,5,20250929,193000,5.09,5.09,5.08,5.08,831,0
AIFU.US,5,20250929,193500,5.16,5.16,5.16,5.16,200,0
AIFU.US,5,20250929,214500,5.1219,5.1219,5.1219,5.1219,100,0
AIFU.US,5,20250930,161000,5.0759,5.0759,5.0759,5.0759,109,0
AIFU.US,5,20250930,164000,5.256,5.256,5.256,5.256,650,0
AIFU.US,5,20250930,164500,5.21,5.28,5.21,5.28,5443,0
AIFU.US,5,20250930,165000,5.28,5.28,5.17,5.17,2461,0
AIFU.US,5,20250930,174500,5.17,5.17,5.17,5.17,154,0
AIFU.US,5,20250930,183000,5.165,5.165,5.165,5.165,100,0
AIFU.US,5,20250930,185500,5.17,5.18,5.17,5.18,588,0
AIFU.US,5,20250930,190000,5.235,5.235,5.235,5.235,200,0
AIFU.US,5,20250930,215500,5.12,5.23,5.12,5.23,305,0
AIFU.US,5,20251001,153000,5.26,5.26,5.26,5.26,100,0
AIFU.US,5,20251001,154000,5.23,5.23,5.23,5.23,100,0
AIFU.US,5,20251001,161000,5.2,5.2,5.2,5.2,2000,0
AIFU.US,5,20251001,161500,5.22,5.29,5.22,5.29,1562,0
AIFU.US,5,20251001,163500,5.31,5.31,5.31,5.31,100,0
AIFU.US,5,20251001,170500,5.295,5.295,5.295,5.295,100,0
AIFU.US,5,20251001,174000,5.3,5.35,5.3,5.34,1400,0
AIFU.US,5,20251001,182500,5.1364,5.1364,5.1364,5.1364,350,0
AIFU.US,5,20251001,183000,5.14,5.14,5.14,5.14,550,0
AIFU.US,5,20251001,192000,5.34,5.35,5.34,5.35,300,0
AIFU.US,5,20251001,201000,5.445,5.445,5.445,5.445,100,0
AIFU.US,5,20251001,202500,5.445,5.46,5.445,5.45,300,0
AIFU.US,5,20251001,203500,5.44,5.44,5.44,5.44,200,0
AIFU.US,5,20251001,205500,5.46,5.46,5.45,5.45,300,0
AIFU.US,5,20251001,214000,5.43,5.4301,5.43,5.43,8307,0
AIFU.US,5,20251001,215500,5.355,5.355,5.355,5.355,100,0
AIFU.US,5,20251002,153000,5.36,5.87,5.36,5.8404,2714,0
AIFU.US,5,20251002,154500,5.555,5.72,5.555,5.72,200,0
AIFU.US,5,20251002,170500,5.6572,5.66,5.6572,5.66,500,0
AIFU.US,5,20251002,171500,5.63,5.63,5.63,5.63,100,0
AIFU.US,5,20251002,172500,5.64,5.64,5.64,5.64,100,0
AIFU.US,5,20251002,173000,5.64,5.64,5.64,5.64,100,0
AIFU.US,5,20251002,180500,5.59,5.59,5.59,5.59,200,0
AIFU.US,5,20251002,201500,5.49,5.49,5.49,5.49,100,0
AIFU.US,5,20251002,211000,5.47,5.53,5.46,5.53,800,0
AIFU.US,5,20251002,212000,5.54,5.54,5.54,5.54,100,0
AIFU.US,5,20251002,215500,5.47,5.47,5.47,5.47,100,0
AIFU.US,5,20251003,153000,5.5625,5.5625,5.5625,5.5625,100,0
AIFU.US,5,20251003,154000,5.56,5.56,5.56,5.56,200,0
AIFU.US,5,20251003,155000,5.56,5.56,5.56,5.56,509,0
AIFU.US,5,20251003,164500,5.56,5.56,5.56,5.56,1000,0
AIFU.US,5,20251003,171500,5.66,5.66,5.66,5.66,200,0
AIFU.US,5,20251003,173000,5.65,5.65,5.65,5.65,100,0
AIFU.US,5,20251003,173500,5.66,5.7,5.66,5.7,600,0
AIFU.US,5,20251003,174000,5.72,5.72,5.72,5.72,1000,0
AIFU.US,5,20251003,174500,5.87,5.87,5.87,5.87,597,0
AIFU.US,5,20251003,180000,5.57,5.57,5.57,5.57,580,0
AIFU.US,5,20251003,180500,5.76,5.81,5.75,5.75,510,0
AIFU.US,5,20251003,191500,5.7738,5.7843,5.7738,5.7843,800,0
AIFU.US,5,20251003,203000,5.665,5.665,5.52,5.52,1526,0
AIFU.US,5,20251003,212000,5.5321,5.5321,5.5321,5.5321,810,0
AIFU.US,5,20251003,215500,5.71,5.71,5.71,5.71,277,0
AIFU.US,5,20251006,153000,5.76,5.76,5.6001,5.6001,747,0
AIFU.US,5,20251006,160000,5.6,5.6,5.6,5.6,1000,0
AIFU.US,5,20251006,161500,5.54,5.54,5.54,5.54,100,0
AIFU.US,5,20251006,171000,5.57,5.57,5.57,5.57,100,0
AIFU.US,5,20251006,171500,5.5,5.5,5.4319,5.49,2807,0
AIFU.US,5,20251006,180000,5.5,5.5,5.5,5.5,2500,0
AIFU.US,5,20251006,184500,5.59,5.59,5.59,5.59,400,0
AIFU.US,5,20251006,193500,5.6,5.6,5.6,5.6,100,0
AIFU.US,5,20251006,205000,5.575,5.575,5.575,5.575,150,0
AIFU.US,5,20251006,210000,5.62,5.62,5.62,5.62,100,0
AIFU.US,5,20251006,211000,5.62,5.62,5.62,5.62,100,0
AIFU.US,5,20251006,211500,5.62,5.62,5.62,5.62,100,0
AIFU.US,5,20251006,215500,5.6,5.6,5.6,5.6,200,0
AIFU.US,5,20251007,153000,5.72,5.72,5.72,5.72,143,0
AIFU.US,5,20251007,154000,5.37,5.37,5.37,5.37,105,0
AIFU.US,5,20251007,160000,5.6,5.6,5.6,5.6,100,0
AIFU.US,5,20251007,160500,5.54,5.54,5.54,5.54,300,0
AIFU.US,5,20251007,163500,5.5753,5.5753,5.5753,5.5753,2180,0
AIFU.US,5,20251007,164000,5.67,5.67,5.67,5.67,200,0
AIFU.US,5,20251007,172000,5.68,5.68,5.68,5.68,100,0
AIFU.US,5,20251007,173000,5.68,5.68,5.6,5.6,521,0
AIFU.US,5,20251007,180000,5.56,5.5601,5.45,5.45,1380,0
AIFU.US,5,20251007,183500,5.39,5.39,5.3808,5.3808,803,0
AIFU.US,5,20251007,185000,5.4,5.4,5.4,5.4,110,0
AIFU.US,5,20251007,185500,5.49,5.65,5.465,5.65,3840,0
AIFU.US,5,20251007,190000,5.6,5.62,5.52,5.53,2110,0
AIFU.US,5,20251007,190500,5.66,5.67,5.45,5.51,2842,0
AIFU.US,5,20251007,191000,5.5,5.64,5.47,5.64,2200,0
AIFU.US,5,20251007,191500,5.46,5.58,5.4,5.43,1000,0
AIFU.US,5,20251007,192000,5.57,5.57,5.38,5.38,2480,0
AIFU.US,5,20251007,193500,5.5,5.5,5.5,5.5,100,0
AIFU.US,5,20251007,215500,5.38,5.38,5.38,5.38,100,0
AIFU.US,5,20251008,153000,5.37,5.37,5.37,5.37,1418,0
AIFU.US,5,20251008,160000,5.38,5.39,5.34,5.34,731,0
AIFU.US,5,20251008,161500,5.19,5.19,5.19,5.19,2000,0
AIFU.US,5,20251008,164500,5.2875,5.2875,5.2875,5.2875,300,0
AIFU.US,5,20251008,171500,5.25,5.25,5.25,5.25,100,0
AIFU.US,5,20251008,173000,5.25,5.385,5.25,5.385,1402,0
AIFU.US,5,20251008,182000,5.36,5.36,5.36,5.36,100,0
AIFU.US,5,20251008,193500,5.48,5.48,5.48,5.48,100,0
AIFU.US,5,20251008,215500,5.33,5.33,5.33,5.33,234,0
AIFU.US,5,20251009,165500,5.7,5.7,5.7,5.7,100,0
AIFU.US,5,20251009,173500,5.6,5.6,5.6,5.6,2000,0
AIFU.US,5,20251009,174000,5.4294,5.4294,5.4294,5.4294,271,0
AIFU.US,5,20251009,180000,5.4,5.4,5.4,5.4,300,0
AIFU.US,5,20251009,182000,5.64,5.64,5.64,5.64,100,0
AIFU.US,5,20251009,195000,5.4245,5.4245,5.4245,5.4245,100,0
AIFU.US,5,20251009,195500,5.61,5.61,5.61,5.61,100,0
AIFU.US,5,20251009,200500,5.55,5.55,5.55,5.55,100,0
AIFU.US,5,20251009,214500,5.51,5.51,5.51,5.51,818,0
AIFU.US,5,20251010,153000,5.62,5.62,5.62,5.62,500,0
AIFU.US,5,20251010,164500,5.5,5.6,5.5,5.6,400,0
AIFU.US,5,20251010,165500,5.61,5.61,5.61,5.61,100,0
AIFU.US,5,20251010,171000,5.41,5.41,5.2,5.2,2040,0
AIFU.US,5,20251010,180500,5.2,5.22,5.2,5.22,200,0
AIFU.US,5,20251010,182500,5.53,5.53,5.53,5.53,100,0
AIFU.US,5,20251010,185500,5.2091,5.2091,5.2091,5.2091,377,0
AIFU.US,5,20251010,201500,5.23,5.23,5.16,5.16,3283,0
AIFU.US,5,20251010,204000,5.11,5.11,5.11,5.11,100,0
AIFU.US,5,20251010,210500,5.03,5.03,5.03,5.03,100,0
AIFU.US,5,20251010,215500,5.03,5.03,5,5,400,0
AIFU.US,5,20251013,153000,5.09,5.09,5.05,5.05,327,0
AIFU.US,5,20251013,154000,5,5,5,5,100,0
AIFU.US,5,20251013,161000,5.01,5.01,5,5,548,0
AIFU.US,5,20251013,171000,4.97,4.97,4.9,4.9,371,0
AIFU.US,5,20251013,184000,4.58,4.63,4.58,4.58,3685,0
AIFU.US,5,20251013,195500,4.62,4.62,4.6,4.62,300,0
AIFU.US,5,20251013,200500,4.605,4.605,4.49,4.5,2119,0
AIFU.US,5,20251013,201000,4.4001,4.42,4.4,4.4,1690,0
AIFU.US,5,20251013,203500,4.517,4.517,4.517,4.517,100,0
AIFU.US,5,20251013,213500,4.405,4.5,4.405,4.5,2488,0
AIFU.US,5,20251013,214000,4.55,4.55,4.46,4.46,600,0
AIFU.US,5,20251013,214500,4.41,4.41,4.41,4.41,290,0
AIFU.US,5,20251014,153000,4.49,4.49,4.49,4.49,122,0
AIFU.US,5,20251014,153500,4.519,4.67,4.519,4.67,341,0
AIFU.US,5,20251014,154000,4.5941,4.5941,4.5941,4.5941,100,0
AIFU.US,5,20251014,154500,4.59,4.59,4.49,4.49,2153,0
AIFU.US,5,20251014,160000,4.445,4.445,4.445,4.445,500,0
AIFU.US,5,20251014,163000,4.4235,4.4235,4.4235,4.4235,122,0
AIFU.US,5,20251014,164000,4.4806,4.4806,4.4806,4.4806,180,0
AIFU.US,5,20251014,172500,4.4468,4.47,4.4468,4.47,436,0
AIFU.US,5,20251014,175000,4.34,4.34,4.34,4.34,100,0
AIFU.US,5,20251014,180000,4.34,4.34,4.34,4.34,999,0
AIFU.US,5,20251014,182000,4.32,4.32,4.28,4.28,1433,0
AIFU.US,5,20251014,183500,4.48,4.76,4.37,4.76,2166,0
AIFU.US,5,20251014,184000,4.76,4.8,4.76,4.8,4094,0
AIFU.US,5,20251014,211000,4.42,4.46,4.42,4.46,500,0
AIFU.US,5,20251014,213000,4.22,4.22,4.22,4.22,100,0
AIFU.US,5,20251014,215000,4.36,4.36,4.36,4.36,100,0
AIFU.US,5,20251014,215500,4.395,4.4025,4.395,4.4025,200,0
AIFU.US,5,20251015,155000,4.75,4.75,4.75,4.75,1100,0
AIFU.US,5,20251015,160000,4.5128,4.5128,4.5128,4.5128,146,0
AIFU.US,5,20251015,163000,4.57,4.57,4.57,4.57,100,0
AIFU.US,5,20251015,170000,4.6,4.6,4.6,4.6,139,0
AIFU.US,5,20251015,173000,4.6,4.6,4.6,4.6,300,0
AIFU.US,5,20251015,175000,4.33,4.45,4.33,4.45,700,0
AIFU.US,5,20251015,205000,4.5429,4.5429,4.5429,4.5429,200,0
AIFU.US,5,20251015,205500,4.5736,4.5736,4.5736,4.5736,140,0
AIFU.US,5,20251016,181000,4.5,4.5,4.5,4.5,291,0
AIFU.US,5,20251016,191500,4.4,4.4,4.4,4.4,1004,0
AIFU.US,5,20251017,153000,4.455,4.455,4.455,4.455,100,0
AIFU.US,5,20251017,154500,4.42,4.42,4.41,4.41,500,0
AIFU.US,5,20251017,162500,4.23,4.24,4.19,4.19,1108,0
AIFU.US,5,20251017,165000,4.19,4.2,4.13,4.14,1200,0
AIFU.US,5,20251017,170000,4.1299,4.1299,4.1299,4.1299,191,0
AIFU.US,5,20251017,170500,4.055,4.1,4.0505,4.0505,600,0
AIFU.US,5,20251017,171000,4.28,4.28,4.28,4.28,400,0
AIFU.US,5,20251017,171500,4.0746,4.0746,4.0746,4.0746,140,0
AIFU.US,5,20251017,175500,4.3,4.3,4.3,4.3,100,0
AIFU.US,5,20251017,184000,4.21,4.21,4.1,4.1,3052,0
AIFU.US,5,20251017,190500,4.15,4.15,4.1001,4.1001,900,0
AIFU.US,5,20251017,202000,4.1305,4.1305,4.1305,4.1305,162,0
AIFU.US,5,20251017,210500,4.2425,4.3027,4.2425,4.3027,250,0
AIFU.US,5,20251020,153000,4.16,4.16,4.16,4.16,581,0
AIFU.US,5,20251020,154500,4.21,4.21,4.21,4.21,100,0
AIFU.US,5,20251020,160500,4.24,4.24,4.24,4.24,100,0
AIFU.US,5,20251020,161500,4.0652,4.0652,4.0652,4.0652,1687,0
AIFU.US,5,20251020,162000,4.21,4.21,4.21,4.21,108,0
AIFU.US,5,20251020,180000,4.2867,4.2867,4.23,4.2867,600,0
AIFU.US,5,20251020,180500,4.3,4.3,4.3,4.3,100,0
AIFU.US,5,20251020,181500,4.24,4.24,4.24,4.24,100,0
AIFU.US,5,20251020,211000,4.14,4.14,4.0428,4.0428,1454,0
AIFU.US,5,20251020,212000,4.19,4.19,4.19,4.19,3446,0
AIFU.US,5,20251020,215000,4.1,4.1,4.1,4.1,321,0
AIFU.US,5,20251021,154000,4.3,4.31,4.3,4.3,1827,0
AIFU.US,5,20251021,154500,4.38,4.38,4.38,4.38,100,0
AIFU.US,5,20251021,155500,4.31,4.31,4.31,4.31,713,0
AIFU.US,5,20251021,160000,4.35,4.35,4.35,4.35,100,0
AIFU.US,5,20251021,162500,4.345,4.39,4.345,4.37,800,0
AIFU.US,5,20251021,163500,4.39,4.39,4.39,4.39,250,0
AIFU.US,5,20251021,172500,4.5105,4.5105,4.5105,4.5105,250,0
AIFU.US,5,20251021,173500,4.51,4.51,4.51,4.51,100,0
AIFU.US,5,20251021,175000,4.57,4.57,4.57,4.57,100,0
AIFU.US,5,20251021,180000,4.5968,4.5968,4.5968,4.5968,137,0
AIFU.US,5,20251021,190000,4.59,4.59,4.59,4.59,1000,0
AIFU.US,5,20251021,190500,4.59,4.59,4.59,4.59,100,0
AIFU.US,5,20251021,202000,4.6,4.6,4.6,4.6,300,0
AIFU.US,5,20251021,202500,4.575,4.64,4.575,4.64,200,0
AIFU.US,5,20251021,203000,4.5685,4.77,4.5685,4.58,3728,0
AIFU.US,5,20251021,205500,4.7156,4.7156,4.7156,4.7156,121,0
AIFU.US,5,20251021,213000,4.71,4.71,4.71,4.71,100,0
AIFU.US,5,20251021,215500,4.61,4.67,4.61,4.67,1134,0
AIFU.US,5,20251022,153000,4.67,4.67,4.67,4.67,162,0
AIFU.US,5,20251022,170000,4.705,4.705,4.62,4.62,400,0
AIFU.US,5,20251022,172500,4.77,4.78,4.77,4.78,200,0
AIFU.US,5,20251022,173000,4.79,4.79,4.79,4.79,100,0
AIFU.US,5,20251022,183000,4.9225,4.9225,4.9225,4.9225,600,0
AIFU.US,5,20251022,193500,4.77,4.77,4.77,4.77,100,0
AIFU.US,5,20251022,201500,4.87,4.87,4.87,4.87,138,0
AIFU.US,5,20251022,203000,4.76,4.76,4.76,4.76,100,0
AIFU.US,5,20251022,204500,4.77,4.77,4.77,4.77,100,0
AIFU.US,5,20251022,205000,4.78,4.78,4.78,4.78,100,0
AIFU.US,5,20251022,205500,4.85,4.87,4.85,4.87,688,0
AIFU.US,5,20251022,211000,4.87,4.87,4.86,4.86,300,0
AIFU.US,5,20251022,212000,4.89,4.89,4.87,4.87,325,0
AIFU.US,5,20251022,213500,4.85,4.85,4.85,4.85,139,0
AIFU.US,5,20251022,215500,4.85,4.85,4.85,4.85,682,0
AIFU.US,5,20251023,165000,5.38,5.38,5.38,5.38,100,0
AIFU.US,5,20251023,165500,5.18,5.18,5.18,5.18,100,0
AIFU.US,5,20251023,192000,4.86,4.86,4.86,4.86,100,0
AIFU.US,5,20251023,204500,4.89,4.89,4.89,4.89,200,0
AIFU.US,5,20251023,215500,4.96,4.96,4.96,4.96,100,0
AIFU.US,5,20251024,153000,4.85,4.85,4.79,4.79,278,0
AIFU.US,5,20251024,155000,5.093,5.1326,5.093,5.1326,600,0
AIFU.US,5,20251024,155500,5.15,5.15,5.15,5.15,250,0
AIFU.US,5,20251024,162000,5.15,5.15,5.15,5.15,295,0
AIFU.US,5,20251024,162500,5.14,5.14,4.87,4.87,1772,0
AIFU.US,5,20251024,164000,5.01,5.01,5.01,5.01,175,0
AIFU.US,5,20251024,164500,5.1,5.1,5.1,5.1,100,0
AIFU.US,5,20251024,170500,5.035,5.035,5.035,5.035,100,0
AIFU.US,5,20251024,174000,4.91,4.91,4.91,4.91,100,0
AIFU.US,5,20251024,213000,4.79,4.79,4.79,4.79,100,0
AIFU.US,5,20251024,215000,4.8,4.82,4.79,4.79,350,0
AIFU.US,5,20251027,143000,4.91,4.91,4.91,4.91,110,0
AIFU.US,5,20251027,144500,4.98,4.98,4.98,4.98,100,0
AIFU.US,5,20251027,145500,5.07,5.3,5.07,5.3,400,0
AIFU.US,5,20251027,151000,5.55,5.55,5.55,5.55,500,0
AIFU.US,5,20251027,152000,5.5192,5.5192,5.5192,5.5192,100,0
AIFU.US,5,20251027,152500,5.1,5.1,5.1,5.1,100,0
AIFU.US,5,20251027,153000,5.1109,5.1109,5.1109,5.1109,398,0
AIFU.US,5,20251027,161000,5.29,5.29,5.2,5.2302,820,0
AIFU.US,5,20251027,161500,5.29,5.2999,5.26,5.26,300,0
AIFU.US,5,20251027,184000,5.16,5.1855,5.15,5.15,2219,0
AIFU.US,5,20251027,184500,5,5,5,5,950,0
AIFU.US,5,20251027,193000,5.15,5.15,5.08,5.15,2400,0
AIFU.US,5,20251027,204000,5.08,5.08,5.08,5.08,148,0
AIFU.US,5,20251028,143000,5.15,5.15,5.15,5.15,340,0
AIFU.US,5,20251028,143500,5.175,5.175,5.175,5.175,300,0
AIFU.US,5,20251028,144000,5.175,5.3962,5.175,5.3962,690,0
AIFU.US,5,20251028,145000,5.2564,5.2564,5.22,5.22,200,0
AIFU.US,5,20251028,150500,5.25,5.25,5.25,5.25,300,0
AIFU.US,5,20251028,164500,5.26,5.26,5.25,5.25,250,0
AIFU.US,5,20251028,165500,5.2001,5.2001,5.2001,5.2001,100,0
AIFU.US,5,20251028,182500,5.2009,5.2009,5.2009,5.2009,100,0
AIFU.US,5,20251028,190000,5.35,5.35,5.2,5.2,1000,0
AIFU.US,5,20251028,193000,5.2739,5.2739,5.2739,5.2739,130,0
AIFU.US,5,20251028,205500,5.22,5.22,5.2,5.21,1000,0
AIFU.US,5,20251029,145000,4.9,4.9,4.9,4.9,1910,0
AIFU.US,5,20251029,150000,4.95,4.95,4.8,4.8,1976,0
AIFU.US,5,20251029,150500,4.81,4.81,4.81,4.81,112,0
AIFU.US,5,20251029,152500,4.85,4.85,4.85,4.85,100,0
AIFU.US,5,20251029,153000,4.81,4.81,4.81,4.81,400,0
AIFU.US,5,20251029,153500,4.825,4.84,4.825,4.84,300,0
AIFU.US,5,20251029,154000,4.825,4.85,4.825,4.825,400,0
AIFU.US,5,20251029,155000,5.1,5.1,5.1,5.1,300,0
AIFU.US,5,20251029,155500,5.1,5.1,5.1,5.1,200,0
AIFU.US,5,20251029,160000,5,5,4.9,4.9,600,0
AIFU.US,5,20251029,160500,5.02,5.02,5.02,5.02,261,0
AIFU.US,5,20251029,161000,5.0545,5.0545,5.0545,5.0545,1000,0
AIFU.US,5,20251029,161500,5,5,5,5,100,0
AIFU.US,5,20251029,163000,4.95,4.99,4.9,4.99,600,0
AIFU.US,5,20251029,163500,4.9,4.9,4.9,4.9,500,0
AIFU.US,5,20251029,172000,4.9,4.9,4.85,4.85,200,0
AIFU.US,5,20251029,172500,4.8,4.8,4.8,4.8,400,0
AIFU.US,5,20251029,173000,4.8216,4.8216,4.8216,4.8216,100,0
AIFU.US,5,20251029,175500,4.83,4.83,4.83,4.83,1053,0
AIFU.US,5,20251029,184000,4.72,4.72,4.72,4.72,500,0
AIFU.US,5,20251029,185000,4.72,4.72,4.72,4.72,366,0
AIFU.US,5,20251029,203500,4.7,4.7,4.7,4.7,197,0
AIFU.US,5,20251029,205500,4.72,4.72,4.72,4.72,500,0
AIFU.US,5,20251030,143000,4.73,4.73,4.72,4.72,1197,0
AIFU.US,5,20251030,145000,4.625,4.625,4.625,4.625,100,0
AIFU.US,5,20251030,152500,4.3352,4.3352,4.3352,4.3352,100,0
AIFU.US,5,20251030,163000,4.51,4.51,4.4,4.4,4422,0
AIFU.US,5,20251030,163500,4.44,4.44,4.44,4.44,100,0
AIFU.US,5,20251030,165000,4.41,4.43,4.3,4.3,1995,0
AIFU.US,5,20251030,173000,4.29,4.29,4.29,4.29,125,0
AIFU.US,5,20251030,180000,4.22,4.22,4.22,4.22,137,0
AIFU.US,5,20251031,143500,4.48,4.7,4.48,4.7,242,0
AIFU.US,5,20251031,144000,4.23,4.23,4.23,4.23,300,0
AIFU.US,5,20251031,145000,4.3735,4.3735,4.3735,4.3735,228,0
AIFU.US,5,20251031,202500,4.3938,4.3938,4.3938,4.3938,250,0
AIFU.US,5,20251103,154500,4.4945,4.4945,4.4945,4.4945,123,0
AIFU.US,5,20251103,155000,4.4802,4.4802,4.4802,4.4802,100,0
AIFU.US,5,20251104,153000,4.47,4.47,4.47,4.47,158,0
AIFU.US,5,20251104,154500,4.45,4.45,4.34,4.34,200,0
AIFU.US,5,20251104,155500,4.5,4.5,4.5,4.5,100,0
AIFU.US,5,20251104,215500,4.2992,4.2992,4.2992,4.2992,100,0
AIFU.US,5,20251105,170000,4.3,4.3,4.3,4.3,234,0
AIFU.US,5,20251105,193000,4.3,4.3,4.2927,4.2927,543,0
AIFU.US,5,20251106,160000,4.315,4.315,4.315,4.315,147,0
AIFU.US,5,20251106,165000,4.22,4.22,4.22,4.22,475,0
AIFU.US,5,20251106,174000,4.1,4.1,4,4,250,0
AIFU.US,5,20251106,181500,4.055,4.055,4.055,4.055,100,0
AIFU.US,5,20251106,191500,4.08,4.08,4.08,4.08,202,0
AIFU.US,5,20251106,194500,4.0801,4.195,4.08,4.195,550,0
AIFU.US,5,20251106,212000,4.11,4.11,4.11,4.11,1005,0
AIFU.US,5,20251107,160500,4,4,4,4,700,0
AIFU.US,5,20251107,161000,3.84,3.85,3.75,3.75,2067,0
AIFU.US,5,20251107,164000,3.9796,3.9796,3.9796,3.9796,185,0
AIFU.US,5,20251107,170500,3.9991,3.9991,3.9991,3.9991,100,0
AIFU.US,5,20251107,171000,3.8,3.8,3.8,3.8,1000,0
AIFU.US,5,20251107,173500,3.9679,3.9679,3.9679,3.9679,247,0
AIFU.US,5,20251107,174000,3.9,3.9,3.9,3.9,100,0
AIFU.US,5,20251107,175500,3.818,3.818,3.818,3.818,399,0
AIFU.US,5,20251107,180000,3.889,3.889,3.889,3.889,255,0
AIFU.US,5,20251107,203000,3.895,3.895,3.895,3.895,249,0
AIFU.US,5,20251107,215000,3.895,4,3.895,3.895,1450,0
AIFU.US,5,20251107,215500,3.8845,3.8845,3.8845,3.8845,100,0
AIFU.US,5,20251110,153000,4.03,4.03,4.03,4.03,110,0
AIFU.US,5,20251110,154000,4.02,4.02,4.02,4.02,200,0
AIFU.US,5,20251110,155500,4,4,4,4,187,0
AIFU.US,5,20251110,165000,4.17,4.5,4.17,4.45,3467,0
AIFU.US,5,20251110,172000,4.385,4.385,4.385,4.385,379,0
AIFU.US,5,20251110,172500,4.2801,4.2801,4.28,4.28,609,0
AIFU.US,5,20251110,174500,4.19,4.19,4.19,4.19,400,0
AIFU.US,5,20251111,162000,4.035,4.035,4.035,4.035,190,0
AIFU.US,5,20251112,165000,4.03,4.03,3.79,3.79,201,0
AIFU.US,5,20251112,183000,3.79,3.808,3.79,3.808,843,0
AIFU.US,5,20251112,191000,3.85,3.85,3.85,3.85,100,0
AIFU.US,5,20251112,195000,3.8499,3.8499,3.8499,3.8499,518,0
AIFU.US,5,20251112,212500,4.0199,4.0199,4.0199,4.0199,100,0
AIFU.US,5,20251112,213500,4,4,4,4,154,0
AIFU.US,5,20251114,153000,3.79,3.79,3.79,3.79,115,0
AIFU.US,5,20251114,175500,3.8,3.8,3.8,3.8,500,0
AIFU.US,5,20251114,180000,3.895,3.895,3.895,3.895,125,0
AIFU.US,5,20251114,215500,4.01,4.01,4,4.01,300,0
AIFU.US,5,20251117,164000,4.065,4.29,4.065,4.29,398,0
AIFU.US,5,20251117,164500,4.02,4.02,3.8301,4.02,974,0
AIFU.US,5,20251117,210500,3.85,3.85,3.85,3.85,200,0
AIFU.US,5,20251118,160000,3.83,3.83,3.83,3.83,300,0
AIFU.US,5,20251118,164500,3.84,3.84,3.84,3.84,100,0
AIFU.US,5,20251118,211000,3.83,3.83,3.83,3.83,102,0
AIFU.US,5,20251118,214500,3.91,4.42,3.9,4.4,4628,0
AIFU.US,5,20251118,215000,4.2,4.2,4.03,4.03,300,0
AIFU.US,5,20251119,161000,3.97,3.97,3.97,3.97,100,0
AIFU.US,5,20251119,173500,3.935,3.935,3.935,3.935,1210,0
AIFU.US,5,20251119,174500,3.9,3.9,3.9,3.9,2139,0
AIFU.US,5,20251119,175000,3.805,3.82,3.805,3.82,300,0
AIFU.US,5,20251119,175500,3.97,3.97,3.93,3.96,400,0
AIFU.US,5,20251119,180000,3.9,3.9,3.9,3.9,100,0
AIFU.US,5,20251119,211500,3.8,3.8,3.79,3.79,1493,0
AIFU.US,5,20251120,153000,3.8,3.8,3.8,3.8,102,0
AIFU.US,5,20251120,153500,3.7,3.7,3.69,3.69,631,0
AIFU.US,5,20251120,162000,3.51,3.51,3.5,3.5,1159,0
AIFU.US,5,20251120,162500,3.5832,3.5832,3.43,3.43,1327,0
AIFU.US,5,20251120,164000,3.3677,3.38,3.35,3.38,4300,0
AIFU.US,5,20251120,164500,3.42,3.42,3.42,3.42,100,0
AIFU.US,5,20251120,165000,3.4082,3.42,3.37,3.42,1192,0
AIFU.US,5,20251120,171500,3.6771,3.6771,3.6771,3.6771,400,0
AIFU.US,5,20251121,153000,3.27,3.27,3.27,3.27,469,0
AIFU.US,5,20251121,154000,3.3825,3.3825,3.3825,3.3825,284,0
AIFU.US,5,20251121,155500,3.4084,3.4084,3.4084,3.4084,300,0
AIFU.US,5,20251121,160000,3.326,3.326,3.326,3.326,171,0
AIFU.US,5,20251121,164500,3.375,3.375,3.375,3.375,174,0
AIFU.US,5,20251121,174000,3.375,3.375,3.375,3.375,100,0
AIFU.US,5,20251121,183000,3.3678,3.3678,3.3678,3.3678,141,0
AIFU.US,5,20251121,184500,3.375,3.375,3.375,3.375,141,0
AIFU.US,5,20251121,215500,3.33,3.33,3.3,3.3,235,0
AIFU.US,5,20251124,203500,3.11,3.11,2.99,2.99,833,0
AIFU.US,5,20251124,210000,2.9,2.9,2.8,2.8,1288,0
AIFU.US,5,20251124,213000,2.71,2.71,2.71,2.71,100,0
AIFU.US,5,20251124,213500,2.69,2.7196,2.69,2.7196,613,0
AIFU.US,5,20251124,214000,2.72,2.72,2.72,2.72,100,0
AIFU.US,5,20251124,215500,2.68,2.68,2.68,2.68,100,0
AIFU.US,5,20251125,153000,2.76,2.76,2.76,2.76,484,0
AIFU.US,5,20251125,154000,2.87,2.8762,2.87,2.8762,2066,0
AIFU.US,5,20251125,154500,2.87,2.87,2.87,2.87,5600,0
AIFU.US,5,20251125,160000,2.87,2.95,2.87,2.8762,2100,0
AIFU.US,5,20251125,165000,2.89,2.89,2.89,2.89,100,0
AIFU.US,5,20251125,170500,2.92,2.93,2.92,2.93,4171,0
AIFU.US,5,20251125,181500,2.9,2.92,2.86,2.87,4004,0
AIFU.US,5,20251125,203000,2.8797,2.8797,2.8797,2.8797,226,0
AIFU.US,5,20251125,205500,2.87,2.87,2.87,2.87,100,0
AIFU.US,5,20251125,212000,2.88,2.88,2.88,2.88,100,0
AIFU.US,5,20251126,153000,2.94,2.94,2.94,2.94,102,0
AIFU.US,5,20251126,184000,2.9725,2.9725,2.9725,2.9725,100,0
AIFU.US,5,20251126,201000,2.91,2.91,2.91,2.91,100,0
AIFU.US,5,20251128,153000,3.02,3.02,3.02,3.02,335,0
AIFU.US,5,20251128,153500,3,3,3,3,102,0
AIFU.US,5,20251128,163500,2.97,2.97,2.97,2.97,174,0
AIFU.US,5,20251128,164500,2.95,2.95,2.95,2.95,154,0
AIFU.US,5,20251128,172000,2.95,2.95,2.95,2.95,217,0
AIFU.US,5,20251128,184500,2.95,2.95,2.95,2.95,100,0
AIFU.US,5,20251201,153000,2.95,2.95,2.95,2.95,145,0
AIFU.US,5,20251201,165000,2.82,2.82,2.82,2.82,665,0
AIFU.US,5,20251201,193000,2.78,2.79,2.78,2.79,300,0
AIFU.US,5,20251201,193500,2.65,2.67,2.625,2.65,3046,0
AIFU.US,5,20251201,195500,2.6,2.6,2.6,2.6,193,0
AIFU.US,5,20251201,201500,2.6,2.6,2.6,2.6,100,0
AIFU.US,5,20251201,203000,2.65,2.65,2.65,2.65,100,0
AIFU.US,5,20251201,215500,2.67,2.67,2.66,2.66,609,0
AIFU.US,5,20251203,164500,2.75,2.75,2.75,2.75,321,0
AIFU.US,5,20251203,165500,2.75,2.75,2.75,2.75,1400,0
AIFU.US,5,20251203,173500,2.68,2.68,2.67,2.67,3270,0
AIFU.US,5,20251203,195000,2.7081,2.7081,2.7081,2.7081,230,0
AIFU.US,5,20251204,153000,2.88,2.88,2.88,2.88,252,0
AIFU.US,5,20251204,154000,2.825,2.825,2.825,2.825,290,0
AIFU.US,5,20251204,155500,2.7725,2.7725,2.7725,2.7725,235,0
AIFU.US,5,20251204,163000,2.77,2.78,2.77,2.78,200,0
AIFU.US,5,20251204,171000,2.76,2.76,2.76,2.76,100,0
AIFU.US,5,20251204,204000,2.76,2.81,2.76,2.81,1100,0
AIFU.US,5,20251204,215500,2.8,2.81,2.8,2.81,700,0
AIFU.US,5,20251205,160500,2.83,2.83,2.83,2.83,123,0
AIFU.US,5,20251205,175500,2.8,2.8,2.8,2.8,100,0
AIFU.US,5,20251205,180000,2.7602,2.7602,2.7602,2.7602,1110,0
AIFU.US,5,20251205,181500,2.78,2.78,2.78,2.78,100,0
AIFU.US,5,20251208,214000,2.89,2.9,2.89,2.9,975,0
AIFU.US,5,20251209,153000,2.9,2.9,2.9,2.9,2646,0
AIFU.US,5,20251209,153500,2.91,2.91,2.91,2.91,100,0
AIFU.US,5,20251209,163500,2.94,2.94,2.94,2.94,780,0
AIFU.US,5,20251209,175000,2.9585,2.98,2.9585,2.98,2372,0
AIFU.US,5,20251209,213500,3,3,3,3,100,0
AIFU.US,5,20251210,171500,3.07,3.07,3.07,3.07,100,0
AIFU.US,5,20251210,193500,3.06,3.06,3.06,3.06,752,0
AIFU.US,5,20251210,210000,3.0495,3.0495,3.0495,3.0495,500,0
AIFU.US,5,20251211,153000,3,3,3,3,255,0
AIFU.US,5,20251211,154000,3,3,3,3,500,0
AIFU.US,5,20251211,155000,3.01,3.01,3.01,3.01,100,0
AIFU.US,5,20251212,154000,3.02,3.02,3.02,3.02,1000,0
AIFU.US,5,20251212,171000,3.06,3.06,3.06,3.06,200,0
AIFU.US,5,20251212,193500,3.1262,3.127,3.1262,3.127,224,0
AIFU.US,5,20251212,215500,3.12,3.14,3.11,3.14,400,0
AIFU.US,5,20251215,153000,3.14,3.14,3.14,3.14,582,0
AIFU.US,5,20251215,163000,2.96,2.96,2.96,2.96,100,0
AIFU.US,5,20251215,170500,3.0608,3.0608,3.0608,3.0608,572,0
AIFU.US,5,20251215,205500,2.8201,2.8201,2.8201,2.8201,100,0
AIFU.US,5,20251215,215500,2.977,2.977,2.977,2.977,178,0
AIFU.US,5,20251216,153000,2.98,2.98,2.98,2.98,311,0
AIFU.US,5,20251216,155000,3.16,3.16,3.16,3.16,149,0
AIFU.US,5,20251216,171500,3.1,3.1,3.1,3.1,100,0
AIFU.US,5,20251216,172000,3.1,3.1,3.1,3.1,200,0
AIFU.US,5,20251216,191000,2.919,2.919,2.919,2.919,1000,0
AIFU.US,5,20251216,194500,2.92,2.92,2.92,2.92,100,0
AIFU.US,5,20251216,214000,2.92,2.92,2.92,2.92,880,0
AIFU.US,5,20251216,214500,2.89,2.89,2.89,2.89,100,0
AIFU.US,5,20251217,153000,2.88,2.88,2.88,2.88,200,0
AIFU.US,5,20251217,153500,2.45,2.45,2.41,2.41,925,0
AIFU.US,5,20251217,161000,2.8629,2.8629,2.8629,2.8629,100,0
AIFU.US,5,20251217,191000,2.69,2.7,2.69,2.7,400,0
AIFU.US,5,20251217,204000,2.4201,2.65,2.4201,2.65,507,0
AIFU.US,5,20251217,210500,2.5525,2.575,2.5,2.529,1774,0
AIFU.US,5,20251217,211000,2.51,2.51,2.47,2.5,400,0
AIFU.US,5,20251217,212500,2.445,2.445,2.445,2.445,100,0
AIFU.US,5,20251217,213000,2.4826,2.494,2.4826,2.494,800,0
AIFU.US,5,20251217,213500,2.5,2.5,2.5,2.5,100,0
AIFU.US,5,20251217,214000,2.5311,2.5311,2.5311,2.5311,800,0
AIFU.US,5,20251218,153000,2.6516,2.6516,2.6516,2.6516,800,0
AIFU.US,5,20251218,154000,2.67,2.73,2.67,2.73,201,0
AIFU.US,5,20251218,154500,2.74,2.74,2.74,2.74,100,0
AIFU.US,5,20251218,155500,2.76,2.83,2.76,2.83,826,0
AIFU.US,5,20251218,160000,2.88,2.88,2.8575,2.8575,547,0
AIFU.US,5,20251218,160500,2.8607,2.8607,2.7401,2.782,772,0
AIFU.US,5,20251218,161500,2.762,2.762,2.762,2.762,100,0
AIFU.US,5,20251218,162000,2.7507,2.7507,2.7507,2.7507,250,0
AIFU.US,5,20251218,171500,2.87,2.89,2.87,2.88,800,0
AIFU.US,5,20251218,173500,2.8668,2.8668,2.8668,2.8668,1042,0
AIFU.US,5,20251218,183500,2.77,2.77,2.77,2.77,349,0
AIFU.US,5,20251218,190500,2.825,2.825,2.825,2.825,225,0
AIFU.US,5,20251218,200000,2.83,2.83,2.83,2.83,945,0
AIFU.US,5,20251218,210000,2.8599,2.8599,2.8599,2.8599,1200,0
AIFU.US,5,20251218,215500,2.85,2.85,2.7754,2.815,1342,0
AIFU.US,5,20251219,153000,2.74,2.74,2.74,2.74,100,0
AIFU.US,5,20251219,172500,2.76,2.76,2.76,2.76,100,0
AIFU.US,5,20251219,212500,2.832,2.832,2.832,2.832,300,0
AIFU.US,5,20251219,213000,2.86,2.86,2.86,2.86,100,0
AIFU.US,5,20251219,213500,2.88,2.88,2.88,2.88,100,0
AIFU.US,5,20251219,215000,2.69,2.69,2.69,2.69,1100,0
AIFU.US,5,20251219,215500,2.69,2.72,2.39,2.39,16857,0
AIFU.US,5,20251222,153000,2.48,2.48,2.48,2.48,1415,0
AIFU.US,5,20251222,154500,2.49,2.5,2.49,2.49,501,0
AIFU.US,5,20251222,155000,2.61,2.61,2.58,2.58,493,0
AIFU.US,5,20251222,155500,2.71,2.71,2.71,2.71,100,0
AIFU.US,5,20251222,161000,2.755,2.7668,2.7401,2.7668,3580,0
AIFU.US,5,20251222,163000,2.7453,2.7453,2.73,2.73,785,0
AIFU.US,5,20251222,164500,2.665,2.751,2.63,2.751,400,0
AIFU.US,5,20251222,170000,2.7178,2.7178,2.66,2.66,1460,0
AIFU.US,5,20251222,183000,2.625,2.7,2.625,2.69,650,0
AIFU.US,5,20251222,201500,2.5,2.53,2.49,2.49,799,0
AIFU.US,5,20251222,203000,2.545,2.545,2.545,2.545,100,0
AIFU.US,5,20251222,215000,2.59,2.59,2.59,2.59,200,0
AIFU.US,5,20251222,215500,2.59,2.62,2.59,2.62,835,0
AIFU.US,5,20251223,153000,2.59,2.59,2.59,2.59,310,0
AIFU.US,5,20251223,162500,2.6963,2.6963,2.6963,2.6963,145,0
AIFU.US,5,20251223,164000,2.695,2.695,2.695,2.695,300,0
AIFU.US,5,20251223,165000,2.62,2.62,2.6,2.6,1300,0
AIFU.US,5,20251223,165500,2.58,2.5801,2.5744,2.5744,550,0
AIFU.US,5,20251223,170500,2.57,2.57,2.57,2.57,400,0
AIFU.US,5,20251223,171000,2.53,2.53,2.53,2.53,3000,0
AIFU.US,5,20251223,171500,2.56,2.56,2.52,2.54,326,0
AIFU.US,5,20251223,175000,2.534,2.534,2.534,2.534,301,0
AIFU.US,5,20251223,181500,2.5,2.5,2.5,2.5,100,0
AIFU.US,5,20251223,184500,2.5825,2.5825,2.5825,2.5825,500,0
AIFU.US,5,20251223,194500,2.525,2.525,2.525,2.525,230,0
AIFU.US,5,20251223,201000,2.525,2.525,2.525,2.525,189,0
AIFU.US,5,20251224,154500,2.52,2.52,2.52,2.52,412,0
AIFU.US,5,20251224,160500,2.55,2.55,2.4901,2.5,1400,0
AIFU.US,5,20251224,161000,2.59,2.59,2.53,2.5386,1500,0
AIFU.US,5,20251224,161500,2.5423,2.545,2.5423,2.545,625,0
AIFU.US,5,20251224,162000,2.545,2.545,2.545,2.545,141,0
AIFU.US,5,20251224,171500,2.55,2.58,2.55,2.58,500,0
AIFU.US,5,20251224,172000,2.6,2.78,2.59,2.65,6057,0
AIFU.US,5,20251224,172500,2.68,2.7,2.54,2.7,8560,0
AIFU.US,5,20251224,173000,2.76,2.81,2.69,2.74,5124,0
AIFU.US,5,20251224,173500,2.8,2.84,2.61,2.62,1200,0
AIFU.US,5,20251224,174000,2.65,2.77,2.64,2.64,1672,0
AIFU.US,5,20251224,174500,2.75,2.75,2.75,2.75,100,0
AIFU.US,5,20251224,180500,2.69,2.69,2.69,2.69,100,0
AIFU.US,5,20251224,181500,2.68,2.68,2.63,2.64,798,0
AIFU.US,5,20251224,182000,2.67,2.7,2.65,2.7,5400,0
AIFU.US,5,20251224,182500,2.82,2.89,2.81,2.85,8772,0
AIFU.US,5,20251224,183000,2.79,2.79,2.6,2.68,1164,0
AIFU.US,5,20251224,183500,2.7,2.73,2.7,2.73,8394,0
AIFU.US,5,20251224,184000,2.73,2.96,2.73,2.83,3200,0
AIFU.US,5,20251224,184500,2.83,2.9028,2.83,2.9028,13654,0
AIFU.US,5,20251224,185000,2.835,2.84,2.79,2.82,1761,0
AIFU.US,5,20251224,185500,2.79,2.79,2.79,2.79,100,0
AIFU.US,5,20251224,190000,2.9,2.9,2.9,2.9,100,0
AIFU.US,5,20251226,153000,2.85,2.85,2.6,2.7,2773,0
AIFU.US,5,20251226,153500,2.78,2.78,2.67,2.68,701,0
AIFU.US,5,20251226,154000,2.68,2.68,2.67,2.67,692,0
AIFU.US,5,20251226,154500,2.68,2.68,2.68,2.68,100,0
AIFU.US,5,20251226,155500,2.78,2.78,2.65,2.67,1517,0
AIFU.US,5,20251226,160000,2.7,2.91,2.68,2.91,6117,0
AIFU.US,5,20251226,160500,2.84,2.9,2.82,2.87,5318,0
AIFU.US,5,20251226,161000,2.89,2.95,2.81,2.81,2916,0
AIFU.US,5,20251226,162500,2.87,2.87,2.87,2.87,100,0
AIFU.US,5,20251226,164500,2.86,2.86,2.86,2.86,300,0
AIFU.US,5,20251226,165500,2.81,2.81,2.81,2.81,642,0
AIFU.US,5,20251226,172500,2.85,2.85,2.81,2.81,850,0
AIFU.US,5,20251226,173500,2.82,2.83,2.81,2.81,1134,0
AIFU.US,5,20251226,174000,2.82,2.82,2.82,2.82,100,0
AIFU.US,5,20251226,181000,2.82,2.82,2.82,2.82,107,0
AIFU.US,5,20251226,181500,2.81,2.815,2.81,2.815,400,0
AIFU.US,5,20251226,182000,2.8101,2.815,2.8101,2.815,200,0
AIFU.US,5,20251226,183000,2.81,2.81,2.81,2.81,359,0
AIFU.US,5,20251226,184000,2.815,2.818,2.815,2.818,200,0
AIFU.US,5,20251226,211500,2.82,2.82,2.82,2.82,100,0
AIFU.US,5,20251226,212000,2.84,2.86,2.84,2.86,600,0
AIFU.US,5,20251226,215500,2.86,2.86,2.82,2.85,1349,0
AIFU.US,5,20251229,153000,2.77,2.77,2.6988,2.6988,556,0
AIFU.US,5,20251229,154500,2.7,2.7,2.7,2.7,149,0
AIFU.US,5,20251229,160000,2.79,2.79,2.79,2.79,100,0
AIFU.US,5,20251229,161000,2.79,2.79,2.79,2.79,100,0
AIFU.US,5,20251229,162500,2.8,2.8,2.78,2.79,500,0
AIFU.US,5,20251229,164500,2.79,2.8397,2.79,2.8397,217,0
AIFU.US,5,20251229,183500,2.72,2.72,2.71,2.71,2000,0
AIFU.US,5,20251229,185000,2.71,2.71,2.71,2.71,302,0
AIFU.US,5,20251229,190000,2.71,2.71,2.71,2.71,1200,0
AIFU.US,5,20251229,192000,2.73,2.74,2.71,2.74,800,0
AIFU.US,5,20251229,192500,2.74,2.9,2.73,2.9,3547,0
AIFU.US,5,20251229,193000,2.925,2.98,2.91,2.91,808,0
AIFU.US,5,20251229,193500,2.91,2.91,2.9,2.9,600,0
AIFU.US,5,20251229,194500,2.89,2.89,2.86,2.86,300,0
AIFU.US,5,20251229,195000,2.88,2.88,2.8,2.81,703,0
AIFU.US,5,20251229,195500,2.935,2.97,2.935,2.97,200,0
AIFU.US,5,20251229,200000,2.93,2.93,2.88,2.88,600,0
AIFU.US,5,20251229,205500,2.87,2.87,2.82,2.82,445,0
AIFU.US,5,20251229,211000,2.82,2.82,2.82,2.82,100,0
AIFU.US,5,20251229,212000,2.8877,2.8877,2.8877,2.8877,147,0
AIFU.US,5,20251229,215500,2.77,2.77,2.77,2.77,100,0
AIFU.US,5,20251230,153000,2.76,2.8,2.7015,2.8,1549,0
AIFU.US,5,20251230,160000,2.69,2.72,2.69,2.72,300,0
AIFU.US,5,20251230,161000,2.73,2.73,2.72,2.72,700,0
AIFU.US,5,20251230,170000,2.72,2.79,2.71,2.71,600,0
AIFU.US,5,20251230,180500,2.7,2.7,2.68,2.68,300,0
AIFU.US,5,20251230,182500,2.7,2.7583,2.7,2.7583,1000,0
AIFU.US,5,20251230,183500,2.69,2.69,2.69,2.69,100,0
AIFU.US,5,20251230,191000,2.665,2.665,2.665,2.665,100,0
AIFU.US,5,20251230,194000,2.69,2.69,2.69,2.69,200,0
AIFU.US,5,20251230,212500,2.7,2.7,2.68,2.68,854,0
AIFU.US,5,20251231,160000,2.65,2.65,2.65,2.65,155,0
AIFU.US,5,20251231,161000,2.7,2.7,2.7,2.7,100,0
AIFU.US,5,20251231,205000,2.71,2.71,2.71,2.71,367,0
AIFU.US,5,20251231,212000,2.7,2.7,2.7,2.7,100,0
AIFU.US,5,20251231,214000,2.69,2.69,2.69,2.69,100,0
AIFU.US,5,20251231,215500,2.68,2.68,2.68,2.68,199,0
AIFU.US,5,20260102,161500,2.6248,2.7051,2.6248,2.7051,200,0
AIFU.US,5,20260102,162000,2.71,2.71,2.65,2.66,2523,0
AIFU.US,5,20260102,162500,2.66,2.66,2.66,2.66,761,0
AIFU.US,5,20260102,172000,2.66,2.66,2.66,2.66,360,0
AIFU.US,5,20260102,215000,2.765,2.765,2.765,2.765,100,0
AIFU.US,5,20260102,215500,2.712,2.712,2.712,2.712,214,0
AIFU.US,5,20260105,153000,2.79,2.79,2.7,2.71,708,0
AIFU.US,5,20260105,153500,2.71,2.75,2.71,2.75,1098,0
AIFU.US,5,20260105,160000,2.75,2.76,2.75,2.76,298,0
AIFU.US,5,20260105,182500,2.7,2.7,2.7,2.7,2400,0
AIFU.US,5,20260105,190000,2.705,2.705,2.705,2.705,100,0
AIFU.US,5,20260105,195500,2.745,2.745,2.745,2.745,250,0
AIFU.US,5,20260105,200000,2.78,2.79,2.78,2.78,300,0
AIFU.US,5,20260105,202500,2.77,2.77,2.75,2.75,277,0
AIFU.US,5,20260105,215500,2.81,2.815,2.72,2.72,600,0
AIFU.US,5,20260106,165000,2.74,2.78,2.74,2.78,500,0
AIFU.US,5,20260106,165500,2.84,2.9,2.77,2.9,7470,0
AIFU.US,5,20260106,170000,2.99,3,2.87,2.93,2293,0
AIFU.US,5,20260106,170500,2.95,2.95,2.84,2.84,1250,0
AIFU.US,5,20260106,171000,2.85,2.85,2.84,2.84,5300,0
AIFU.US,5,20260106,171500,2.74,2.78,2.74,2.78,500,0
AIFU.US,5,20260106,180500,2.9,2.9,2.87,2.87,589,0
AIFU.US,5,20260106,181500,2.89,2.9,2.89,2.9,299,0
AIFU.US,5,20260106,182500,2.89,2.92,2.89,2.92,500,0
AIFU.US,5,20260106,194500,2.9231,2.93,2.9231,2.93,2760,0
AIFU.US,5,20260106,203000,3.03,3.03,3.02,3.02,500,0
AIFU.US,5,20260106,203500,3.12,3.12,3,3,200,0
AIFU.US,5,20260106,205500,3,3.1,3,3.1,1389,0
AIFU.US,5,20260106,214000,3.12,3.12,3.12,3.12,158,0
AIFU.US,5,20260106,214500,3.13,3.13,3.12,3.12,300,0
AIFU.US,5,20260106,215500,3.23,3.23,2.95,3.01,544,0
AIFU.US,5,20260107,153000,3.05,3.2,2.92,3.07,6582,0
AIFU.US,5,20260107,153500,3.1,3.1,3.04,3.04,10174,0
AIFU.US,5,20260107,154000,3.05,3.05,3.05,3.05,200,0
AIFU.US,5,20260107,160000,3.09,3.1,3.09,3.1,400,0
AIFU.US,5,20260107,161000,3.042,3.042,3.042,3.042,990,0
AIFU.US,5,20260107,165500,3.13,3.14,3.07,3.07,4098,0
AIFU.US,5,20260107,181500,3.13,3.13,3.13,3.13,200,0
AIFU.US,5,20260107,184000,3.15,3.17,3.15,3.17,500,0
AIFU.US,5,20260107,184500,3.19,3.2,3.19,3.19,400,0
AIFU.US,5,20260107,185500,3.24,3.24,3.24,3.24,100,0
AIFU.US,5,20260107,193000,3.29,3.29,3.29,3.29,100,0
AIFU.US,5,20260107,201500,3.29,3.29,3.25,3.25,400,0
AIFU.US,5,20260107,203000,3.29,3.3,3.29,3.3,700,0
AIFU.US,5,20260107,210000,3.31,3.31,3.3,3.3,1000,0
AIFU.US,5,20260107,212000,3.32,3.32,3.32,3.32,100,0
AIFU.US,5,20260107,212500,3.33,3.36,3.33,3.36,492,0
AIFU.US,5,20260107,213000,3.4,3.4,3.4,3.4,100,0
AIFU.US,5,20260107,215500,3.28,3.29,3.27,3.27,515,0
AIFU.US,5,20260108,153000,3.2,3.2,3.2,3.2,1001,0
AIFU.US,5,20260108,154000,3.22,3.22,3.22,3.22,100,0
AIFU.US,5,20260108,163000,3.22,3.28,3.21,3.21,400,0
AIFU.US,5,20260108,163500,3.2443,3.35,3.2443,3.295,2744,0
AIFU.US,5,20260108,164500,3.2975,3.2975,3.2975,3.2975,100,0
AIFU.US,5,20260108,170500,3.25,3.25,3.25,3.25,100,0
AIFU.US,5,20260108,171500,3.29,3.29,3.29,3.29,200,0
AIFU.US,5,20260108,175500,3.33,3.38,3.33,3.38,200,0
AIFU.US,5,20260108,180000,3.33,3.33,3.33,3.33,100,0
AIFU.US,5,20260108,181500,3.32,3.32,3.32,3.32,100,0
AIFU.US,5,20260108,184500,3.21,3.21,3.21,3.21,100,0
AIFU.US,5,20260108,191500,3.2,3.2,3.2,3.2,108,0
AIFU.US,5,20260108,194500,3.16,3.17,3.03,3.115,700,0
AIFU.US,5,20260108,195000,3.06,3.16,3.06,3.16,700,0
