<TICKER>,<PER>,<DATE>,<TIME>,<OPEN>,<HIGH>,<LOW>,<CLOSE>,<VOL>,<OPENINT>
ALCY.US,5,20250820,192500,11.69,11.69,11.69,11.69,100,0
ALCY.US,5,20250820,193000,11.59,11.645,11.59,11.645,200,0
ALCY.US,5,20250822,210000,11.69,11.69,11.69,11.69,200,0
ALCY.US,5,20250825,215000,11.624,11.624,11.624,11.624,3000,0
ALCY.US,5,20250825,215500,11.65,11.65,11.65,11.65,50000,0
ALCY.US,5,20250826,181000,11.69,11.69,11.69,11.69,100,0
ALCY.US,5,20250827,174000,11.59,11.69,11.59,11.69,202,0
ALCY.US,5,20250828,155000,11.74,11.74,11.74,11.74,100,0
ALCY.US,5,20250828,155500,11.62,11.62,11.59,11.61,3500,0
ALCY.US,5,20250828,160000,11.74,11.74,11.71,11.72,2500,0
ALCY.US,5,20250828,160500,11.645,11.7,11.64,11.7,2900,0
ALCY.US,5,20250828,161000,11.7,11.7,11.65,11.65,395,0
ALCY.US,5,20250829,153000,11.59,11.6,11.57,11.6,10913,0
ALCY.US,5,20250829,153500,11.5,11.59,11.5,11.59,25087,0
ALCY.US,5,20250829,154000,11.65,11.65,11.65,11.65,200,0
ALCY.US,5,20250829,162000,11.57,11.64,11.57,11.57,47672,0
ALCY.US,5,20250829,163500,11.5,11.5,11.5,11.5,100,0
ALCY.US,5,20250829,170000,11.57,11.57,11.57,11.57,600,0
ALCY.US,5,20250829,182500,11.5,11.5,11.5,11.5,19765,0
ALCY.US,5,20250829,203500,11.5,11.5,11.49,11.5,3401,0
ALCY.US,5,20250829,210000,11.5,11.5,11.5,11.5,1000,0
ALCY.US,5,20250902,183500,11,11,11,11,100,0
ALCY.US,5,20250903,154000,12,12,12,12,100,0
ALCY.US,5,20250903,163500,11.8,11.8,11.8,11.8,400,0
ALCY.US,5,20250903,164000,11.8,12.37,11.8,12.37,240,0
ALCY.US,5,20250903,171000,11.8,11.805,11.8,11.8,700,0
ALCY.US,5,20250903,181000,12,12,11.8,11.8,4238,0
ALCY.US,5,20250903,181500,11.8,11.8,11.8,11.8,3077,0
ALCY.US,5,20250903,200500,11.1,11.1,11.1,11.1,100,0
ALCY.US,5,20250903,201000,11.15,11.2,11.15,11.15,600,0
ALCY.US,5,20250903,201500,11.12,11.12,11.12,11.12,100,0
ALCY.US,5,20250903,205000,11.39,11.39,11.39,11.39,100,0
ALCY.US,5,20250903,210000,11.37,11.39,11.37,11.39,300,0
ALCY.US,5,20250903,211500,11.39,11.39,11.39,11.39,100,0
ALCY.US,5,20250905,200500,11.5,11.5,11.5,11.5,1190,0
ALCY.US,5,20250905,201000,11.39,11.43,11.39,11.43,237,0
ALCY.US,5,20250905,204500,11.32,11.32,11.3,11.3,400,0
ALCY.US,5,20250905,210500,11.11,11.11,11.11,11.11,100,0
ALCY.US,5,20250905,211000,11.19,11.2,10.81,10.81,2220,0
ALCY.US,5,20250905,211500,10.71,10.92,10.25,10.5006,6733,0
ALCY.US,5,20250905,212000,10.365,10.365,10.365,10.365,100,0
ALCY.US,5,20250905,212500,10.71,10.87,10.71,10.87,200,0
ALCY.US,5,20250908,161000,10.99,11.3912,10.99,11.33,5118,0
ALCY.US,5,20250908,204500,11.39,11.39,11.39,11.39,100,0
ALCY.US,5,20250909,165000,11.3,11.3,11.3,11.3,170,0
ALCY.US,5,20250909,181500,11.31,11.31,11.31,11.31,2000,0
ALCY.US,5,20250910,180500,11.39,11.39,11.39,11.39,500,0
ALCY.US,5,20250910,215500,11.335,11.335,11.335,11.335,100,0
ALCY.US,5,20250911,153000,11.4999,11.4999,11.4999,11.4999,1200,0
ALCY.US,5,20250911,153500,11.4567,11.4567,11.4567,11.4567,5500,0
ALCY.US,5,20250911,154000,11.455,11.4999,11.455,11.4999,2499,0
ALCY.US,5,20250911,160000,11.4838,11.5,11.4838,11.4999,22600,0
ALCY.US,5,20250911,161000,11.462,11.462,11.462,11.462,2000,0
ALCY.US,5,20250911,161500,11.46,11.48,11.46,11.46,3259,0
ALCY.US,5,20250911,162000,11.46,11.46,11.45,11.45,151534,0
ALCY.US,5,20250911,171000,12.25,12.25,12.25,12.25,100,0
ALCY.US,5,20250911,191000,11.45,11.7,11.45,11.7,2600,0
ALCY.US,5,20250911,192500,11.44,11.45,11.44,11.45,400,0
ALCY.US,5,20250911,193000,11.5,11.5,11.5,11.5,200,0
ALCY.US,5,20250911,194000,11.69,11.69,11.69,11.69,100,0
ALCY.US,5,20250911,194500,11.5,11.5,11.5,11.5,100,0
ALCY.US,5,20250911,200000,11.5,11.5,11.45,11.45,200,0
ALCY.US,5,20250911,202500,11.575,11.575,11.575,11.575,100,0
ALCY.US,5,20250911,203000,11.45,11.45,11.45,11.45,100,0
ALCY.US,5,20250911,210500,11.45,11.45,11.45,11.45,200,0
ALCY.US,5,20250911,214000,11.56,11.56,11.56,11.56,100,0
ALCY.US,5,20250911,215500,11.56,11.56,11.56,11.56,464,0
ALCY.US,5,20250912,155000,11.59,11.59,11.59,11.59,100,0
ALCY.US,5,20250915,195500,11.65,11.65,11.58,11.65,700,0
ALCY.US,5,20250915,213000,11.65,11.65,11.65,11.65,100,0
ALCY.US,5,20250916,162500,11.59,11.59,11.59,11.59,100,0
ALCY.US,5,20250916,192500,11.65,11.65,11.65,11.65,100,0
ALCY.US,5,20250917,153500,11.34,11.5,11.34,11.5,600,0
ALCY.US,5,20250917,155000,11.5,11.5,11.5,11.5,100,0
ALCY.US,5,20250917,192000,11.4675,11.4675,11.4675,11.4675,100,0
ALCY.US,5,20250918,172500,11.5001,11.75,11.5,11.5,600,0
ALCY.US,5,20250918,185500,11.5,11.74,11.5,11.5,729,0
ALCY.US,5,20250918,215500,11.56,11.56,11.56,11.56,100,0
ALCY.US,5,20250919,153000,11.5,11.5,11.5,11.5,600,0
ALCY.US,5,20250919,193500,11.38,11.38,11.38,11.38,1000,0
ALCY.US,5,20250919,202500,11.75,11.75,11.75,11.75,100,0
ALCY.US,5,20250922,153000,11.5,11.5,11.5,11.5,558,0
ALCY.US,5,20250922,173000,11.4,11.45,11.4,11.45,766,0
ALCY.US,5,20250925,153000,11.75,11.75,11.5,11.5,490,0
ALCY.US,5,20250925,160000,11.99,11.99,11.99,11.99,100,0
ALCY.US,5,20250926,153000,11.72,11.72,11.72,11.72,151,0
ALCY.US,5,20250926,161000,11.99,11.99,11.99,11.99,100,0
ALCY.US,5,20250926,190500,11.99,11.99,11.51,11.51,200,0
ALCY.US,5,20250929,153000,11.51,11.51,11.51,11.51,252,0
ALCY.US,5,20250929,172500,11.52,11.52,11.5,11.5,614,0
ALCY.US,5,20250929,180000,11.5,11.52,11.45,11.45,3862,0
ALCY.US,5,20250929,184000,11.45,11.53,11.45,11.51,6748,0
ALCY.US,5,20250929,191000,11.6,11.6,11.6,11.6,100,0
ALCY.US,5,20251001,154000,11.58,11.58,11.58,11.58,100,0
ALCY.US,5,20251001,154500,11.59,11.6,11.59,11.6,991,0
ALCY.US,5,20251001,161000,11.7,11.7,11.7,11.7,100,0
ALCY.US,5,20251001,170500,11.7,11.7,11.7,11.7,500,0
ALCY.US,5,20251001,175500,11.7,11.7,11.7,11.7,100,0
ALCY.US,5,20251001,211000,11.7,11.7,11.7,11.7,100,0
ALCY.US,5,20251002,160500,11.72,11.72,11.72,11.72,100,0
ALCY.US,5,20251002,181500,11.72,11.72,11.71,11.71,500,0
ALCY.US,5,20251002,190500,11.72,11.72,11.72,11.72,100,0
ALCY.US,5,20251003,154000,11.75,11.75,11.75,11.75,799,0
ALCY.US,5,20251010,153000,11.75,11.75,11.75,11.75,113,0
ALCY.US,5,20251010,154000,11.75,11.75,11.75,11.75,437,0
ALCY.US,5,20251013,162000,11.99,11.99,11.99,11.99,100,0
ALCY.US,5,20251013,164500,11.63,11.63,11.63,11.63,100,0
ALCY.US,5,20251013,172500,11.774,11.774,11.774,11.774,100,0
ALCY.US,5,20251016,153000,11.99,11.99,11.99,11.99,493,0
ALCY.US,5,20251016,161500,11.79,11.79,11.79,11.79,100,0
ALCY.US,5,20251016,213000,11.89,11.89,11.89,11.89,100,0
ALCY.US,5,20251017,205500,12.15,12.15,12.15,12.15,168,0
ALCY.US,5,20251017,213000,11.89,12,11.89,11.98,300,0
ALCY.US,5,20251020,174000,11.84,11.84,11.82,11.83,457,0
ALCY.US,5,20251020,213500,11.8,11.8,11.8,11.8,200,0
ALCY.US,5,20251022,153000,11.8,11.8,11.8,11.8,261,0
ALCY.US,5,20251023,184500,11.99,11.99,11.99,11.99,100,0
ALCY.US,5,20251023,192000,11.65,11.65,11.65,11.65,193,0
ALCY.US,5,20251024,182000,12.25,12.95,12.1,12.1,539,0
ALCY.US,5,20251024,182500,12.2,12.99,12.2,12.49,479,0
ALCY.US,5,20251024,184000,12.25,12.25,12.25,12.25,260,0
ALCY.US,5,20251024,193000,12.5,12.5,12.5,12.5,400,0
ALCY.US,5,20251024,210500,12.25,12.25,12.25,12.25,300,0
ALCY.US,5,20251024,215500,12.2,12.2,12.2,12.2,200,0
ALCY.US,5,20251028,154000,11.98,11.98,11.76,11.76,275,0
ALCY.US,5,20251028,171000,11.97,11.98,11.75,11.75,2500,0
ALCY.US,5,20251028,171500,11.7,11.71,11.7,11.71,1298,0
ALCY.US,5,20251028,172000,11.72,11.72,11.72,11.72,100,0
ALCY.US,5,20251028,173000,11.96,11.96,11.72,11.72,200,0
ALCY.US,5,20251028,173500,11.72,11.72,11.72,11.72,100,0
ALCY.US,5,20251028,175000,11.96,11.96,11.71,11.71,200,0
ALCY.US,5,20251028,180500,11.71,11.71,11.71,11.71,100,0
ALCY.US,5,20251028,181000,11.95,11.95,11.7,11.7,200,0
ALCY.US,5,20251028,200000,11.95,11.95,11.63,11.63,600,0
ALCY.US,5,20251028,200500,11.63,11.63,11.63,11.63,100,0
ALCY.US,5,20251028,201500,11.71,11.71,11.71,11.71,100,0
ALCY.US,5,20251028,202500,11.63,11.63,11.63,11.63,100,0
ALCY.US,5,20251030,143000,11.65,11.65,11.65,11.65,277,0
ALCY.US,5,20251031,143000,11.65,11.65,11.65,11.65,403,0
ALCY.US,5,20251107,153000,12.5,12.5,12.5,12.5,291,0
ALCY.US,5,20251111,204000,11.89,11.9,11.765,11.9,1947,0
ALCY.US,5,20251201,203500,11.68,11.68,11.68,11.68,100,0
ALCY.US,5,20251205,185500,11.89,11.9,11.88,11.88,400,0
ALCY.US,5,20251205,190500,11.8,11.8,11.76,11.76,601,0
ALCY.US,5,20251209,153000,11.81,11.81,11.76,11.76,200,0
ALCY.US,5,20251209,215500,11.71,11.71,11.71,11.71,100,0
ALCY.US,5,20251210,153000,11.83,11.83,11.83,11.83,100,0
ALCY.US,5,20251210,154000,11.9,11.95,11.9,11.9,2493,0
ALCY.US,5,20251210,174000,11.9,11.9,11.8,11.9,1400,0
ALCY.US,5,20251210,194500,11.9,11.9,11.9,11.9,200,0
ALCY.US,5,20251211,170500,11.76,11.77,11.76,11.77,200,0
ALCY.US,5,20251211,174000,11.75,11.75,11.75,11.75,2616,0
ALCY.US,5,20251212,160000,11.75,11.75,11.75,11.75,100,0
ALCY.US,5,20251215,165000,11.86,11.86,11.82,11.82,200,0
ALCY.US,5,20251215,165500,11.75,11.75,11.75,11.75,240,0
ALCY.US,5,20251216,162000,11.85,11.85,11.75,11.76,897,0
ALCY.US,5,20251223,164500,11.88,11.97,11.88,11.895,1114,0
ALCY.US,5,20251223,165000,11.9,11.9,11.9,11.9,170,0
ALCY.US,5,20251223,165500,11.92,11.92,11.92,11.92,110,0
ALCY.US,5,20251223,170000,11.88,11.88,11.88,11.88,1100,0
ALCY.US,5,20251223,170500,11.88,12.25,11.88,12.25,2099,0
ALCY.US,5,20251223,171500,13.015,13.9999,13,13,3900,0
ALCY.US,5,20251223,172000,14,14,13,13.1,7133,0
ALCY.US,5,20251223,172500,13.2849,13.2849,13,13.28,2970,0
ALCY.US,5,20251223,173000,13.25,13.3,13,13.1848,3055,0
ALCY.US,5,20251223,173500,13.19,13.19,12.4999,12.4999,1201,0
ALCY.US,5,20251223,174000,12.4,12.649,12.4,12.649,350,0
ALCY.US,5,20251223,174500,12.875,12.875,12.5,12.5,22918,0
ALCY.US,5,20251223,175000,12.21,12.21,12.21,12.21,107,0
ALCY.US,5,20251223,180000,12.25,12.25,12.25,12.25,100,0
ALCY.US,5,20251223,181500,12.22,12.22,12.22,12.22,100,0
ALCY.US,5,20251223,182500,12.85,12.87,12.85,12.8699,1032,0
ALCY.US,5,20251223,184000,12.7572,12.7572,12.7572,12.7572,200,0
ALCY.US,5,20251223,184500,12.75,12.77,12.75,12.77,491,0
ALCY.US,5,20251223,194000,12.41,12.41,12.06,12.06,1868,0
ALCY.US,5,20251223,194500,12.21,12.2101,12.21,12.2101,360,0
ALCY.US,5,20251223,195000,12.3859,12.3859,12.3859,12.3859,100,0
ALCY.US,5,20251223,201500,12.2524,12.2524,12.2524,12.2524,402,0
ALCY.US,5,20251223,205000,12.16,12.16,12.16,12.16,200,0
ALCY.US,5,20251223,210000,12.06,12.11,12.06,12.11,200,0
ALCY.US,5,20251223,211500,12.14,12.14,12.14,12.14,200,0
ALCY.US,5,20251223,212000,12.17,12.17,12.17,12.17,171,0
ALCY.US,5,20251223,215000,12.06,12.06,12.06,12.06,100,0
ALCY.US,5,20251224,153000,12.49,13.1999,12.49,13,7702,0
ALCY.US,5,20251224,153500,12.8063,12.98,12.51,12.51,892,0
ALCY.US,5,20251224,154500,12.6,12.85,12.6,12.85,600,0
ALCY.US,5,20251224,155000,12.8157,13.055,12.6,12.8999,30385,0
ALCY.US,5,20251224,155500,12.54,12.8,12.3401,12.45,47347,0
ALCY.US,5,20251224,160000,12.1568,12.4499,12.1568,12.4499,300,0
ALCY.US,5,20251224,160500,12.22,12.22,12.03,12.03,300,0
ALCY.US,5,20251224,161000,12.03,12.04,11.76,12.04,6808,0
ALCY.US,5,20251224,161500,11.82,11.82,11.82,11.82,200,0
ALCY.US,5,20251224,163500,11.82,11.82,11.82,11.82,288,0
ALCY.US,5,20251224,165500,11.82,11.82,11.82,11.82,275,0
ALCY.US,5,20251224,170000,12.1,12.1,11.9972,11.9972,450,0
ALCY.US,5,20251224,171000,11.83,11.83,11.83,11.83,200,0
ALCY.US,5,20251224,172000,11.9488,11.9488,11.9488,11.9488,400,0
ALCY.US,5,20251224,175000,11.9676,11.9676,11.9676,11.9676,100,0
ALCY.US,5,20251224,180500,11.935,11.935,11.935,11.935,100,0
ALCY.US,5,20251224,184000,11.935,11.935,11.82,11.82,1986,0
ALCY.US,5,20251224,184500,11.935,11.935,11.935,11.935,500,0
ALCY.US,5,20251226,153500,11.83,11.9039,11.82,11.82,3300,0
ALCY.US,5,20251226,154000,12.07,12.2,12.07,12.2,1633,0
ALCY.US,5,20251226,154500,12.305,12.4075,12.1001,12.3,1000,0
ALCY.US,5,20251226,161500,12.1,12.15,12.1,12.15,200,0
ALCY.US,5,20251226,163000,12.15,12.15,12.15,12.15,200,0
ALCY.US,5,20251226,163500,12.1492,12.1492,12.1492,12.1492,200,0
ALCY.US,5,20251226,164500,11.83,12.04,11.83,12.04,602,0
ALCY.US,5,20251226,170500,12.125,12.125,12.02,12.02,300,0
ALCY.US,5,20251226,171500,12.075,12.25,12,12,700,0
ALCY.US,5,20251226,173000,12.04,12.04,12.04,12.04,380,0
ALCY.US,5,20251226,174000,11.9,11.9,11.9,11.9,100,0
ALCY.US,5,20251226,180500,11.95,11.95,11.95,11.95,100,0
ALCY.US,5,20251226,183000,12.125,12.125,12.125,12.125,400,0
ALCY.US,5,20251226,184000,12.1,12.2499,12.1,12.15,4100,0
ALCY.US,5,20251226,184500,12.15,12.15,12.15,12.15,200,0
ALCY.US,5,20251226,185500,12.15,12.15,11.8401,11.8401,2100,0
ALCY.US,5,20251226,193000,11.9468,11.9468,11.86,11.86,300,0
ALCY.US,5,20251226,194500,11.96,11.96,11.96,11.96,100,0
ALCY.US,5,20251226,201500,11.9,11.9,11.9,11.9,100,0
ALCY.US,5,20251226,213500,11.91,11.9805,11.91,11.9805,238,0
ALCY.US,5,20251226,215500,11.85,11.99,11.85,11.99,326,0
ALCY.US,5,20251229,153000,11.8701,12.18,11.87,12.18,4879,0
ALCY.US,5,20251229,153500,12,12,11.91,11.91,744,0
ALCY.US,5,20251229,154500,12.01,12.01,12.01,12.01,250,0
ALCY.US,5,20251229,160500,11.92,11.92,11.92,11.92,100,0
ALCY.US,5,20251229,165500,11.87,11.87,11.87,11.87,179,0
ALCY.US,5,20251229,171000,11.895,11.895,11.895,11.895,100,0
ALCY.US,5,20251229,172500,11.9,11.9,11.9,11.9,100,0
ALCY.US,5,20251229,174000,11.8832,11.8832,11.8832,11.8832,200,0
ALCY.US,5,20251229,175000,11.885,11.885,11.87,11.87,300,0
ALCY.US,5,20251229,180000,11.87,11.87,11.87,11.87,100,0
ALCY.US,5,20251229,185000,11.87,11.87,11.87,11.87,200,0
ALCY.US,5,20251229,202000,11.87,11.87,11.87,11.87,135,0
ALCY.US,5,20251229,204500,12.01,12.01,12.01,12.01,200,0
ALCY.US,5,20251229,213000,11.99,12.01,11.99,12.01,400,0
ALCY.US,5,20251230,161000,11.88,11.89,11.88,11.89,380,0
ALCY.US,5,20251230,162000,11.98,11.98,11.98,11.98,250,0
ALCY.US,5,20251230,163500,11.93,11.98,11.93,11.98,500,0
ALCY.US,5,20251230,164500,11.98,11.98,11.98,11.98,200,0
ALCY.US,5,20251230,165500,11.98,11.98,11.98,11.98,200,0
ALCY.US,5,20251230,212500,12.01,12.01,12.01,12.01,100,0
ALCY.US,5,20251230,213000,12.0799,12.0799,11.98,11.98,300,0
ALCY.US,5,20251230,213500,12.02,12.25,12.02,12.23,3726,0
ALCY.US,5,20251230,214000,12.1634,12.1651,12.1,12.1,2101,0
ALCY.US,5,20251230,214500,12.1075,12.1799,12.1,12.1,3000,0
ALCY.US,5,20251230,215000,12.1272,12.1326,12.1,12.1326,2600,0
ALCY.US,5,20251230,215500,12.1399,12.1399,12.05,12.0845,1900,0
ALCY.US,5,20251231,153000,13.25,13.2501,12.77,12.7701,20209,0
ALCY.US,5,20251231,153500,12.77,12.7701,12.27,12.27,4317,0
ALCY.US,5,20251231,154000,12.5,12.92,12.5,12.551,3898,0
ALCY.US,5,20251231,154500,12.55,12.8699,12.55,12.86,3623,0
ALCY.US,5,20251231,155000,12.87,13.1499,12.55,12.85,6874,0
ALCY.US,5,20251231,155500,12.9999,13.13,12.88,12.95,20606,0
ALCY.US,5,20251231,160000,13.13,13.13,12.9,13.04,7263,0
ALCY.US,5,20251231,160500,13.01,13.0254,12.6,12.92,16789,0
ALCY.US,5,20251231,161000,12.92,13.3099,12.92,13,10588,0
ALCY.US,5,20251231,161500,13.11,13.5475,13.11,13.4001,17281,0
ALCY.US,5,20251231,162000,13.51,13.55,13.3,13.55,15111,0
ALCY.US,5,20251231,162500,13.525,13.7999,13.35,13.79,15971,0
ALCY.US,5,20251231,163000,13.6247,13.76,13.56,13.585,2396,0
ALCY.US,5,20251231,163500,13.6,13.775,13.525,13.525,2251,0
ALCY.US,5,20251231,164000,13.71,13.71,13.35,13.3734,931,0
ALCY.US,5,20251231,164500,13.39,13.7746,13.3501,13.7001,7646,0
ALCY.US,5,20251231,165000,13.75,13.79,13.69,13.7,2679,0
ALCY.US,5,20251231,165500,13.75,13.79,13.42,13.62,3273,0
ALCY.US,5,20251231,170000,13.64,13.64,13.603,13.603,449,0
ALCY.US,5,20251231,170500,13.6201,13.79,13.62,13.79,2387,0
ALCY.US,5,20251231,171000,13.72,14.15,13.72,14.0899,14828,0
ALCY.US,5,20251231,171500,14.045,14.0513,13.89,13.945,8621,0
ALCY.US,5,20251231,172000,14,14.15,13.9712,14.15,4134,0
ALCY.US,5,20251231,172500,14.2,14.83,13.7,14.6594,17290,0
ALCY.US,5,20251231,173000,14.58,14.58,14.25,14.28,2528,0
ALCY.US,5,20251231,173500,14.58,14.58,13.87,13.87,5994,0
ALCY.US,5,20251231,174000,13.9,13.9,12.3,12.986,19540,0
ALCY.US,5,20251231,174500,12.93,13,12.7,12.75,9370,0
ALCY.US,5,20251231,175000,12.65,13,12.33,12.35,8649,0
ALCY.US,5,20251231,175500,12.6,13.25,12.35,13.0001,10983,0
ALCY.US,5,20251231,180000,13.01,13.25,13,13.2,3387,0
ALCY.US,5,20251231,180500,13.175,13.37,13.175,13.37,2121,0
ALCY.US,5,20251231,181000,13.145,13.1921,13.145,13.1921,350,0
ALCY.US,5,20251231,181500,13.2,13.2,13,13.195,915,0
ALCY.US,5,20251231,182000,13.19,13.2,13.19,13.2,221,0
ALCY.US,5,20251231,182500,13.08,13.2,13.08,13.2,2416,0
ALCY.US,5,20251231,183000,13.2,13.2,13.2,13.2,152,0
ALCY.US,5,20251231,183500,13.0517,13.07,13,13,2331,0
ALCY.US,5,20251231,184000,13,13,12.5,12.96,9661,0
ALCY.US,5,20251231,184500,12.785,12.85,12.785,12.85,200,0
ALCY.US,5,20251231,185000,12.82,12.86,12.5001,12.55,1985,0
ALCY.US,5,20251231,185500,12.8,12.83,12.8,12.83,1095,0
ALCY.US,5,20251231,190000,13,13.2,12.9,13.05,5978,0
ALCY.US,5,20251231,190500,13.2,13.2,13.2,13.2,124,0
ALCY.US,5,20251231,191000,13.19,13.19,13.025,13.025,3100,0
ALCY.US,5,20251231,191500,13.025,13.03,13.025,13.03,200,0
ALCY.US,5,20251231,192500,13.095,13.19,13.095,13.1899,2200,0
ALCY.US,5,20251231,193000,13.19,13.2,13.19,13.2,4148,0
ALCY.US,5,20251231,193500,13.2,13.4,13.1999,13.4,6268,0
ALCY.US,5,20251231,194000,13.4,13.8,13.298,13.75,8800,0
ALCY.US,5,20251231,194500,13.57,13.88,13.5156,13.73,2124,0
ALCY.US,5,20251231,195000,13.73,13.91,13.73,13.9,3901,0
ALCY.US,5,20251231,195500,13.9,14,13.67,13.7,5389,0
ALCY.US,5,20251231,200000,13.7971,13.7971,13.7971,13.7971,500,0
ALCY.US,5,20251231,201500,13.7,13.735,13.605,13.605,2400,0
ALCY.US,5,20251231,202500,13.71,13.7651,13.71,13.7651,594,0
ALCY.US,5,20251231,203000,13.71,13.71,13.42,13.42,1764,0
ALCY.US,5,20251231,203500,13.41,13.5793,13.4,13.5715,7400,0
ALCY.US,5,20251231,204000,13.495,13.7,13.495,13.7,2678,0
ALCY.US,5,20251231,204500,13.6252,13.76,13.6252,13.64,2199,0
ALCY.US,5,20251231,205000,13.6088,13.6088,13.6088,13.6088,200,0
ALCY.US,5,20251231,210000,13.8,13.8,13.635,13.8,3067,0
ALCY.US,5,20251231,210500,13.7982,13.8,13.7,13.714,1805,0
ALCY.US,5,20251231,211000,13.7,14.4,13.7,14.24,9489,0
ALCY.US,5,20251231,211500,14.05,14.58,14.05,14.58,4155,0
ALCY.US,5,20251231,212000,14.58,14.8,14.5,14.7,4260,0
ALCY.US,5,20251231,212500,14.6,14.75,14.6,14.63,5344,0
ALCY.US,5,20251231,213000,14.38614,14.69,14,14.4999,7983,0
ALCY.US,5,20251231,213500,14.5,14.85,14.26,14.39,2167,0
ALCY.US,5,20251231,214000,14.3825,14.75,14.3825,14.7499,1671,0
ALCY.US,5,20251231,214500,14.6,14.75,14.31,14.53,3809,0
ALCY.US,5,20251231,215000,14.31,14.7455,14.21,14.36,5649,0
ALCY.US,5,20251231,215500,14.25,14.49,14.21,14.21,1169,0
ALCY.US,5,20260102,153000,14.15,15.5287,14.15,15.115,7643,0
ALCY.US,5,20260102,153500,15,15.8999,14.66,15,21309,0
ALCY.US,5,20260102,154000,14.85,15,13.54,13.54,13120,0
ALCY.US,5,20260102,154500,13.5,13.9999,13.05,13.9999,5886,0
ALCY.US,5,20260102,155000,13.9,14.2373,13.7,14.085,6806,0
ALCY.US,5,20260102,155500,14.135,14.27,14,14,2077,0
ALCY.US,5,20260102,160000,14,14.1,14,14.1,5944,0
ALCY.US,5,20260102,160500,14.1,14.2,13.9,14,4800,0
ALCY.US,5,20260102,161000,13.9,14.05,13.9,14.05,919,0
ALCY.US,5,20260102,161500,14.05,14.1,14,14,1150,0
ALCY.US,5,20260102,162000,13.98,14.055,13.725,13.725,3561,0
ALCY.US,5,20260102,162500,13.72,13.85,13.22,13.799,6861,0
ALCY.US,5,20260102,163000,13.8,14.2699,13.8,13.975,2377,0
ALCY.US,5,20260102,163500,13.975,14.0999,13.975,14.025,9583,0
ALCY.US,5,20260102,164000,13.85,13.8692,13.75,13.76,670,0
ALCY.US,5,20260102,164500,14,14,13.775,13.99,2633,0
ALCY.US,5,20260102,165000,13.96,14.27,13.775,14.27,5038,0
ALCY.US,5,20260102,165500,14.085,14.96,14.085,14.5003,4548,0
ALCY.US,5,20260102,170000,14.5001,14.65,14.135,14.24,2951,0
ALCY.US,5,20260102,170500,14.2,14.25,14.03,14.18,3570,0
ALCY.US,5,20260102,171000,14,14.25,14,14.1499,3926,0
ALCY.US,5,20260102,171500,14.33,14.33,14.16,14.285,5379,0
ALCY.US,5,20260102,172000,14.245,14.33,14.245,14.265,2229,0
ALCY.US,5,20260102,173000,14.2,14.265,14,14.05,4146,0
ALCY.US,5,20260102,173500,14.05,14.0501,13.77,13.775,6269,0
ALCY.US,5,20260102,174000,14.49,14.49,13.98,13.98,200,0
ALCY.US,5,20260102,174500,14,14.295,13.98,14.295,750,0
ALCY.US,5,20260102,175000,14.295,14.3,14,14.08,1124,0
ALCY.US,5,20260102,175500,14.2282,14.339,14,14.17,1400,0
ALCY.US,5,20260102,180000,14,14,14,14,1000,0
ALCY.US,5,20260102,180500,14.04,14.23,13.75,14.04,20698,0
ALCY.US,5,20260102,181000,13.75,14.27,13.75,13.9249,1223,0
ALCY.US,5,20260102,181500,14,14,13.55,13.86,2887,0
ALCY.US,5,20260102,182000,13.7,13.84,13.7,13.775,1216,0
ALCY.US,5,20260102,182500,13.7,14.01,13.6,14.01,1588,0
ALCY.US,5,20260102,183000,13.9,14.05,13.9,13.9,900,0
ALCY.US,5,20260102,183500,14,14,13.93,13.93,1486,0
ALCY.US,5,20260102,184000,13.93,13.93,13.9,13.93,5677,0
ALCY.US,5,20260102,184500,13.9592,13.9592,13.93,13.93,918,0
ALCY.US,5,20260102,185000,13.9375,13.96,13.935,13.935,600,0
ALCY.US,5,20260102,185500,13.935,13.935,13.91,13.93,1354,0
ALCY.US,5,20260102,190000,13.95,14.125,13.95,14.125,464,0
ALCY.US,5,20260102,190500,14.05,14.05,14,14,300,0
ALCY.US,5,20260102,191000,14.03,14.03,14,14,891,0
ALCY.US,5,20260102,191500,14,14.2513,13.98,14.2513,16816,0
ALCY.US,5,20260102,192000,14.2899,14.2899,14.055,14.08,9059,0
ALCY.US,5,20260102,192500,14.065,14.19,14.0069,14.08,2715,0
ALCY.US,5,20260102,193000,14.145,14.22,14.123492,14.123492,1565,0
ALCY.US,5,20260102,193500,14.1,14.1,14.0615,14.1,1000,0
ALCY.US,5,20260102,194000,14.1,14.1,14.04,14.1,908,0
ALCY.US,5,20260102,194500,14.15,14.22,14.1,14.125,1215,0
ALCY.US,5,20260102,195000,14.195,14.2041,14.12,14.2041,400,0
ALCY.US,5,20260102,195500,14.27,14.5,14.25,14.4999,4520,0
ALCY.US,5,20260102,200000,14.3043,14.315,14.26,14.26,400,0
ALCY.US,5,20260102,200500,14.27,14.3,14.225,14.24,1995,0
ALCY.US,5,20260102,201000,14.24,14.25,14.19,14.19,2280,0
ALCY.US,5,20260102,201500,14.185,14.27,14.17,14.24,5245,0
ALCY.US,5,20260102,202000,14.24,14.24,14.15,14.15,2018,0
ALCY.US,5,20260102,202500,14.2999,14.2999,14.23,14.25,2600,0
ALCY.US,5,20260102,203000,14.25,14.5,14.2,14.355,6704,0
ALCY.US,5,20260102,203500,14.49,14.79,14.45,14.7229,8241,0
ALCY.US,5,20260102,204000,14.666,14.78,14.5501,14.69,8124,0
ALCY.US,5,20260102,204500,14.7,15.05,14.7,14.9852,14116,0
ALCY.US,5,20260102,205000,14.86,15.15,14.7,15.035,6463,0
ALCY.US,5,20260102,205500,15.04,15.0675,14.92,15,9390,0
ALCY.US,5,20260102,210000,14.9502,15.15,14.9502,15.01,5234,0
ALCY.US,5,20260102,210500,15.075,15.13,14.92,14.96,6202,0
ALCY.US,5,20260102,211000,14.922,14.922,14.45,14.75,10894,0
ALCY.US,5,20260102,211500,14.45,14.75,14.45,14.502,2558,0
ALCY.US,5,20260102,212000,14.62,14.62,14.5,14.58,932,0
ALCY.US,5,20260102,212500,14.58,14.665,14.58,14.665,1180,0
ALCY.US,5,20260102,213000,14.75,14.75,14.6,14.6,2432,0
ALCY.US,5,20260102,213500,14.675,14.75,14.6,14.6,4778,0
ALCY.US,5,20260102,214000,14.662,14.67,14.662,14.67,1120,0
ALCY.US,5,20260102,214500,14.7,14.75,14.5,14.6,6710,0
ALCY.US,5,20260102,215000,14.51,14.54,14.2,14.475,8079,0
ALCY.US,5,20260102,215500,14.475,14.7035,14.12,14.45,7562,0
ALCY.US,5,20260105,153000,15.7,15.7,15,15.27,14710,0
ALCY.US,5,20260105,153500,15.27,15.5,15,15.1,1515,0
ALCY.US,5,20260105,154000,15,15,14.51,14.75,3420,0
ALCY.US,5,20260105,154500,14.65,14.9039,14.64,14.75,2451,0
ALCY.US,5,20260105,155000,14.85,15,14.7375,14.796,741,0
ALCY.US,5,20260105,155500,14.96,15,14.7,14.85,6515,0
ALCY.US,5,20260105,160000,14.7,14.8,14.51,14.76,2583,0
ALCY.US,5,20260105,160500,14.76,14.77,14.5,14.77,4355,0
ALCY.US,5,20260105,161000,14.8,14.8,14.5942,14.6,1292,0
ALCY.US,5,20260105,161500,14.6,14.8,14.59,14.7,4875,0
ALCY.US,5,20260105,162000,14.65,14.75,14.5728,14.59,3403,0
ALCY.US,5,20260105,162500,14.73,14.73,14.636,14.636,489,0
ALCY.US,5,20260105,163000,14.715,14.72,14.6307,14.6307,850,0
ALCY.US,5,20260105,163500,14.631,14.631,14.6,14.6,365,0
ALCY.US,5,20260105,164000,14.6,14.75,14.5,14.52,4482,0
ALCY.US,5,20260105,164500,14.45,14.45,13.76,14.3,8961,0
ALCY.US,5,20260105,165000,14.3,14.3,14,14,5423,0
ALCY.US,5,20260105,165500,13.75,14.49,13.75,14.19,4275,0
ALCY.US,5,20260105,170000,14.0829,14.225,13.8,14.05,14606,0
ALCY.US,5,20260105,170500,13.92,14.14,13.92,14.14,3034,0
ALCY.US,5,20260105,171000,14.09,14.09,13.94,14.0043,2370,0
ALCY.US,5,20260105,171500,14.07,14.27,13.601,13.88,9966,0
ALCY.US,5,20260105,172000,13.88,13.96,13.835,13.96,2663,0
ALCY.US,5,20260105,172500,13.92,14.11,13.899,14.0428,1767,0
ALCY.US,5,20260105,173500,13.98,14,13.9,13.95,1509,0
ALCY.US,5,20260105,174000,14,14.0667,13.9,13.95,2855,0
ALCY.US,5,20260105,174500,13.9999,13.9999,13.905,13.932,855,0
ALCY.US,5,20260105,175000,13.95,13.95,13.85,13.86,600,0
ALCY.US,5,20260105,175500,13.8597,13.91,13.8,13.91,704,0
ALCY.US,5,20260105,180000,13.73,13.98,13.7,13.97,1372,0
ALCY.US,5,20260105,180500,13.95,14.11,13.8,14.02,4484,0
ALCY.US,5,20260105,181000,13.9,14.135,13.9,14.08,4029,0
ALCY.US,5,20260105,181500,14.15,14.2,14.05,14.2,2341,0
ALCY.US,5,20260105,182000,14.2,14.24,14.15,14.24,1304,0
ALCY.US,5,20260105,182500,14.25,14.4,14.06,14.4,3617,0
ALCY.US,5,20260105,183000,14.4,14.685,14.4,14.6,5047,0
ALCY.US,5,20260105,183500,14.7,14.75,14.2613,14.2613,7800,0
ALCY.US,5,20260105,184000,14.2648,14.5,14.25,14.4001,2746,0
ALCY.US,5,20260105,185000,14.45,14.55,14.45,14.55,1767,0
ALCY.US,5,20260105,185500,14.55,14.55,14.5,14.5,200,0
ALCY.US,5,20260105,190000,14.55,14.575,14.45,14.575,3033,0
ALCY.US,5,20260105,190500,14.6,14.6,14.6,14.6,911,0
ALCY.US,5,20260105,191000,14.51,14.69,14.45,14.69,1063,0
ALCY.US,5,20260105,191500,14.65,14.65,14.5575,14.5575,1250,0
ALCY.US,5,20260105,192000,14.47,14.47,14.45,14.45,778,0
ALCY.US,5,20260105,193000,14.55,14.55,14.41,14.475,2063,0
ALCY.US,5,20260105,193500,14.4017,14.505,14.4,14.4,1545,0
ALCY.US,5,20260105,194000,14.54,14.54,14.3,14.54,810,0
ALCY.US,5,20260105,194500,14.27,14.27,14.15,14.15,2268,0
ALCY.US,5,20260105,195000,14.16,14.355,14.16,14.355,200,0
ALCY.US,5,20260105,200000,14.19,14.355,14.16,14.18,1100,0
ALCY.US,5,20260105,200500,14.22,14.22,14.19,14.19,300,0
ALCY.US,5,20260105,201000,14.15,14.1555,14.15,14.1555,1553,0
ALCY.US,5,20260105,201500,14.15,14.15,14.15,14.15,281,0
ALCY.US,5,20260105,202000,14.16,14.16,14,14.0204,2111,0
ALCY.US,5,20260105,202500,14,14.52,13.9106,14.52,1734,0
ALCY.US,5,20260105,203000,14.15,14.15,14.15,14.15,100,0
ALCY.US,5,20260105,203500,14.225,14.225,14.2,14.2017,300,0
ALCY.US,5,20260105,204000,14.25,14.425,14.25,14.425,1600,0
ALCY.US,5,20260105,204500,14.4,14.5,14.4,14.484,2191,0
ALCY.US,5,20260105,205000,14.5,14.99,14.5,14.7999,6526,0
ALCY.US,5,20260105,205500,14.8,14.99,14.8,14.8,1000,0
ALCY.US,5,20260105,210000,14.99,15.49,14.96,15.3711,8533,0
ALCY.US,5,20260105,210500,15.4206,15.4206,14.91,15,7037,0
ALCY.US,5,20260105,211000,15,15.1,15,15.1,2051,0
ALCY.US,5,20260105,211500,15.055,15.4899,15.055,15.395,6088,0
ALCY.US,5,20260105,212000,15.445,15.55,15.3843,15.425,7661,0
ALCY.US,5,20260105,212500,15.4,15.54,15.4,15.54,2894,0
ALCY.US,5,20260105,213000,15.4719,15.5499,15.4511,15.5,2336,0
ALCY.US,5,20260105,213500,15.5,15.5,15.36,15.4301,4355,0
ALCY.US,5,20260105,214000,15.55,15.55,15.45,15.54,3507,0
ALCY.US,5,20260105,214500,15.4764,15.4764,15.4,15.4,1680,0
ALCY.US,5,20260105,215000,15.35,15.35,14.9,15.0002,13750,0
ALCY.US,5,20260105,215500,15.09,15.4,14.9,15.25,5771,0
ALCY.US,5,20260106,153000,14.73,14.73,14.4,14.4694,5728,0
ALCY.US,5,20260106,153500,14.74,14.74,14.74,14.74,102,0
ALCY.US,5,20260106,154000,14.66,14.72,14.6001,14.6001,980,0
ALCY.US,5,20260106,154500,14.75,14.75,14.75,14.75,2300,0
ALCY.US,5,20260106,155000,14.65,14.65,14.32,14.65,2192,0
ALCY.US,5,20260106,155500,14.35,14.75,14.35,14.7499,9771,0
ALCY.US,5,20260106,160000,14.69,14.7,14.525,14.525,1280,0
ALCY.US,5,20260106,160500,14.6,14.84,14.6,14.75,14111,0
ALCY.US,5,20260106,161000,14.75,15.08,14.725,14.97,9028,0
ALCY.US,5,20260106,161500,14.75,14.85,14.75,14.85,1350,0
ALCY.US,5,20260106,162000,14.8,14.825,14.7906,14.825,1928,0
ALCY.US,5,20260106,162500,14.92,15.0499,14.84,15.0499,3215,0
ALCY.US,5,20260106,163000,14.99,15.05,14.86,14.86,1669,0
ALCY.US,5,20260106,163500,14.85,15.01,14.85,14.85,1449,0
ALCY.US,5,20260106,164000,14.75,14.75,14.7,14.7,503,0
ALCY.US,5,20260106,164500,14.625,14.65,14.4,14.4,2631,0
ALCY.US,5,20260106,165000,14.5,14.5418,14.4,14.51,4785,0
ALCY.US,5,20260106,165500,14.51,14.625,14.5,14.5,939,0
ALCY.US,5,20260106,170000,14.57,14.67,14.57,14.6,1901,0
ALCY.US,5,20260106,170500,14.595,14.595,14.4,14.4,3295,0
ALCY.US,5,20260106,171000,14.4,14.57,14.4,14.4186,1800,0
ALCY.US,5,20260106,172000,14.4001,14.57,14.4,14.4,836,0
ALCY.US,5,20260106,172500,14.4,14.4152,14.12,14.17,2368,0
ALCY.US,5,20260106,173000,14.325,14.325,14.2072,14.25,1604,0
ALCY.US,5,20260106,173500,14.2,14.35,14.2,14.35,450,0
ALCY.US,5,20260106,174000,14.2,14.506,14.2,14.506,6483,0
ALCY.US,5,20260106,174500,14.56,14.6,14.56,14.6,680,0
ALCY.US,5,20260106,175000,14.55,14.55,14.55,14.55,150,0
ALCY.US,5,20260106,175500,14.4,14.4,14.4,14.4,250,0
ALCY.US,5,20260106,180500,14.69,14.69,14.69,14.69,100,0
ALCY.US,5,20260106,181000,14.5473,14.5473,14.5,14.5,513,0
ALCY.US,5,20260106,181500,14.615,14.615,14.51,14.51,575,0
ALCY.US,5,20260106,182000,14.5,14.5,14.5,14.5,100,0
ALCY.US,5,20260106,182500,14.65,14.65,14.6418,14.6418,400,0
ALCY.US,5,20260106,183000,14.4001,14.74,14.4001,14.74,647,0
ALCY.US,5,20260106,183500,14.86,14.88,14.4453,14.4453,10136,0
ALCY.US,5,20260106,184000,14.8499,14.8499,14.65,14.725,2439,0
ALCY.US,5,20260106,185500,14.725,14.725,14.725,14.725,500,0
ALCY.US,5,20260106,190000,14.849,14.95,14.849,14.85,4267,0
ALCY.US,5,20260106,190500,14.75,15,14.75,15,5514,0
ALCY.US,5,20260106,191000,15.08,15.08,14.9,14.9,2300,0
ALCY.US,5,20260106,191500,14.9,14.9,14.9,14.9,100,0
ALCY.US,5,20260106,192000,15,15.43,15,15.345,1000,0
ALCY.US,5,20260106,192500,15.1,15.27,15.1,15.26,700,0
ALCY.US,5,20260106,193000,15.28,15.566,15.2568,15.395,8363,0
ALCY.US,5,20260106,193500,15.65,15.65,15.35,15.4,1100,0
ALCY.US,5,20260106,194000,15.28,15.5,15.28,15.375,1994,0
ALCY.US,5,20260106,194500,15.375,15.49,15.375,15.49,525,0
ALCY.US,5,20260106,195500,15.25,15.25,14.8374,15.1,900,0
ALCY.US,5,20260106,200500,14.94,15,14.915,14.915,1200,0
ALCY.US,5,20260106,201000,14.915,14.92,14.9,14.92,300,0
ALCY.US,5,20260106,201500,14.63,14.78,14.63,14.65,6317,0
ALCY.US,5,20260106,202000,14.92,14.92,14.8692,14.8692,200,0
ALCY.US,5,20260106,202500,14.65,14.6701,14.65,14.67,380,0
ALCY.US,5,20260106,203000,14.7,14.71,14.7,14.71,500,0
ALCY.US,5,20260106,203500,14.7,14.75,14.7,14.75,217,0
ALCY.US,5,20260106,204000,14.8,14.8,14.65,14.65,200,0
ALCY.US,5,20260106,204500,14.51,14.52,14.51,14.51,1157,0
ALCY.US,5,20260106,205500,14.55,14.836,14.52,14.68,1951,0
ALCY.US,5,20260106,210000,14.6,14.6,14.6,14.6,100,0
ALCY.US,5,20260106,210500,14.61,14.79,14.6,14.6,3600,0
ALCY.US,5,20260106,211000,14.6,14.6,14.52,14.5525,3942,0
ALCY.US,5,20260106,211500,14.51,14.51,14.37,14.38,4916,0
ALCY.US,5,20260106,212000,14.38,14.38,14.38,14.38,100,0
ALCY.US,5,20260106,212500,14.5,14.5,14.37,14.37,2780,0
ALCY.US,5,20260106,213000,14.26,14.3704,14.2298,14.335,3080,0
ALCY.US,5,20260106,213500,14.3,14.46,14.26,14.26,1169,0
ALCY.US,5,20260106,214000,14.41,14.41,14.36,14.36,475,0
ALCY.US,5,20260106,214500,14.3703,14.4599,14.3,14.3,2216,0
ALCY.US,5,20260106,215000,14.22,14.4298,14.2,14.34,1403,0
ALCY.US,5,20260106,215500,14.33,14.585,14.33,14.39,7015,0
ALCY.US,5,20260107,153000,13.94,14.0774,13.58,13.63,5731,0
ALCY.US,5,20260107,153500,13.715,13.95,13.715,13.75,4746,0
ALCY.US,5,20260107,154000,13.65,13.825,12.29,13.47,27908,0
ALCY.US,5,20260107,154500,13.45,13.57,13.25,13.4999,5854,0
ALCY.US,5,20260107,155000,13.5,13.5,13.35,13.395,1111,0
ALCY.US,5,20260107,155500,13.395,13.45,13.18,13.4,1660,0
ALCY.US,5,20260107,160000,13.4996,13.55,13,13.25,5459,0
ALCY.US,5,20260107,160500,13.35,13.51,13.25,13.5,989,0
ALCY.US,5,20260107,161000,13.3,13.494,13.3,13.49,820,0
ALCY.US,5,20260107,161500,13.4,13.5,13.3499,13.5,700,0
ALCY.US,5,20260107,162000,13.4,13.4,13.25,13.25,703,0
ALCY.US,5,20260107,162500,13.3542,13.485,13.3542,13.42,565,0
ALCY.US,5,20260107,163000,13.35,13.407,13.35,13.35,1913,0
ALCY.US,5,20260107,163500,13.31,13.36,13.11,13.11,1513,0
ALCY.US,5,20260107,164000,13.1201,13.34,13.1201,13.2,2247,0
ALCY.US,5,20260107,164500,13.295,13.295,13.16,13.16,268,0
ALCY.US,5,20260107,165000,13.15,13.44,13,13.41,1705,0
ALCY.US,5,20260107,165500,13.05,13.315,13.0001,13.24,2483,0
ALCY.US,5,20260107,170500,13,13.19,13,13.19,500,0
ALCY.US,5,20260107,171000,13.19,13.19,13,13.18,2280,0
ALCY.US,5,20260107,172000,13.3099,13.3099,13.04,13.045,579,0
ALCY.US,5,20260107,172500,13.02,13.05,12.91,13,1807,0
ALCY.US,5,20260107,173000,12.995,13.31,12.995,13.08,907,0
ALCY.US,5,20260107,173500,13.29,13.29,13.2,13.2,200,0
ALCY.US,5,20260107,174000,13.2,13.29,13.17,13.29,1056,0
ALCY.US,5,20260107,174500,13.225,13.24,13.225,13.24,640,0
ALCY.US,5,20260107,175000,13.2,13.2,13.02,13.1276,684,0
ALCY.US,5,20260107,175500,13.05,13.09,12.9962,12.9962,1357,0
ALCY.US,5,20260107,180000,13,13,12.9999,12.9999,200,0
ALCY.US,5,20260107,180500,13.24,13.45,13.1101,13.1101,2568,0
ALCY.US,5,20260107,181000,13.255,13.255,13.255,13.255,738,0
ALCY.US,5,20260107,182000,13.3302,13.49,13.3302,13.4899,5479,0
ALCY.US,5,20260107,182500,13.605,13.605,13.5892,13.5892,1950,0
ALCY.US,5,20260107,183500,13.6,13.66,13.5999,13.66,700,0
ALCY.US,5,20260107,184500,13.52,13.71,13.35,13.71,629,0
ALCY.US,5,20260107,185000,13.35,13.35,13.35,13.35,100,0
ALCY.US,5,20260107,185500,13.395,13.516,13.395,13.44,600,0
ALCY.US,5,20260107,190000,13.36,13.36,13.3599,13.3599,200,0
ALCY.US,5,20260107,190500,13.3744,13.3744,13.3744,13.3744,200,0
ALCY.US,5,20260107,191500,13.3999,13.4,13.3999,13.4,300,0
ALCY.US,5,20260107,192000,13.3,13.365,13.3,13.365,200,0
ALCY.US,5,20260107,193000,13.3,13.3,13.3,13.3,200,0
ALCY.US,5,20260107,193500,13.275,13.29,13.275,13.29,214,0
ALCY.US,5,20260107,194000,13.3,13.3,13.21,13.21,800,0
ALCY.US,5,20260107,194500,13.2,13.24,13.11,13.24,3065,0
ALCY.US,5,20260107,195000,13.1473,13.1473,13.12,13.12,350,0
ALCY.US,5,20260107,195500,13.0083,13.212,13.0083,13.212,392,0
ALCY.US,5,20260107,200000,13.16,13.16,13.16,13.16,100,0
ALCY.US,5,20260107,200500,13.23,13.34,12.66,12.96,7176,0
ALCY.US,5,20260107,201000,12.9934,13.24,12.96,13,1429,0
ALCY.US,5,20260107,201500,13.01,13.0728,13.01,13.0728,456,0
ALCY.US,5,20260107,202000,13.05,13.1,12.75,12.75,1960,0
ALCY.US,5,20260107,202500,13,13,12.5101,12.7501,15052,0
ALCY.US,5,20260107,203000,12.89,12.94,12.64,12.711166,3608,0
ALCY.US,5,20260107,203500,12.94,12.94,12.75,12.75,1405,0
ALCY.US,5,20260107,204000,12.73,12.96,12.6499,12.8046,15046,0
ALCY.US,5,20260107,204500,12.8,12.99,12.76,12.87,1174,0
ALCY.US,5,20260107,205000,13.03,13.09,13,13.09,1716,0
ALCY.US,5,20260107,205500,13.04,13.085,13.04,13.085,1038,0
ALCY.US,5,20260107,210000,13.16,13.32,13.08,13.32,2860,0
ALCY.US,5,20260107,210500,13.305,13.3881,13.21,13.21,1688,0
ALCY.US,5,20260107,211000,13.3894,13.3894,13.2001,13.2001,600,0
ALCY.US,5,20260107,211500,13.39,13.39,13.23,13.3,465,0
ALCY.US,5,20260107,212000,13.2,13.39,13.2,13.21,633,0
ALCY.US,5,20260107,212500,13.25,13.25,13.23,13.23,400,0
ALCY.US,5,20260107,213000,13.35,13.35,13.35,13.35,200,0
ALCY.US,5,20260107,213500,13.25,13.34,13.13,13.13,632,0
ALCY.US,5,20260107,214000,13.2,13.34,13.2,13.2,1147,0
ALCY.US,5,20260107,215000,13.0614,13.07,13.0601,13.0601,610,0
ALCY.US,5,20260107,215500,13.08,13.14,13.06,13.08,1755,0
ALCY.US,5,20260108,153000,12.98,13,12.7,12.7,3204,0
ALCY.US,5,20260108,153500,12.62,12.8,12.61,12.8,310,0
ALCY.US,5,20260108,154000,12.8,12.81,12.8,12.81,400,0
ALCY.US,5,20260108,154500,12.775,12.832434,12.775,12.775,1310,0
ALCY.US,5,20260108,155000,12.775,12.775,12.42,12.55,8773,0
ALCY.US,5,20260108,155500,12.56,12.725,12.56,12.725,600,0
ALCY.US,5,20260108,160000,12.8499,12.8499,12.8499,12.8499,500,0
ALCY.US,5,20260108,160500,12.7204,12.7204,12.45,12.675,6002,0
ALCY.US,5,20260108,161500,12.5,12.675,12.5,12.535,1406,0
ALCY.US,5,20260108,162000,12.7,12.7,12.7,12.7,222,0
ALCY.US,5,20260108,162500,12.55,12.55,12.55,12.55,997,0
ALCY.US,5,20260108,163500,12.7,12.7,12.7,12.7,222,0
ALCY.US,5,20260108,165000,12.6,12.6,12.6,12.6,150,0
ALCY.US,5,20260108,170000,12.73,12.73,12.55,12.575,1652,0
ALCY.US,5,20260108,170500,12.55,12.56,12.55,12.56,236,0
ALCY.US,5,20260108,171000,12.55,12.55,12.55,12.55,100,0
ALCY.US,5,20260108,171500,12.54,12.61,12.54,12.61,300,0
ALCY.US,5,20260108,172500,12.5,12.5,12.5,12.5,871,0
ALCY.US,5,20260108,173000,12.51,12.51,12.51,12.51,548,0
ALCY.US,5,20260108,173500,12.51,12.55,12.51,12.55,600,0
ALCY.US,5,20260108,174000,12.51,12.51,12.36,12.36,2173,0
ALCY.US,5,20260108,174500,12.4086,12.41,12.31,12.32,804,0
ALCY.US,5,20260108,175000,12.425,12.425,12.425,12.425,300,0
ALCY.US,5,20260108,175500,12.31,12.46,12.3,12.3,3099,0
ALCY.US,5,20260108,180000,12.31,12.31,12.31,12.31,798,0
ALCY.US,5,20260108,180500,12.3,12.3,12.21,12.21,798,0
ALCY.US,5,20260108,181000,12.19,12.2232,12.1801,12.19,1936,0
ALCY.US,5,20260108,181500,12.1999,12.31,12.1999,12.24,4445,0
ALCY.US,5,20260108,182000,12.39,12.39,12.39,12.39,100,0
ALCY.US,5,20260108,183500,12.465,12.465,12.465,12.465,100,0
ALCY.US,5,20260108,184000,12.37,12.37,12.37,12.37,412,0
ALCY.US,5,20260108,185000,12.38,12.38,12.38,12.38,300,0
ALCY.US,5,20260108,190500,12.37,12.37,12.3,12.3,500,0
ALCY.US,5,20260108,191500,12.33,12.33,12.33,12.33,250,0
ALCY.US,5,20260108,192000,12.3224,12.3224,12.3224,12.3224,500,0
ALCY.US,5,20260108,192500,12.3224,12.3224,12.3,12.3224,606,0
ALCY.US,5,20260108,193000,12.3,12.3,12.3,12.3,378,0
ALCY.US,5,20260108,194000,12.27,12.27,12.27,12.27,101,0
ALCY.US,5,20260108,194500,12.295,12.295,12.2522,12.2522,411,0
ALCY.US,5,20260108,195000,12.3264,12.3264,12.3264,12.3264,231,0
ALCY.US,5,20260108,195500,12.3,12.3,12.3,12.3,125,0
ALCY.US,5,20260108,200500,12.2,12.21,12.2,12.21,1730,0
ALCY.US,5,20260108,201500,12.25,12.25,12.13,12.16,5012,0
ALCY.US,5,20260108,202000,12.235,12.235,12.14,12.18,650,0
ALCY.US,5,20260108,202500,12.13,12.14,12.0601,12.1399,2426,0
ALCY.US,5,20260108,203000,12.1,12.205,12.1,12.12,1461,0
ALCY.US,5,20260108,203500,12.2,12.2001,12.06,12.095,3862,0
ALCY.US,5,20260108,204000,12.07,12.07,12.05,12.06,1278,0
ALCY.US,5,20260108,204500,12.08,12.08,12.02,12.02,1275,0
ALCY.US,5,20260108,205000,12.085,12.0999,12.06,12.0999,1352,0
ALCY.US,5,20260108,210000,12.055,12.055,12.055,12.055,185,0
ALCY.US,5,20260108,210500,12.06,12.125,12.06,12.125,524,0
ALCY.US,5,20260108,211000,12.1,12.33,12.1,12.2002,7650,0
ALCY.US,5,20260108,211500,12.3068,12.3068,12.3068,12.3068,100,0
ALCY.US,5,20260108,213000,12.14,12.2499,12.14,12.175,382,0
ALCY.US,5,20260108,213500,12.25,12.2984,12.25,12.2984,1448,0
ALCY.US,5,20260108,214500,12.3068,12.355,12.3068,12.355,325,0
ALCY.US,5,20260108,215000,12.355,12.355,12.31,12.31,600,0
ALCY.US,5,20260108,215500,12.3,12.46,12.25,12.46,3345,0
