<TICKER>,<PER>,<DATE>,<TIME>,<OPEN>,<HIGH>,<LOW>,<CLOSE>,<VOL>,<OPENINT>
ANPA.US,5,20250813,153000,36.9,37,36.47,37,2430,0
ANPA.US,5,20250813,153500,40.46,40.46,40.46,40.46,100,0
ANPA.US,5,20250813,155500,40,40,40,40,100,0
ANPA.US,5,20250813,160500,41.9999,41.9999,40.5,40.5,290,0
ANPA.US,5,20250813,161000,38.42,41.59,38.42,41.59,289,0
ANPA.US,5,20250813,162000,41.69,41.69,41.69,41.69,105,0
ANPA.US,5,20250813,163000,42,42,42,42,100,0
ANPA.US,5,20250813,163500,42.75,42.75,42.75,42.75,242,0
ANPA.US,5,20250813,164000,43.01,43.01,43.01,43.01,426,0
ANPA.US,5,20250813,165000,43.89,43.89,43.89,43.89,100,0
ANPA.US,5,20250813,165500,44,44,42.3,42.3,200,0
ANPA.US,5,20250813,170000,42.32,42.32,39.69,39.69,400,0
ANPA.US,5,20250813,170500,41,42.44,41,42.245,700,0
ANPA.US,5,20250813,171000,41.8,41.99,41.8,41.99,218,0
ANPA.US,5,20250813,172500,41,41,41,41,100,0
ANPA.US,5,20250813,183500,40.99,40.99,40.99,40.99,100,0
ANPA.US,5,20250813,185000,41,41,41,41,100,0
ANPA.US,5,20250813,190500,41.5,41.5,41.3901,41.3901,200,0
ANPA.US,5,20250813,200000,40.26,40.26,39.69,39.69,550,0
ANPA.US,5,20250813,200500,39.2,39.2,38,38,1733,0
ANPA.US,5,20250813,201000,37.298,37.298,37.298,37.298,968,0
ANPA.US,5,20250813,201500,37.5,38.86,37.5,38.86,383,0
ANPA.US,5,20250813,203000,37.1,37.1,34.75,37.0855,1486,0
ANPA.US,5,20250813,203500,34.8365,34.8365,34.75,34.75,762,0
ANPA.US,5,20250813,204000,35,35,35,35,100,0
ANPA.US,5,20250813,204500,33.9,33.9,33.8,33.8,441,0
ANPA.US,5,20250813,205000,32.01,33.4,32.01,33.4,1309,0
ANPA.US,5,20250813,205500,33.2,35,33.2,35,509,0
ANPA.US,5,20250813,210500,38.95,38.95,38.85,38.9,700,0
ANPA.US,5,20250813,211000,40,41,40,40,429,0
ANPA.US,5,20250813,211500,41.39,41.39,41.39,41.39,213,0
ANPA.US,5,20250813,212500,40.71,40.71,40.71,40.71,200,0
ANPA.US,5,20250813,213500,41.11,41.11,40.74,40.74,392,0
ANPA.US,5,20250813,214000,39.62,39.62,39.62,39.62,135,0
ANPA.US,5,20250813,215000,41.8791,41.8791,40.2,40.2,1878,0
ANPA.US,5,20250813,215500,38.2,39.8,37.73,39.8,542,0
ANPA.US,5,20250814,153000,39.51,39.51,36.8119,38.36,5853,0
ANPA.US,5,20250814,153500,38.99,38.99,37.765,37.765,478,0
ANPA.US,5,20250814,154000,38.4,38.5,38.4,38.5,200,0
ANPA.US,5,20250814,154500,38.5,38.5,38.5,38.5,100,0
ANPA.US,5,20250814,155000,38.61,38.61,38.01,38.21,1020,0
ANPA.US,5,20250814,155500,38.25,38.25,38.25,38.25,200,0
ANPA.US,5,20250814,160000,38.21,38.21,38.2,38.2,500,0
ANPA.US,5,20250814,161000,38.01,38.01,37.7,37.7,800,0
ANPA.US,5,20250814,162500,37.5001,38,37.5001,37.51,2819,0
ANPA.US,5,20250814,165000,38.2741,38.2741,38,38,200,0
ANPA.US,5,20250814,165500,38,38,37.9,37.905,400,0
ANPA.US,5,20250814,170500,37.6486,37.9,37.6486,37.9,300,0
ANPA.US,5,20250814,171500,37.9,37.9,37.59,37.59,298,0
ANPA.US,5,20250814,172500,38.1,38.1,38.1,38.1,100,0
ANPA.US,5,20250814,173000,37.95,37.95,37.95,37.95,100,0
ANPA.US,5,20250814,174000,38.2,38.2,38.2,38.2,200,0
ANPA.US,5,20250814,174500,38.2,38.2,37.9,37.9,200,0
ANPA.US,5,20250814,181500,37.75,38.4223,37.7,38.035,993,0
ANPA.US,5,20250814,182000,37.8939,37.8939,37.5,37.5,500,0
ANPA.US,5,20250814,182500,37,37,37,37,209,0
ANPA.US,5,20250814,184500,37.665,37.665,36.9,36.96,1720,0
ANPA.US,5,20250814,191000,36.8,36.81,36.8,36.81,200,0
ANPA.US,5,20250814,191500,36.87,36.87,36.86,36.86,333,0
ANPA.US,5,20250814,193500,36.98,36.99,36.98,36.99,1517,0
ANPA.US,5,20250814,195500,36.99,36.99,34.6801,34.6801,1786,0
ANPA.US,5,20250814,200500,35.5,36.04,35.34,35.34,1512,0
ANPA.US,5,20250814,201000,35.65,35.75,35.65,35.75,200,0
ANPA.US,5,20250814,202500,36,36,35.98,35.98,350,0
ANPA.US,5,20250814,204500,35.34,35.515,35.2,35.515,1700,0
ANPA.US,5,20250814,205000,35.2,36,35.04,36,10452,0
ANPA.US,5,20250814,205500,36,36,34.68,34.68,1070,0
ANPA.US,5,20250814,210000,34.61,34.61,34.61,34.61,100,0
ANPA.US,5,20250814,210500,34.38,34.38,33.502,33.502,2213,0
ANPA.US,5,20250814,211500,33.705,36.89,33.705,34.36,566,0
ANPA.US,5,20250814,214000,34.25,34.25,34.25,34.25,400,0
ANPA.US,5,20250814,215000,33.5001,33.5001,31.0101,31.97,3592,0
ANPA.US,5,20250814,215500,31.95,32.1,31.95,32,686,0
ANPA.US,5,20250815,153000,33.93,33.93,33.86,33.93,992,0
ANPA.US,5,20250815,155500,34.5,34.5,34.11,34.11,202,0
ANPA.US,5,20250815,161000,33.51,33.51,33.51,33.51,120,0
ANPA.US,5,20250815,161500,34,34,34,34,100,0
ANPA.US,5,20250815,171000,34,34,34,34,100,0
ANPA.US,5,20250815,175500,35.04,35.04,35.04,35.04,342,0
ANPA.US,5,20250815,184500,35.04,35.04,35.04,35.04,300,0
ANPA.US,5,20250815,210000,35.8986,35.8986,35.8986,35.8986,100,0
ANPA.US,5,20250815,210500,35.82,36.67,35.82,35.925,800,0
ANPA.US,5,20250815,212000,36.41,36.41,36.41,36.41,200,0
ANPA.US,5,20250815,214000,36.4,36.4,36.4,36.4,1732,0
ANPA.US,5,20250815,215500,35.17,36.5,35.17,36.5,584,0
ANPA.US,5,20250818,153000,33.01,34.5,33.01,34.5,705,0
ANPA.US,5,20250818,153500,34.51,34.51,34.5,34.5,390,0
ANPA.US,5,20250818,162500,35.515,35.515,35.515,35.515,100,0
ANPA.US,5,20250818,165500,34.7,34.7,34.7,34.7,121,0
ANPA.US,5,20250818,170500,34.51,34.51,34.51,34.51,130,0
ANPA.US,5,20250818,171000,34.51,34.51,34.51,34.51,121,0
ANPA.US,5,20250818,171500,35.5,35.5,35.5,35.5,100,0
ANPA.US,5,20250818,172000,35,35,34.7,34.7,200,0
ANPA.US,5,20250818,174500,35.5,35.5,35.5,35.5,100,0
ANPA.US,5,20250818,184500,35,35,35,35,100,0
ANPA.US,5,20250818,212000,35.69,35.7,35.69,35.7,400,0
ANPA.US,5,20250818,215500,34.5,34.5,34.5,34.5,700,0
ANPA.US,5,20250819,153000,34.5,34.5,34.5,34.5,158,0
ANPA.US,5,20250819,153500,34.45,34.45,34.45,34.45,1000,0
ANPA.US,5,20250819,154500,34.4532,34.555,34.4532,34.555,836,0
ANPA.US,5,20250819,160000,34.54,35.495,34.53,35.25,700,0
ANPA.US,5,20250819,161000,35.56,35.56,35.56,35.56,100,0
ANPA.US,5,20250819,163500,35.5,35.5,35.5,35.5,100,0
ANPA.US,5,20250819,170000,34.51,34.51,34.5,34.5,200,0
ANPA.US,5,20250819,171500,34.8,34.8,34.8,34.8,100,0
ANPA.US,5,20250819,172000,34.54,34.54,34.54,34.54,100,0
ANPA.US,5,20250819,173000,34.8,34.8,34.8,34.8,187,0
ANPA.US,5,20250819,174000,34.8,34.8,34.8,34.8,223,0
ANPA.US,5,20250819,181500,34.24,34.24,34.24,34.24,100,0
ANPA.US,5,20250819,182000,35,35,35,35,122,0
ANPA.US,5,20250819,182500,34.99,34.99,33.91,33.91,200,0
ANPA.US,5,20250819,183000,34.71,34.71,34.71,34.71,100,0
ANPA.US,5,20250819,184500,35.9918,35.9918,34.6,34.6,1000,0
ANPA.US,5,20250819,185000,35.04,35.04,34.7,34.71,671,0
ANPA.US,5,20250819,185500,34.9,34.9,34.6,34.6,1008,0
ANPA.US,5,20250819,190000,34.85,34.85,34.5,34.5,600,0
ANPA.US,5,20250819,190500,34.6,34.9,34.1,34.9,724,0
ANPA.US,5,20250819,191000,34.6,34.6,34.6,34.6,230,0
ANPA.US,5,20250819,194000,34.5,34.5,34.5,34.5,100,0
ANPA.US,5,20250819,195000,34.45,34.45,34.45,34.45,100,0
ANPA.US,5,20250819,195500,34.5,34.5,34.5,34.5,100,0
ANPA.US,5,20250819,201000,34.35,34.35,33.9,33.9,200,0
ANPA.US,5,20250819,210000,33.8,34.2583,33.8,34.2583,300,0
ANPA.US,5,20250819,213500,33.8,33.8,33.8,33.8,337,0
ANPA.US,5,20250819,215000,34.46,34.46,34.46,34.46,111,0
ANPA.US,5,20250819,215500,34.87,34.87,34.87,34.87,561,0
ANPA.US,5,20250820,153500,34.92,35.49,34.59,35.49,900,0
ANPA.US,5,20250820,155000,34.99,34.99,34.99,34.99,100,0
ANPA.US,5,20250820,155500,34.89,34.9,34.89,34.9,200,0
ANPA.US,5,20250820,161000,34.7859,34.7859,34.7859,34.7859,280,0
ANPA.US,5,20250820,161500,32,32,32,32,134,0
ANPA.US,5,20250820,162000,34.2,34.2,34.2,34.2,100,0
ANPA.US,5,20250820,164500,34.1,34.2,33.92,34.2,798,0
ANPA.US,5,20250820,165000,34.2,34.2,33.7,34,1162,0
ANPA.US,5,20250820,170000,34,34,33.4,33.4,340,0
ANPA.US,5,20250820,170500,33.5,33.95,33.5,33.75,433,0
ANPA.US,5,20250820,171000,33.49,33.5,33.49,33.5,200,0
ANPA.US,5,20250820,171500,34.2,34.2,34.2,34.2,100,0
ANPA.US,5,20250820,175500,34.6,34.6,34.6,34.6,445,0
ANPA.US,5,20250820,181000,34.89,34.89,34.21,34.21,300,0
ANPA.US,5,20250820,184000,34.29,34.6,34.29,34.6,300,0
ANPA.US,5,20250820,184500,34.65,34.69,34.65,34.69,200,0
ANPA.US,5,20250820,185000,34.89,34.89,34.89,34.89,200,0
ANPA.US,5,20250820,193000,34.5,34.5,34.5,34.5,200,0
ANPA.US,5,20250820,200500,34.29,34.3994,34.29,34.3,500,0
ANPA.US,5,20250820,202500,34,34,34,34,100,0
ANPA.US,5,20250820,210000,33.14,33.5,32.855,32.855,2578,0
ANPA.US,5,20250820,210500,32.905,32.91,32.42,32.66,1366,0
ANPA.US,5,20250820,211000,32.65,32.73,32.65,32.73,300,0
ANPA.US,5,20250820,211500,32.675,32.75,32,32,1590,0
ANPA.US,5,20250820,212000,32.48,32.55,32.41,32.55,1500,0
ANPA.US,5,20250820,212500,32.2,32.2,31.215,31.215,1131,0
ANPA.US,5,20250820,213000,31.51,31.51,30.81,30.83,1874,0
ANPA.US,5,20250820,213500,30.83,31.5,30.83,31.5,400,0
ANPA.US,5,20250820,214000,31.5,31.5,30.82,30.82,844,0
ANPA.US,5,20250820,215000,31.0409,31.17,30.83,30.83,2770,0
ANPA.US,5,20250820,215500,30.85,30.89,30.85,30.89,703,0
ANPA.US,5,20250821,153000,30.05,30.06,30.05,30.06,200,0
ANPA.US,5,20250821,153500,30.07,30.07,30.07,30.07,100,0
ANPA.US,5,20250821,154000,30.09,30.09,30.09,30.09,100,0
ANPA.US,5,20250821,155500,31,31,31,31,300,0
ANPA.US,5,20250821,161500,32,33,32,33,200,0
ANPA.US,5,20250821,162000,33,33,33,33,200,0
ANPA.US,5,20250821,162500,32.0001,33.98,32.0001,32.1,1424,0
ANPA.US,5,20250821,163000,32.2,32.2,32.2,32.2,200,0
ANPA.US,5,20250821,173000,33.93,33.93,32.99,32.99,200,0
ANPA.US,5,20250821,174000,33.49,33.49,33.49,33.49,700,0
ANPA.US,5,20250821,174500,33.2211,33.2211,33.2211,33.2211,100,0
ANPA.US,5,20250821,175000,33.25,33.25,33.25,33.25,100,0
ANPA.US,5,20250821,175500,33.2,33.2,33.2,33.2,100,0
ANPA.US,5,20250821,182000,33,33.2,33,33.2,200,0
ANPA.US,5,20250821,183500,32.8,32.9,32.65,32.9,300,0
ANPA.US,5,20250821,185000,33,33,33,33,100,0
ANPA.US,5,20250821,190000,33.98,34.5,33.1001,34.4999,4206,0
ANPA.US,5,20250821,190500,34.45,34.5,33.3,33.3,721,0
ANPA.US,5,20250821,192000,31.8,31.8,31.8,31.8,115,0
ANPA.US,5,20250821,201500,34.25,34.25,34.25,34.25,125,0
ANPA.US,5,20250821,212500,34.3779,34.3779,34.3779,34.3779,600,0
ANPA.US,5,20250821,215500,33.515,33.515,33.515,33.515,326,0
ANPA.US,5,20250822,153000,34.29,34.5,34,34.49,665,0
ANPA.US,5,20250822,154000,34.5,34.8,34.5,34.8,283,0
ANPA.US,5,20250822,155500,34.8,34.8,34.8,34.8,213,0
ANPA.US,5,20250822,160000,34.8,34.8,34.8,34.8,213,0
ANPA.US,5,20250822,164000,34.9,34.9,34.9,34.9,100,0
ANPA.US,5,20250822,172000,35.95,35.95,35.95,35.95,100,0
ANPA.US,5,20250822,172500,35.99,36,35.1765,35.1765,702,0
ANPA.US,5,20250822,173000,35.8,35.8,35.8,35.8,130,0
ANPA.US,5,20250822,180000,36.1,36.1,35.4,35.4,1550,0
ANPA.US,5,20250822,180500,36.05,36.5,35.4,36.5,1400,0
ANPA.US,5,20250822,181000,36.5,36.5,36.5,36.5,146,0
ANPA.US,5,20250822,181500,35.85,36.5,35.85,36.35,700,0
ANPA.US,5,20250822,182000,36.4,36.4,36.4,36.4,100,0
ANPA.US,5,20250822,183000,37.01,37.12,37.01,37.12,400,0
ANPA.US,5,20250822,183500,37.27,37.27,37.27,37.27,100,0
ANPA.US,5,20250822,184000,36.5,36.5,36.5,36.5,200,0
ANPA.US,5,20250822,195500,36.5,36.5,36.5,36.5,200,0
ANPA.US,5,20250822,204500,36.29,36.29,36.29,36.29,500,0
ANPA.US,5,20250822,210500,35.88,35.97,35.74,35.97,300,0
ANPA.US,5,20250822,211000,35.54,35.54,35.54,35.54,100,0
ANPA.US,5,20250822,211500,35.7,35.7,35.7,35.7,100,0
ANPA.US,5,20250822,212500,36.42,36.42,35.8,35.8,200,0
ANPA.US,5,20250822,213000,35.7,35.9,34.42,34.42,800,0
ANPA.US,5,20250822,215000,36.42,36.42,36.42,36.42,224,0
ANPA.US,5,20250822,215500,36.66,36.8,36.66,36.8,701,0
ANPA.US,5,20250825,153000,37.5,38,37.49,37.5,1686,0
ANPA.US,5,20250825,154000,38,38,37.95,37.95,257,0
ANPA.US,5,20250825,161500,38.55,39,38.55,39,750,0
ANPA.US,5,20250825,162000,39.99,42,39.95,41,6795,0
ANPA.US,5,20250825,162500,40,40,40,40,160,0
ANPA.US,5,20250825,165000,38.78,38.8,38.5,38.8,300,0
ANPA.US,5,20250825,172500,40,40,40,40,300,0
ANPA.US,5,20250825,173500,39.1,39.1,39.1,39.1,100,0
ANPA.US,5,20250825,174500,39.998,39.998,39.998,39.998,100,0
ANPA.US,5,20250825,182000,38.11,38.11,38.11,38.11,100,0
ANPA.US,5,20250825,183500,38.51,38.51,38.51,38.51,100,0
ANPA.US,5,20250825,184000,38.8,39.1,38.61,38.71,711,0
ANPA.US,5,20250825,185000,38.92,38.92,38.92,38.92,100,0
ANPA.US,5,20250825,185500,38.73,38.73,38.73,38.73,100,0
ANPA.US,5,20250825,190000,39,39,39,39,600,0
ANPA.US,5,20250825,210000,39.45,39.45,39.45,39.45,100,0
ANPA.US,5,20250825,213500,39.88,40,39.88,40,300,0
ANPA.US,5,20250825,214500,39.99,40,39.99,40,200,0
ANPA.US,5,20250825,215000,40.3,40.3,40.3,40.3,100,0
ANPA.US,5,20250825,215500,41,41.7,41,41.7,818,0
ANPA.US,5,20250826,153000,42.17,42.17,42.17,42.17,160,0
ANPA.US,5,20250826,153500,42,42,42,42,100,0
ANPA.US,5,20250826,154000,42,44,42,44,830,0
ANPA.US,5,20250826,155000,43.6,43.6,43.6,43.6,100,0
ANPA.US,5,20250826,160000,44,44.38,44,44.38,400,0
ANPA.US,5,20250826,160500,42,42,42,42,100,0
ANPA.US,5,20250826,161000,43.9,44.4,43.9,44.4,458,0
ANPA.US,5,20250826,162000,43.8841,43.8841,43.8841,43.8841,113,0
ANPA.US,5,20250826,165000,43.5,43.5,43.3,43.3,303,0
ANPA.US,5,20250826,173000,44,44,44,44,100,0
ANPA.US,5,20250826,181000,43.3513,43.3513,43.349,43.349,230,0
ANPA.US,5,20250826,181500,43.62,43.62,43.3,43.3,400,0
ANPA.US,5,20250826,182000,43.75,43.75,43.75,43.75,100,0
ANPA.US,5,20250826,185000,43.75,43.75,43.75,43.75,100,0
ANPA.US,5,20250826,190500,43.1,43.1,42.05,42.05,200,0
ANPA.US,5,20250826,202000,43.3501,43.3501,43.35,43.35,400,0
ANPA.US,5,20250826,210000,43.41,43.41,43.41,43.41,100,0
ANPA.US,5,20250826,210500,43.985,44,43.8,44,600,0
ANPA.US,5,20250826,212000,44,44,44,44,159,0
ANPA.US,5,20250826,213500,44.42,44.65,44.41,44.65,474,0
ANPA.US,5,20250826,214000,44.7886,47.15,44.7886,47,3234,0
ANPA.US,5,20250826,214500,47.15,49.8,47.15,47.15,600,0
ANPA.US,5,20250826,215500,49.2146,52.88,48.095,52.88,710,0
ANPA.US,5,20250827,153000,53.44,54.75,53.44,54.75,921,0
ANPA.US,5,20250827,153500,54.75,54.75,51.59,51.59,1332,0
ANPA.US,5,20250827,154000,51.5,51.5,51.5,51.5,300,0
ANPA.US,5,20250827,155000,48.26,49.5,47.99,49.5,846,0
ANPA.US,5,20250827,155500,49.8,49.8,48.11,48.11,4394,0
ANPA.US,5,20250827,160000,49.16,49.16,47,49.1425,600,0
ANPA.US,5,20250827,160500,48.7,48.7,48.6,48.6,200,0
ANPA.US,5,20250827,161500,48.3,48.3,45.6,48.3,1414,0
ANPA.US,5,20250827,165000,48.585,48.585,46.5,46.5,600,0
ANPA.US,5,20250827,165500,47.7,48.2,47.65,48.2,508,0
ANPA.US,5,20250827,170000,46,46.1,46,46.1,367,0
ANPA.US,5,20250827,170500,46,46.2,45.75,46.05,902,0
ANPA.US,5,20250827,171000,45.7,45.7,45.6,45.6,200,0
ANPA.US,5,20250827,180000,46.55,46.55,46.55,46.55,150,0
ANPA.US,5,20250827,190000,46.99,47,46.99,47,200,0
ANPA.US,5,20250827,190500,47,47.01,47,47.01,200,0
ANPA.US,5,20250827,193500,48.5,48.5,48.395,48.395,200,0
ANPA.US,5,20250827,194500,46.6,46.6,46.6,46.6,100,0
ANPA.US,5,20250827,205000,47.41,47.6,47.41,47.6,400,0
ANPA.US,5,20250827,205500,47.6,47.6,47.6,47.6,755,0
ANPA.US,5,20250827,211000,47.36,47.36,47.36,47.36,100,0
ANPA.US,5,20250827,211500,47.66,47.66,47.66,47.66,100,0
ANPA.US,5,20250827,212000,48.2,48.2,48.2,48.2,100,0
ANPA.US,5,20250827,214000,47.59,47.6,47.59,47.6,493,0
ANPA.US,5,20250827,215000,47.6,47.6,47.6,47.6,272,0
ANPA.US,5,20250827,215500,47.995,49.49,47.995,48,408,0
ANPA.US,5,20250828,153000,46.71,46.71,46.71,46.71,112,0
ANPA.US,5,20250828,155000,47.5,47.5,47.5,47.5,100,0
ANPA.US,5,20250828,155500,48,48,48,48,200,0
ANPA.US,5,20250828,160500,48.5,48.5,48.5,48.5,100,0
ANPA.US,5,20250828,161000,49,49,49,49,100,0
ANPA.US,5,20250828,161500,48.4,48.4,48.4,48.4,188,0
ANPA.US,5,20250828,162000,48.4,48.4,48.4,48.4,727,0
ANPA.US,5,20250828,162500,47.49,48.5,47.49,48.5,300,0
ANPA.US,5,20250828,175500,48.15,48.15,48.15,48.15,100,0
ANPA.US,5,20250828,181000,47.9,47.9,47.9,47.9,145,0
ANPA.US,5,20250828,182000,47.67,47.6994,47.67,47.6994,600,0
ANPA.US,5,20250828,182500,48,48,47.88,47.9094,372,0
ANPA.US,5,20250828,183000,48,48.2,48,48.2,200,0
ANPA.US,5,20250828,184000,48.5,48.5,48.5,48.5,100,0
ANPA.US,5,20250828,184500,48.9035,48.9035,48.9035,48.9035,600,0
ANPA.US,5,20250828,190500,47.03,47.03,47.03,47.03,100,0
ANPA.US,5,20250828,191000,47.04,47.04,47.04,47.04,100,0
ANPA.US,5,20250828,192500,47,47,47,47,110,0
ANPA.US,5,20250828,193000,48,48,48,48,180,0
ANPA.US,5,20250828,194000,47.01,47.01,47.0005,47.0005,200,0
ANPA.US,5,20250828,195500,47.45,47.45,47.45,47.45,100,0
ANPA.US,5,20250828,200000,47.2,47.2,46.98,46.98,200,0
ANPA.US,5,20250828,200500,46.65,46.65,46.65,46.65,101,0
ANPA.US,5,20250828,202000,44.9,44.9,44.9,44.9,100,0
ANPA.US,5,20250828,203000,43.099,43.099,43.099,43.099,279,0
ANPA.US,5,20250828,204000,45.311,45.311,45.05,45.311,400,0
ANPA.US,5,20250828,205500,45.7,45.7,45.29,45.3,500,0
ANPA.US,5,20250828,210000,46,46,46,46,100,0
ANPA.US,5,20250828,211500,46.73,46.73,45.59,45.6,913,0
ANPA.US,5,20250828,212000,47,47,47,47,100,0
ANPA.US,5,20250828,214000,46.76,46.76,46.76,46.76,100,0
ANPA.US,5,20250828,215000,46.57,46.57,45.96,45.96,400,0
ANPA.US,5,20250828,215500,46.97,49.99,46.29,46.29,447,0
ANPA.US,5,20250829,153000,46,46,46,46,100,0
ANPA.US,5,20250829,154000,46.57,46.5994,46.57,46.5994,576,0
ANPA.US,5,20250829,162500,45.6909,45.6909,44.5,44.5,318,0
ANPA.US,5,20250829,163000,44.8,44.8,44.8,44.8,100,0
ANPA.US,5,20250829,165000,43.7,43.7,43.7,43.7,100,0
ANPA.US,5,20250829,170500,42,43,39.72,42,563,0
ANPA.US,5,20250829,171000,41.79,41.8,41.79,41.8,200,0
ANPA.US,5,20250829,171500,42.6,42.6,42.25,42.25,718,0
ANPA.US,5,20250829,174500,42.996,42.996,42.996,42.996,192,0
ANPA.US,5,20250829,204500,40.7368,42,40.375,40.81,745,0
ANPA.US,5,20250829,205500,40.715,40.715,40.715,40.715,100,0
ANPA.US,5,20250829,210000,40.99,40.99,40.99,40.99,100,0
ANPA.US,5,20250829,212500,40.99,40.99,40.99,40.99,240,0
ANPA.US,5,20250829,213000,41.58,41.58,41.58,41.58,100,0
ANPA.US,5,20250829,213500,41.5,41.5,41.5,41.5,180,0
ANPA.US,5,20250829,214500,42,42,42,42,100,0
ANPA.US,5,20250829,215500,40.72,40.72,40.72,40.72,101,0
ANPA.US,5,20250902,160000,42.045,42.045,42.045,42.045,100,0
ANPA.US,5,20250902,162000,41,41,41,41,100,0
ANPA.US,5,20250902,175500,40,40,39,39,200,0
ANPA.US,5,20250902,192000,39.5,39.5,39.5,39.5,100,0
ANPA.US,5,20250902,193000,41.0475,41.0475,41.0475,41.0475,100,0
ANPA.US,5,20250902,193500,41.81,41.81,41.81,41.81,100,0
ANPA.US,5,20250902,194000,40.3,40.3,40.3,40.3,100,0
ANPA.US,5,20250902,194500,40.7,40.7,40.65,40.65,200,0
ANPA.US,5,20250902,200000,40.75,40.75,40.75,40.75,100,0
ANPA.US,5,20250902,200500,40.8,40.8,40.8,40.8,100,0
ANPA.US,5,20250902,202500,40.875,40.875,40.875,40.875,900,0
ANPA.US,5,20250902,210000,40.5,41.1499,40.5,41.04,304,0
ANPA.US,5,20250902,213000,41.65,42.04,41.65,42.04,200,0
ANPA.US,5,20250902,213500,42,42,41.8,41.8,240,0
ANPA.US,5,20250902,215500,42.1,42.1,42.1,42.1,101,0
ANPA.US,5,20250903,154000,41.7,41.7,41.7,41.7,206,0
ANPA.US,5,20250903,155000,42.89,42.89,42.89,42.89,213,0
ANPA.US,5,20250903,160500,43.37,43.37,43.37,43.37,100,0
ANPA.US,5,20250903,162000,41.97,41.9994,41.97,41.9994,216,0
ANPA.US,5,20250903,163000,41.51,41.8,41.51,41.8,200,0
ANPA.US,5,20250903,164500,41.01,41.01,41.01,41.01,100,0
ANPA.US,5,20250903,165000,42,42.3297,41.5,42.3297,400,0
ANPA.US,5,20250903,171000,42,42,42,42,151,0
ANPA.US,5,20250903,172000,42.36,42.36,42.36,42.36,100,0
ANPA.US,5,20250903,172500,42.9999,43.5999,42.5,43.5999,700,0
ANPA.US,5,20250903,175500,41.77,41.7994,40.97,40.9994,900,0
ANPA.US,5,20250903,180000,42.16,42.16,41,41,500,0
ANPA.US,5,20250903,180500,41.515,41.515,41.515,41.515,100,0
ANPA.US,5,20250903,182000,41.5,41.5,41.5,41.5,121,0
ANPA.US,5,20250903,183000,41.4,41.4,41.4,41.4,100,0
ANPA.US,5,20250903,183500,41.5,41.5,41.5,41.5,500,0
ANPA.US,5,20250903,184000,41.3,41.3,41.3,41.3,100,0
ANPA.US,5,20250903,185000,40.3,40.3,40.3,40.3,250,0
ANPA.US,5,20250903,191000,41.37,41.37,39.8,39.8,1797,0
ANPA.US,5,20250903,192000,40.8,40.8,40.8,40.8,100,0
ANPA.US,5,20250903,192500,41.6,41.6,41.6,41.6,133,0
ANPA.US,5,20250903,195000,40.45,40.45,40.45,40.45,100,0
ANPA.US,5,20250903,201500,40.22,40.22,40.22,40.22,208,0
ANPA.US,5,20250904,153000,40.9,40.9,40.9,40.9,283,0
ANPA.US,5,20250904,155000,39.8002,39.8002,39.8002,39.8002,100,0
ANPA.US,5,20250904,155500,39.14,39.14,39.14,39.14,100,0
ANPA.US,5,20250904,171500,39,39,39,39,100,0
ANPA.US,5,20250904,174000,39.31,39.31,39.17,39.17,300,0
ANPA.US,5,20250904,182500,40.85,40.85,38.6,38.6,700,0
ANPA.US,5,20250904,204500,38,38,37.5,37.5,699,0
ANPA.US,5,20250904,215500,40,40,40,40,164,0
ANPA.US,5,20250905,154500,38.08,38.08,38.08,38.08,100,0
ANPA.US,5,20250905,162000,38.5,38.5,38.5,38.5,121,0
ANPA.US,5,20250905,163000,37.7,37.7,37.7,37.7,100,0
ANPA.US,5,20250905,171000,39,39,39,39,100,0
ANPA.US,5,20250905,173000,39,39,39,39,490,0
ANPA.US,5,20250905,182000,40.54,40.55,40.54,40.55,200,0
ANPA.US,5,20250905,183500,40.7,40.7,40.7,40.7,200,0
ANPA.US,5,20250905,185000,42,42,42,42,163,0
ANPA.US,5,20250905,185500,43.0174,43.42,41,41,839,0
ANPA.US,5,20250905,193000,40.88,40.88,40.88,40.88,100,0
ANPA.US,5,20250905,200500,40.73,40.73,40.7006,40.7006,224,0
ANPA.US,5,20250905,203000,41.6,41.62,41.6,41.62,320,0
ANPA.US,5,20250905,204000,41.8,41.8,41.8,41.8,100,0
ANPA.US,5,20250905,204500,41.69,42.19,41.69,42.19,700,0
ANPA.US,5,20250905,205000,41,41,41,41,100,0
ANPA.US,5,20250905,210000,41.2,41.2,41.2,41.2,100,0
ANPA.US,5,20250905,210500,41.2,41.2,41.08,41.08,300,0
ANPA.US,5,20250905,214000,39.4,39.4,39.4,39.4,750,0
ANPA.US,5,20250905,215000,40.8,40.8,40.62,40.62,344,0
ANPA.US,5,20250908,153500,40.62,40.62,40.62,40.62,487,0
ANPA.US,5,20250908,161000,42.43,42.43,42.43,42.43,2000,0
ANPA.US,5,20250908,172500,39.03,39.03,39.03,39.03,100,0
ANPA.US,5,20250908,181000,39.3,39.3,39.3,39.3,100,0
ANPA.US,5,20250908,210500,36.99,36.99,36.99,36.99,100,0
ANPA.US,5,20250908,212000,37.75,37.75,37.75,37.75,100,0
ANPA.US,5,20250908,213500,37.5,37.53,37.5,37.53,400,0
ANPA.US,5,20250909,153000,34.42,34.42,34,34,428,0
ANPA.US,5,20250909,153500,35.5,36,35.5,36,244,0
ANPA.US,5,20250909,154000,36,36,36,36,200,0
ANPA.US,5,20250909,154500,35.77,36,35.77,36,344,0
ANPA.US,5,20250909,160500,37,37,37,37,400,0
ANPA.US,5,20250909,161500,36,36.3,36,36,435,0
ANPA.US,5,20250909,165000,37,37,36.98,36.98,376,0
ANPA.US,5,20250909,172500,37.659,37.659,37.659,37.659,100,0
ANPA.US,5,20250909,181000,36,36,36,36,171,0
ANPA.US,5,20250909,182500,36.5,36.5,36.4,36.4,610,0
ANPA.US,5,20250909,183000,36.89,36.89,36.89,36.89,100,0
ANPA.US,5,20250909,184000,37,37,36.1,36.1,581,0
ANPA.US,5,20250909,184500,36.98,36.99,36.98,36.99,200,0
ANPA.US,5,20250909,185000,37,37,37,37,200,0
ANPA.US,5,20250909,190000,37,37,37,37,194,0
ANPA.US,5,20250909,190500,37,37,37,37,199,0
ANPA.US,5,20250909,191000,37,37,37,37,199,0
ANPA.US,5,20250909,191500,37,37,37,37,395,0
ANPA.US,5,20250909,192000,37.1,37.1,37,37,300,0
ANPA.US,5,20250909,192500,37.1,37.1,37.1,37.1,269,0
ANPA.US,5,20250909,193000,37.1,37.1,37.1,37.1,100,0
ANPA.US,5,20250909,194500,37.4,37.5,37.4,37.5,452,0
ANPA.US,5,20250909,200000,37.99,38.15,37.99,38.15,350,0
ANPA.US,5,20250909,200500,37.5,38.5,37.5,38.5,200,0
ANPA.US,5,20250909,201500,38.5,38.9,38.5,38.5,657,0
ANPA.US,5,20250909,204500,38.38,38.38,38.38,38.38,203,0
ANPA.US,5,20250909,211000,38.73,38.73,38.73,38.73,200,0
ANPA.US,5,20250909,211500,38.83,39.5,38.25,38.25,606,0
ANPA.US,5,20250909,212000,39.5,40.5,38,39,2030,0
ANPA.US,5,20250909,212500,40,41.06,39.19,39.8349,1966,0
ANPA.US,5,20250909,213000,41.5,41.5,39.99,40,3150,0
ANPA.US,5,20250909,213500,39.19,41.5,39.19,41,5184,0
ANPA.US,5,20250909,214000,40.9,40.9,39,39.09,1198,0
ANPA.US,5,20250909,214500,40.5,40.5,39.04,39.6,656,0
ANPA.US,5,20250909,215000,40.19,40.5,39.01,40.2994,2005,0
ANPA.US,5,20250909,215500,40.3,43,40,43,1904,0
ANPA.US,5,20250910,153000,38.9,38.9,38.9,38.9,477,0
ANPA.US,5,20250910,163500,41.5311,41.5311,41.5311,41.5311,491,0
ANPA.US,5,20250910,171000,45,45.5,45,45.5,353,0
ANPA.US,5,20250910,171500,47,47,47,47,249,0
ANPA.US,5,20250910,173000,45.5,45.57,45.5,45.5,1172,0
ANPA.US,5,20250910,174500,46.2669,51.67,46.2669,49.01,3635,0
ANPA.US,5,20250910,175000,48.505,48.505,48,48,5571,0
ANPA.US,5,20250910,175500,47.38,48.9481,47.38,48.2,858,0
ANPA.US,5,20250910,180500,47.199,47.199,47.199,47.199,175,0
ANPA.US,5,20250910,181500,47,47,47,47,203,0
ANPA.US,5,20250910,183000,47.0608,47.0608,47.0608,47.0608,389,0
ANPA.US,5,20250910,184000,48,48,48,48,400,0
ANPA.US,5,20250910,184500,48,48,48,48,400,0
ANPA.US,5,20250910,185000,47.01,47.01,47.0005,47.0005,200,0
ANPA.US,5,20250910,185500,47.04,48.065,47.002,47.9,1500,0
ANPA.US,5,20250910,190000,47.9,47.9,47.9,47.9,200,0
ANPA.US,5,20250910,195000,47.89,48,47.84,48,700,0
ANPA.US,5,20250910,195500,48,48.5,47.975,48,2100,0
ANPA.US,5,20250910,200000,47.9,48.255,47.89,48,2631,0
ANPA.US,5,20250910,200500,47.975,49.005,47.97,47.99,3100,0
ANPA.US,5,20250910,201000,48,48,48,48,1502,0
ANPA.US,5,20250910,201500,48,48,48,48,1400,0
ANPA.US,5,20250910,202000,48,48,47.925,48,2300,0
ANPA.US,5,20250910,202500,47.84,48.28,47.84,48.005,1585,0
ANPA.US,5,20250910,203000,48.005,48.1,47.88,48,1501,0
ANPA.US,5,20250910,203500,48,49.975,48,48.445,2221,0
ANPA.US,5,20250910,204000,48,48.475,48,48,2426,0
ANPA.US,5,20250910,204500,47.89,48.6,47.81,47.99,5316,0
ANPA.US,5,20250910,205000,47.84,47.97,47.79,47.9,950,0
ANPA.US,5,20250910,205500,47.89,47.98,47.89,47.98,400,0
ANPA.US,5,20250910,210000,47.97,48,47.875,47.9,1500,0
ANPA.US,5,20250910,210500,47.9,48,47.885,47.9,1600,0
ANPA.US,5,20250910,211000,47.795,48.055,46.52,48.055,2327,0
ANPA.US,5,20250910,211500,47.85,47.925,47.74,47.925,1200,0
ANPA.US,5,20250910,212000,47.925,47.925,47.75,47.92,1900,0
ANPA.US,5,20250910,212500,47.92,47.925,47.74,47.925,2274,0
ANPA.US,5,20250910,213000,47.74,47.925,47.74,47.8,1300,0
ANPA.US,5,20250910,213500,47.75,47.925,47.74,47.74,1490,0
ANPA.US,5,20250910,214000,47.74,48,47.74,47.75,2200,0
ANPA.US,5,20250910,214500,47.75,48,47.71,47.75,27902,0
ANPA.US,5,20250910,215000,47.95,48.85,47.75,48,20790,0
ANPA.US,5,20250910,215500,46.81,48.02,45.97,46,16497,0
ANPA.US,5,20250911,153000,47.35,47.35,47.35,47.35,572,0
ANPA.US,5,20250911,153500,46,46,46,46,199,0
ANPA.US,5,20250911,154500,47,47,47,47,134,0
ANPA.US,5,20250911,155000,47.97,47.97,47.97,47.97,101,0
ANPA.US,5,20250911,155500,48,48,48,48,100,0
ANPA.US,5,20250911,160000,47.96,48,47.9,47.95,1393,0
ANPA.US,5,20250911,160500,47.46,47.925,47.46,47.65,800,0
ANPA.US,5,20250911,161000,47.925,48,47.78,47.92,2129,0
ANPA.US,5,20250911,161500,47.945,48.05,47.935,47.94,2073,0
ANPA.US,5,20250911,162000,47.875,47.925,47.875,47.925,515,0
ANPA.US,5,20250911,162500,47.8,47.91,47.8,47.91,1251,0
ANPA.US,5,20250911,163000,47.925,47.925,47.87,47.875,1200,0
ANPA.US,5,20250911,163500,47.87,47.915,47.86,47.915,990,0
ANPA.US,5,20250911,164000,47.78,47.91,47.78,47.91,600,0
ANPA.US,5,20250911,164500,47.895,48,47.8,47.8,1800,0
ANPA.US,5,20250911,165000,47.885,47.895,47.8,47.895,800,0
ANPA.US,5,20250911,165500,47.885,47.885,47.74,47.81,2458,0
ANPA.US,5,20250911,170000,47.84,47.8425,47.75,47.775,1100,0
ANPA.US,5,20250911,170500,47.775,47.8275,47.7,47.73,1800,0
ANPA.US,5,20250911,171000,47.765,47.865,47.7,47.7505,2700,0
ANPA.US,5,20250911,171500,47.75,47.89,47.75,47.77,1258,0
ANPA.US,5,20250911,172000,47.765,47.8,47.7,47.79,1720,0
ANPA.US,5,20250911,172500,47.79,47.82,47.7,47.7,1300,0
ANPA.US,5,20250911,173000,47.8,47.8,47.61,47.69,2109,0
ANPA.US,5,20250911,173500,47.775,47.775,47.7,47.745,1000,0
ANPA.US,5,20250911,174000,47.77,47.77,47.59,47.69,1400,0
ANPA.US,5,20250911,174500,47.69,47.71,47.53,47.53,1291,0
ANPA.US,5,20250911,175000,47.675,47.68,47.48,47.48,1300,0
ANPA.US,5,20250911,175500,47.675,47.675,47.48,47.605,1200,0
ANPA.US,5,20250911,180000,47.66,47.66,47.4375,47.615,1300,0
ANPA.US,5,20250911,180500,47.58,47.625,47.46,47.625,1300,0
ANPA.US,5,20250911,181000,47.65,47.65,47.455,47.455,1500,0
ANPA.US,5,20250911,181500,47.6,47.6,47.465,47.465,1100,0
ANPA.US,5,20250911,182000,47.5,47.73,47.5,47.66,2200,0
ANPA.US,5,20250911,182500,47.575,47.5775,47.5,47.5375,1900,0
ANPA.US,5,20250911,183000,47.48,47.605,47.48,47.5175,1200,0
ANPA.US,5,20250911,183500,47.54,47.605,47.48,47.5775,1500,0
ANPA.US,5,20250911,184000,47.4,47.6,47.4,47.6,1371,0
ANPA.US,5,20250911,184500,47.53,47.585,47.41,47.575,1165,0
ANPA.US,5,20250911,185000,47.56,47.62,47.5225,47.545,1500,0
ANPA.US,5,20250911,185500,47.495,47.58,47.495,47.5,1200,0
ANPA.US,5,20250911,190000,47.53,47.605,47.495,47.55,1500,0
ANPA.US,5,20250911,190500,47.54,47.6175,47.47,47.6175,1300,0
ANPA.US,5,20250911,191000,47.54,47.555,47.21,47.4875,1200,0
ANPA.US,5,20250911,191500,47.47,47.5,47.38,47.5,900,0
ANPA.US,5,20250911,192000,47.5,47.505,47.465,47.48,1800,0
ANPA.US,5,20250911,192500,47.465,47.51,47.35,47.4,1300,0
ANPA.US,5,20250911,193000,47.39,47.51,47.32,47.51,1600,0
ANPA.US,5,20250911,193500,47.6,47.655,47.5,47.6,2600,0
ANPA.US,5,20250911,194000,47.575,47.61,47.525,47.58,900,0
ANPA.US,5,20250911,194500,47.61,47.61,47.48,47.58,1600,0
ANPA.US,5,20250911,195000,47.575,47.6,47.55,47.57,900,0
ANPA.US,5,20250911,195500,47.575,47.61,47.525,47.58,1700,0
ANPA.US,5,20250911,200000,47.575,47.61,47.57,47.58,1300,0
ANPA.US,5,20250911,200500,47.575,47.615,47.57,47.57,1200,0
ANPA.US,5,20250911,201000,47.575,47.61,47.56,47.58,1200,0
ANPA.US,5,20250911,201500,47.575,47.61,47.49,47.5005,1700,0
ANPA.US,5,20250911,202000,47.52,47.605,47.48,47.51,2200,0
ANPA.US,5,20250911,202500,47.49,47.655,47.49,47.6,1000,0
ANPA.US,5,20250911,203000,47.585,47.605,47.53,47.53,866,0
ANPA.US,5,20250911,203500,47.4925,47.605,47.485,47.57,2179,0
ANPA.US,5,20250911,204000,47.5,47.9,47.42,47.51,6949,0
ANPA.US,5,20250911,204500,47.51,47.675,47.31,47.58,5732,0
ANPA.US,5,20250911,205000,47.565,47.565,47.5,47.5,4300,0
ANPA.US,5,20250911,205500,47.565,47.565,47.34,47.34,3500,0
ANPA.US,5,20250911,210000,47.45,47.49,47.34,47.4575,2911,0
ANPA.US,5,20250911,210500,47.31,47.455,47.303,47.455,3837,0
ANPA.US,5,20250911,211000,47.47,47.47,47.45,47.4525,3100,0
ANPA.US,5,20250911,211500,47.465,47.465,47.3,47.435,1700,0
ANPA.US,5,20250911,212000,47.39,47.675,47.3042,47.545,2405,0
ANPA.US,5,20250911,212500,47.605,48,47.48,47.8,6000,0
ANPA.US,5,20250911,213000,47.79,48.01,47.79,48.01,15509,0
ANPA.US,5,20250911,213500,48,48,47.8,47.9,18616,0
ANPA.US,5,20250911,214000,47.89,47.925,47.8002,47.8005,18240,0
ANPA.US,5,20250911,214500,47.9,48,47.775,47.775,4900,0
ANPA.US,5,20250911,215000,47.775,48.01,47.55,48,11280,0
ANPA.US,5,20250911,215500,46.95,48.1,46.95,48,20351,0
ANPA.US,5,20250912,153000,48,48,47.995,48,576,0
ANPA.US,5,20250912,153500,47.89,48,47,47.7,3062,0
ANPA.US,5,20250912,154000,47.7,47.7,47.68,47.68,310,0
ANPA.US,5,20250912,154500,47.48,47.48,47,47.1,700,0
ANPA.US,5,20250912,155000,46.9,46.9,46.9,46.9,200,0
ANPA.US,5,20250912,155500,48,48,48,48,500,0
ANPA.US,5,20250912,160000,46,46.35,46,46.05,3159,0
ANPA.US,5,20250912,160500,46.02,46.03,46.0005,46.0015,600,0
ANPA.US,5,20250912,161500,46.48,46.48,45.87,45.87,200,0
ANPA.US,5,20250912,162000,45.5,45.5,45,45,440,0
ANPA.US,5,20250912,163000,45.5,47,45.5,47,794,0
ANPA.US,5,20250912,163500,46.655,46.655,46.655,46.655,100,0
ANPA.US,5,20250912,164000,46.44,46.44,46.44,46.44,100,0
ANPA.US,5,20250912,164500,46.25,46.8,46.1,46.8,500,0
ANPA.US,5,20250912,165000,46.25,46.25,46.25,46.25,100,0
ANPA.US,5,20250912,170500,47.5,47.5,47.5,47.5,259,0
ANPA.US,5,20250912,173000,45.51,45.52,45.51,45.5105,310,0
ANPA.US,5,20250912,182500,45.15,45.15,45.15,45.15,153,0
ANPA.US,5,20250912,195500,43.19,43.2,43.19,43.2,200,0
ANPA.US,5,20250912,201500,40.51,40.51,40.51,40.51,100,0
ANPA.US,5,20250912,214500,40.51,40.51,40.51,40.51,100,0
ANPA.US,5,20250915,153500,40.8439,41.16,40.8439,41.05,300,0
ANPA.US,5,20250915,154000,41.3,41.3,39.71,39.71,300,0
ANPA.US,5,20250915,154500,39.9,39.9,38.5,38.5,314,0
ANPA.US,5,20250915,160500,41.2,41.2,40.5,40.5,200,0
ANPA.US,5,20250915,162000,40.4,40.4,40.4,40.4,100,0
ANPA.US,5,20250915,165500,39.0001,39.0001,39.0001,39.0001,100,0
ANPA.US,5,20250915,192000,40,42.5,40,42.5,400,0
ANPA.US,5,20250915,192500,40.8,40.8,40.8,40.8,300,0
ANPA.US,5,20250915,213000,42.0377,42.0377,42.0377,42.0377,1000,0
ANPA.US,5,20250915,215500,40.02,40.02,39.37,39.5,774,0
ANPA.US,5,20250916,154500,41.85,41.85,40.465,40.465,470,0
ANPA.US,5,20250916,155000,40,40.5,40,40.5,400,0
ANPA.US,5,20250916,160500,40.32,40.32,40.32,40.32,100,0
ANPA.US,5,20250917,165000,40,40,40,40,1136,0
ANPA.US,5,20250918,153500,40.45,40.45,40.45,40.45,200,0
ANPA.US,5,20250918,155500,39.5481,39.5481,39.5481,39.5481,151,0
ANPA.US,5,20250918,170500,39.134,39.134,39.134,39.134,111,0
ANPA.US,5,20250918,175000,39.01,39.105,38.9,38.9,500,0
ANPA.US,5,20250918,175500,38.58,38.58,38.58,38.58,400,0
ANPA.US,5,20250918,180500,37.9,37.9,37.01,37.51,328,0
ANPA.US,5,20250918,181000,35.68,35.76,35,35.76,1317,0
ANPA.US,5,20250918,182500,35.88,35.88,35.88,35.88,100,0
ANPA.US,5,20250918,183000,35.9,35.9,35.9,35.9,133,0
ANPA.US,5,20250918,184000,36.2,36.2,36.11,36.11,1100,0
ANPA.US,5,20250918,190000,35.9,35.9,32.91,34,1096,0
ANPA.US,5,20250918,193500,35.3,35.3,35.3,35.3,150,0
ANPA.US,5,20250918,200000,34.8898,34.8898,34.8898,34.8898,100,0
ANPA.US,5,20250918,202000,34.78,34.78,34.5,34.5,500,0
ANPA.US,5,20250918,204500,35,35,35,35,200,0
ANPA.US,5,20250918,210000,35.4,35.4,35.37,35.37,239,0
ANPA.US,5,20250918,214500,36.25,36.3,36.25,36.3,400,0
ANPA.US,5,20250919,153000,34.5,35.6,34.5,35.6,754,0
ANPA.US,5,20250919,154500,35.7698,35.7698,35.7431,35.7431,329,0
ANPA.US,5,20250919,162000,35.9012,35.9012,35.67,35.67,291,0
ANPA.US,5,20250919,170000,36,36,36,36,200,0
ANPA.US,5,20250919,174000,35.6,35.6,35.6,35.6,250,0
ANPA.US,5,20250919,180500,36,36,36,36,100,0
ANPA.US,5,20250919,181000,35.8,35.8,35.8,35.8,200,0
ANPA.US,5,20250919,182500,35.8,35.8,35.8,35.8,200,0
ANPA.US,5,20250919,183500,35.51,35.51,35.5005,35.5005,400,0
ANPA.US,5,20250919,184000,35.51,35.51,35.51,35.51,107,0
ANPA.US,5,20250919,191500,35.7,35.7,35.7,35.7,129,0
ANPA.US,5,20250919,192000,35.6226,35.6226,35.6226,35.6226,400,0
ANPA.US,5,20250919,193000,35.75,35.8,35.75,35.8,284,0
ANPA.US,5,20250919,210000,36.1,36.1,36.1,36.1,591,0
ANPA.US,5,20250919,215500,36.96,37,36.96,37,325,0
ANPA.US,5,20250922,153000,36.99,38.8,36.99,38.8,386,0
ANPA.US,5,20250922,154000,37.67,37.67,37.67,37.67,350,0
ANPA.US,5,20250922,154500,36.34,36.34,36.34,36.34,138,0
ANPA.US,5,20250922,155000,35.23,35.38,35.23,35.38,200,0
ANPA.US,5,20250922,162000,37.447,37.447,37.447,37.447,150,0
ANPA.US,5,20250922,163500,35.39,35.6564,35.39,35.6564,250,0
ANPA.US,5,20250922,164500,36.29,36.29,36.29,36.29,100,0
ANPA.US,5,20250922,172000,36.545,36.545,36.545,36.545,133,0
ANPA.US,5,20250922,175500,37.6,37.6,37.6,37.6,320,0
ANPA.US,5,20250922,180000,36.59,36.59,36.59,36.59,250,0
ANPA.US,5,20250922,182500,36.42,36.42,35.65,36.18,338,0
ANPA.US,5,20250922,183000,36.07,36.1,36.07,36.1,200,0
ANPA.US,5,20250922,183500,36.02,36.06,35.88,35.88,300,0
ANPA.US,5,20250922,195000,36.0585,36.0585,36.0585,36.0585,250,0
ANPA.US,5,20250922,195500,35.4,35.4,35.4,35.4,100,0
ANPA.US,5,20250922,200000,35.98,35.98,35.98,35.98,302,0
ANPA.US,5,20250922,203500,35.542,35.542,35.542,35.542,100,0
ANPA.US,5,20250922,213000,36.04,36.04,36.04,36.04,210,0
ANPA.US,5,20250922,214500,36.0904,36.0904,36.0904,36.0904,1000,0
ANPA.US,5,20250922,215500,35.55,35.55,35.55,35.55,100,0
ANPA.US,5,20250923,171000,35,35,35,35,100,0
ANPA.US,5,20250923,171500,35,35,35,35,1900,0
ANPA.US,5,20250923,172500,35,35,35,35,216,0
ANPA.US,5,20250923,191500,35.63,35.77,35.54,35.56,2000,0
ANPA.US,5,20250923,192000,35.59,35.94,35.55,35.88,3800,0
ANPA.US,5,20250923,192500,35.67,36.16,35.49,36.16,4503,0
ANPA.US,5,20250923,193000,36.28,36.39,35.85,36.1,1701,0
ANPA.US,5,20250923,193500,35.95,35.95,35.95,35.95,100,0
ANPA.US,5,20250923,194000,35.6,35.6,35.6,35.6,100,0
ANPA.US,5,20250923,194500,35.9,35.9,35.9,35.9,100,0
ANPA.US,5,20250923,195000,38.38,38.38,38.38,38.38,300,0
ANPA.US,5,20250923,200000,36.05,36.05,36,36,200,0
ANPA.US,5,20250923,200500,36.05,36.05,35.93,35.93,300,0
ANPA.US,5,20250923,204500,38.485,38.485,38.485,38.485,100,0
ANPA.US,5,20250923,205000,38.97,38.97,38.97,38.97,300,0
ANPA.US,5,20250923,212000,36.0434,36.0434,36.0434,36.0434,112,0
ANPA.US,5,20250923,213000,37.295,37.295,37.295,37.295,100,0
ANPA.US,5,20250923,215500,37.06,37.06,37.06,37.06,102,0
ANPA.US,5,20250924,165500,36.07,36.07,36.07,36.07,100,0
ANPA.US,5,20250924,182500,35.45,35.45,35.45,35.45,100,0
ANPA.US,5,20250924,184500,35.45,35.45,35.45,35.45,194,0
ANPA.US,5,20250925,184500,36.04,36.05,36.04,36.05,400,0
ANPA.US,5,20250925,185000,36.32,36.32,36.32,36.32,100,0
ANPA.US,5,20250925,204000,35.1053,35.42,35.1053,35.42,322,0
ANPA.US,5,20250926,153500,35.45,35.45,35.45,35.45,100,0
ANPA.US,5,20250926,155500,34.55,34.55,34.5,34.54,500,0
ANPA.US,5,20250926,172000,32.9,32.9,32,32,915,0
ANPA.US,5,20250926,172500,32,32,32,32,580,0
ANPA.US,5,20250926,173000,32.02,32.02,32.01,32.01,200,0
ANPA.US,5,20250926,173500,32.01,32.02,32.01,32.0102,2266,0
ANPA.US,5,20250926,174500,30.9998,30.9998,30.9998,30.9998,200,0
ANPA.US,5,20250926,175000,30.46,31.99,30.46,30.46,1463,0
ANPA.US,5,20250926,175500,30.59,30.59,30.57,30.59,400,0
ANPA.US,5,20250926,185000,29.41,29.41,29.1005,29.11,800,0
ANPA.US,5,20250926,185500,29.132,29.51,29.132,29.51,234,0
ANPA.US,5,20250926,190000,29.41,29.46,29.41,29.46,200,0
ANPA.US,5,20250926,191000,29.3,29.3,29.3,29.3,298,0
ANPA.US,5,20250926,193000,29.3,29.3,29.3,29.3,100,0
ANPA.US,5,20250926,195000,30.5921,30.5921,30.5921,30.5921,136,0
ANPA.US,5,20250926,210500,29.6,29.6,29.6,29.6,100,0
ANPA.US,5,20250926,211000,30.38,30.38,30.38,30.38,179,0
ANPA.US,5,20250926,211500,30,30,30,30,200,0
ANPA.US,5,20250926,212000,30.38,30.38,30.38,30.38,100,0
ANPA.US,5,20250926,214000,29.6,29.6,29.6,29.6,100,0
ANPA.US,5,20250926,215000,29.4438,29.4438,29.4438,29.4438,300,0
ANPA.US,5,20250929,153000,29.05,31,29.05,29.05,399,0
ANPA.US,5,20250929,155500,29.06,29.06,29.06,29.06,469,0
ANPA.US,5,20250929,160500,29.07,29.07,29.07,29.07,500,0
ANPA.US,5,20250929,164000,29.3344,29.3344,29.3344,29.3344,100,0
ANPA.US,5,20250929,165500,30,30.44,30,30.44,1259,0
ANPA.US,5,20250929,173500,29.77,29.77,29.77,29.77,200,0
ANPA.US,5,20250929,183000,30,30,30,30,200,0
ANPA.US,5,20250929,183500,29.63,29.63,29.63,29.63,100,0
ANPA.US,5,20250929,195000,31,31,31,31,200,0
ANPA.US,5,20250929,214500,29.9,29.9,29.9,29.9,100,0
ANPA.US,5,20250929,215000,29.91,29.91,29.91,29.91,100,0
ANPA.US,5,20250930,160000,30.5,30.5,30.5,30.5,100,0
ANPA.US,5,20250930,160500,30.35,30.35,30.35,30.35,100,0
ANPA.US,5,20250930,162500,30.6797,30.6797,30.6797,30.6797,100,0
ANPA.US,5,20250930,165000,31.4217,31.4217,31.4217,31.4217,300,0
ANPA.US,5,20250930,174500,30.95,31.2,30.95,31.2,247,0
ANPA.US,5,20250930,215500,29.6,29.6,29.6,29.6,1090,0
ANPA.US,5,20251001,162500,29.63,29.63,29.602,29.602,200,0
ANPA.US,5,20251001,173000,30.1,30.1,30.1,30.1,100,0
ANPA.US,5,20251001,173500,29.64,29.64,29.64,29.64,100,0
ANPA.US,5,20251001,181500,30.3,30.3,30.3,30.3,300,0
ANPA.US,5,20251001,201500,29.97,29.97,29.97,29.97,114,0
ANPA.US,5,20251001,202000,30.05,30.05,30.05,30.05,100,0
ANPA.US,5,20251002,173000,29.2711,29.2711,29.2711,29.2711,155,0
ANPA.US,5,20251002,173500,29.27,29.27,29.27,29.27,100,0
ANPA.US,5,20251002,180500,29.5,29.5,29.5,29.5,100,0
ANPA.US,5,20251002,182500,29.69,29.69,29.69,29.69,280,0
ANPA.US,5,20251002,184500,29.51,29.51,29,29.31,2900,0
ANPA.US,5,20251002,185000,29.07,29.31,28.97,29.11,4695,0
ANPA.US,5,20251002,185500,29.23,29.45,29.23,29.27,2500,0
ANPA.US,5,20251002,192500,29.01,29.01,29.01,29.01,142,0
ANPA.US,5,20251002,195000,29.5,29.5,29.5,29.5,100,0
ANPA.US,5,20251002,205500,29,29,29,29,100,0
ANPA.US,5,20251002,210000,28.902,29.01,28.9,28.9,400,0
ANPA.US,5,20251003,161500,29.28,29.28,28.9,29.0101,3129,0
ANPA.US,5,20251003,164000,29,29,29,29,200,0
ANPA.US,5,20251003,164500,28.86,28.87,28.86,28.86,300,0
ANPA.US,5,20251003,172000,28.66,28.66,28.55,28.55,200,0
ANPA.US,5,20251003,172500,28.18,28.22,27.86,28.22,800,0
ANPA.US,5,20251003,173000,28.1,28.1,28.1,28.1,100,0
ANPA.US,5,20251003,173500,28,28,28,28,100,0
ANPA.US,5,20251003,182500,27.21,27.21,26.6,27.15,527,0
ANPA.US,5,20251003,183000,27.02,27.02,26.9847,26.9847,646,0
ANPA.US,5,20251003,184000,26.5,26.5,26.5,26.5,100,0
ANPA.US,5,20251003,185000,26.3,26.3,26,26,200,0
ANPA.US,5,20251003,190000,25.01,25.01,25.01,25.01,100,0
ANPA.US,5,20251003,192500,25.3924,25.3924,25.3924,25.3924,204,0
ANPA.US,5,20251003,193000,25.0321,25.0321,25.0321,25.0321,200,0
ANPA.US,5,20251003,193500,25.18,25.18,25.03,25.047,560,0
ANPA.US,5,20251003,194000,25.0302,25.0302,25,25,952,0
ANPA.US,5,20251003,195500,25.69,25.69,25.38,25.38,500,0
ANPA.US,5,20251003,215500,26,26,26,26,360,0
ANPA.US,5,20251006,153000,26,26,26,26,100,0
ANPA.US,5,20251006,153500,26.8,28,26.77,26.77,350,0
ANPA.US,5,20251006,154000,26.69,27.9,26.6,26.6,400,0
ANPA.US,5,20251006,154500,26.2,27.6,26.2,27.6,415,0
ANPA.US,5,20251006,155500,26.7,26.7,26.7,26.7,354,0
ANPA.US,5,20251006,162500,26.701,26.701,26.701,26.701,200,0
ANPA.US,5,20251006,163000,26.7,26.7,26.7,26.7,100,0
ANPA.US,5,20251006,165500,26.4,26.4,26.4,26.4,100,0
ANPA.US,5,20251006,170000,26.09,26.09,25.5,25.5,250,0
ANPA.US,5,20251006,170500,26.09,26.09,26.09,26.09,1389,0
ANPA.US,5,20251006,181500,26.4,27.85,26.4,26.97,393,0
ANPA.US,5,20251006,182000,27.04,27.04,27.04,27.04,100,0
ANPA.US,5,20251006,182500,27.05,27.12,26.82,26.82,1173,0
ANPA.US,5,20251006,205500,26.95,26.95,26.82,26.82,1222,0
ANPA.US,5,20251006,210500,26.95,26.95,26.95,26.95,100,0
ANPA.US,5,20251006,215500,26.95,26.95,26.95,26.95,268,0
ANPA.US,5,20251007,163500,27.7,29.5,27.32,28.6,1526,0
ANPA.US,5,20251007,164000,28.4,28.4,28.4,28.4,100,0
ANPA.US,5,20251007,164500,28,28,28,28,100,0
ANPA.US,5,20251007,170500,28.3,29.22,28.3,28.97,400,0
ANPA.US,5,20251007,171000,28.4,28.61,28.2,28.35,800,0
ANPA.US,5,20251007,174000,27.6,27.6,27.6,27.6,100,0
ANPA.US,5,20251007,193500,27.37,27.45,27.37,27.45,200,0
ANPA.US,5,20251007,202500,26.925,26.925,26.925,26.925,100,0
ANPA.US,5,20251007,212000,27,27,27,27,200,0
ANPA.US,5,20251008,161000,27.56,27.56,27.56,27.56,100,0
ANPA.US,5,20251008,161500,27.2,27.2,27.2,27.2,100,0
ANPA.US,5,20251009,154500,28,28.5,28,28.5,200,0
ANPA.US,5,20251009,160000,27.4,27.4,27.4,27.4,143,0
ANPA.US,5,20251009,163000,26.12,26.12,26.12,26.12,524,0
ANPA.US,5,20251009,164000,26.12,26.12,25.988,25.988,231,0
ANPA.US,5,20251009,184500,25.7465,25.7465,25.7465,25.7465,229,0
ANPA.US,5,20251009,195000,24.3396,24.3396,24,24,1002,0
ANPA.US,5,20251009,195500,24.0001,24.0001,24.0001,24.0001,100,0
ANPA.US,5,20251009,205000,25.63,25.68,25.63,25.6799,698,0
ANPA.US,5,20251009,215000,24.3101,24.3101,24.3101,24.3101,123,0
ANPA.US,5,20251010,153000,26,26,26,26,400,0
ANPA.US,5,20251010,153500,25.55,25.55,25.55,25.55,100,0
ANPA.US,5,20251010,162500,25.55,25.55,25.55,25.55,100,0
ANPA.US,5,20251010,165500,25.29,25.94,25.29,25.94,300,0
ANPA.US,5,20251010,192500,25.465,25.465,25.465,25.465,300,0
ANPA.US,5,20251010,200000,24.525,24.7224,24.52,24.7156,556,0
ANPA.US,5,20251010,201000,24.52,24.52,24.3,24.3,581,0
ANPA.US,5,20251010,203500,24.5125,24.5125,24.5125,24.5125,779,0
ANPA.US,5,20251010,214500,24.3,24.3,24.3,24.3,108,0
ANPA.US,5,20251010,215500,24.005,24.005,23.91,23.91,487,0
ANPA.US,5,20251013,153000,24,24,24,24,100,0
ANPA.US,5,20251013,153500,23.92,23.92,23.92,23.92,100,0
ANPA.US,5,20251013,154500,24.5,24.5,24.5,24.5,100,0
ANPA.US,5,20251013,155000,24.53,24.53,24.53,24.53,100,0
ANPA.US,5,20251013,155500,24.53,24.53,24.53,24.53,100,0
ANPA.US,5,20251013,160500,24,24.0502,23.679,24.0501,2512,0
ANPA.US,5,20251013,161000,24.1072,24.1072,24.0956,24.1,500,0
ANPA.US,5,20251013,162000,24.55,24.55,24.55,24.55,100,0
ANPA.US,5,20251013,164000,24.59,24.59,24.59,24.59,117,0
ANPA.US,5,20251013,172000,24.53,24.53,24.53,24.53,100,0
ANPA.US,5,20251013,183000,24.59,24.59,24.59,24.59,100,0
ANPA.US,5,20251013,183500,24.18,24.5,24.15,24.15,1771,0
ANPA.US,5,20251013,184000,24.15,24.3,24.15,24.1629,1032,0
ANPA.US,5,20251013,205500,24.9682,24.9682,24.9682,24.9682,150,0
ANPA.US,5,20251013,211000,24.9,24.9,24.9,24.9,100,0
ANPA.US,5,20251013,215500,25,25,25,25,260,0
ANPA.US,5,20251014,160500,24.4142,24.4142,24.4142,24.4142,400,0
ANPA.US,5,20251014,171000,24.46,24.46,24.2,24.45,2900,0
ANPA.US,5,20251014,183000,25,25,25,25,500,0
ANPA.US,5,20251014,184500,25.61,25.8,25.61,25.8,200,0
ANPA.US,5,20251014,185000,25.75,25.83,25.65,25.83,300,0
ANPA.US,5,20251014,190000,25.7,25.98,25.7,25.98,200,0
ANPA.US,5,20251014,192000,25.6,25.6,25.6,25.6,100,0
ANPA.US,5,20251014,214000,25.33,25.33,25.33,25.33,100,0
ANPA.US,5,20251014,214500,25.77,25.77,25.77,25.77,100,0
ANPA.US,5,20251015,160000,25.2,25.2001,25.2,25.2001,200,0
ANPA.US,5,20251015,162500,26.13,26.13,25.96,26.1,400,0
ANPA.US,5,20251015,171000,26.1048,26.1048,26.1048,26.1048,379,0
ANPA.US,5,20251015,185500,26.22,26.26,26.18,26.22,800,0
ANPA.US,5,20251015,190000,26.34,26.34,26.22,26.22,500,0
ANPA.US,5,20251015,200500,25.51,25.51,25.51,25.51,100,0
ANPA.US,5,20251017,171000,25.5,25.5,25.5,25.5,120,0
ANPA.US,5,20251017,172500,25.55,25.55,25.55,25.55,100,0
ANPA.US,5,20251017,181000,25.09,25.09,25,25,277,0
ANPA.US,5,20251017,181500,24.9,24.9,24.9,24.9,800,0
ANPA.US,5,20251017,192500,24.3335,24.3335,24.3335,24.3335,400,0
ANPA.US,5,20251017,212500,24.7256,24.7256,24.7256,24.7256,100,0
ANPA.US,5,20251020,164500,25.72,25.72,25.72,25.72,200,0
ANPA.US,5,20251020,165000,25.7,26,25.59,26,1494,0
ANPA.US,5,20251020,165500,25.8,25.8,25.8,25.8,100,0
ANPA.US,5,20251020,170000,25.78,25.78,25.779,25.78,475,0
ANPA.US,5,20251020,174500,25.85,25.85,25.06,25.06,1699,0
ANPA.US,5,20251020,211500,25.39,25.39,25.39,25.39,100,0
ANPA.US,5,20251021,211000,25.51,25.51,25.51,25.51,100,0
ANPA.US,5,20251021,213500,25.5,25.5,25.5,25.5,100,0
ANPA.US,5,20251021,214000,25.5,25.5,25.5,25.5,100,0
ANPA.US,5,20251021,215000,25.6,25.6,25.6,25.6,100,0
ANPA.US,5,20251021,215500,25.7,25.7,25.7,25.7,100,0
ANPA.US,5,20251022,153000,25.51,25.51,25.51,25.51,158,0
ANPA.US,5,20251022,170000,25.51,25.51,25.51,25.51,100,0
ANPA.US,5,20251022,174500,25,25,24.7,24.7,200,0
ANPA.US,5,20251022,181500,24.55,24.55,24.55,24.55,100,0
ANPA.US,5,20251022,202000,25.46,25.46,25.46,25.46,200,0
ANPA.US,5,20251022,210000,24.56,24.56,24.5,24.5,200,0
ANPA.US,5,20251023,182000,25.35,25.35,25.35,25.35,232,0
ANPA.US,5,20251023,183000,25.05,25.2,25,25.2,1312,0
ANPA.US,5,20251023,183500,25.28,25.28,25.28,25.28,100,0
ANPA.US,5,20251023,201000,25,25,25,25,289,0
ANPA.US,5,20251023,213500,24.9,24.9,24.9,24.9,200,0
ANPA.US,5,20251024,153500,24.25,24.25,24,24,1334,0
ANPA.US,5,20251024,154000,24.01,24.01,23.9,23.9,300,0
ANPA.US,5,20251024,154500,23.62,23.62,22.99,22.99,2920,0
ANPA.US,5,20251024,171000,24.8,24.8,24.8,24.8,100,0
ANPA.US,5,20251024,173000,24.85,24.85,24.85,24.85,100,0
ANPA.US,5,20251024,213000,25.15,25.25,24.95,25.25,400,0
ANPA.US,5,20251024,213500,24.95,25.65,24.72,24.72,3023,0
ANPA.US,5,20251024,214000,24.88,24.88,24,24,600,0
ANPA.US,5,20251024,214500,24,24,24,24,100,0
ANPA.US,5,20251027,152000,23.55,23.55,23.53,23.53,511,0
ANPA.US,5,20251027,153500,23.95,23.95,23.95,23.95,100,0
ANPA.US,5,20251027,162500,23.94,23.95,23.9,23.95,1702,0
ANPA.US,5,20251027,171500,23.9,23.9,23.9,23.9,153,0
ANPA.US,5,20251027,195500,23.55,23.55,23.55,23.55,111,0
ANPA.US,5,20251028,143000,23.56,23.56,23.56,23.56,100,0
ANPA.US,5,20251029,164500,24.855,24.855,24.855,24.855,100,0
ANPA.US,5,20251029,181500,25.405,25.405,25.405,25.405,100,0
ANPA.US,5,20251029,193000,25.55,25.55,25.55,25.55,100,0
ANPA.US,5,20251029,201000,26,26,26,26,358,0
ANPA.US,5,20251029,202000,25.67,25.67,25.67,25.67,120,0
ANPA.US,5,20251030,150500,25.95,25.95,25.77,25.77,200,0
ANPA.US,5,20251030,151000,25.5,25.5,25.5,25.5,100,0
ANPA.US,5,20251030,153500,25.431,25.431,25.431,25.431,100,0
ANPA.US,5,20251030,161000,25.715,25.715,25.715,25.715,237,0
ANPA.US,5,20251030,164500,25.405,25.405,25.405,25.405,100,0
ANPA.US,5,20251030,181500,25.3,25.3,25.3,25.3,113,0
ANPA.US,5,20251030,184000,24.5,24.5,24.5,24.5,200,0
ANPA.US,5,20251030,194500,25.62,25.62,25.62,25.62,100,0
ANPA.US,5,20251031,163500,26.115,26.115,26.115,26.115,100,0
ANPA.US,5,20251031,191000,26.115,26.115,26.115,26.115,100,0
ANPA.US,5,20251103,162000,25.955,25.955,25.955,25.955,115,0
ANPA.US,5,20251103,174500,26.37,26.37,26.37,26.37,100,0
ANPA.US,5,20251103,185000,27.695,27.695,27.695,27.695,100,0
ANPA.US,5,20251103,185500,27.45,28.49,27.45,28.0006,600,0
ANPA.US,5,20251104,183500,27,27,27,27,100,0
ANPA.US,5,20251104,184000,26.16,26.16,26.16,26.16,100,0
ANPA.US,5,20251104,204500,26.8,26.8,26.8,26.8,100,0
ANPA.US,5,20251104,205000,26.725,26.725,26.725,26.725,100,0
ANPA.US,5,20251104,213500,26.16,26.16,26.16,26.16,100,0
ANPA.US,5,20251104,214000,26,26,26,26,155,0
ANPA.US,5,20251104,214500,26,26,26,26,112,0
ANPA.US,5,20251104,215000,25.06,25.06,25.06,25.06,100,0
ANPA.US,5,20251104,215500,25.03,25.03,25.03,25.03,100,0
ANPA.US,5,20251105,180000,25.2,25.2,25.2,25.2,100,0
ANPA.US,5,20251105,182500,25.1053,25.1053,25.1053,25.1053,180,0
ANPA.US,5,20251105,193000,25.85,25.85,25.85,25.85,100,0
ANPA.US,5,20251105,210500,25.66,25.71,25.66,25.71,200,0
ANPA.US,5,20251105,215000,25.56,25.56,25.56,25.56,200,0
ANPA.US,5,20251106,174500,26.04,26.04,26.04,26.04,100,0
ANPA.US,5,20251107,155000,26,26,26,26,1000,0
ANPA.US,5,20251107,162000,26.25,26.25,26.25,26.25,100,0
ANPA.US,5,20251107,172000,26.11,26.13,26.01,26.01,1010,0
ANPA.US,5,20251107,172500,26.01,26.01,26.01,26.01,831,0
ANPA.US,5,20251107,173000,25.8,25.8,25.8,25.8,280,0
ANPA.US,5,20251107,173500,25.9475,26,25.9,26,1038,0
ANPA.US,5,20251107,174000,25.9,25.9,25.9,25.9,1286,0
ANPA.US,5,20251107,193500,26,26,26,26,100,0
ANPA.US,5,20251107,211000,26.4,26.4,26.4,26.4,100,0
ANPA.US,5,20251110,174500,26.8,26.8,26.8,26.8,182,0
ANPA.US,5,20251110,175000,27.09,27.1,27.02,27.0201,700,0
ANPA.US,5,20251110,180000,28,28.2,28,28.1,747,0
ANPA.US,5,20251110,180500,28.15,28.4,28.15,28.4,1500,0
ANPA.US,5,20251110,181000,28.33,28.51,28.04,28.04,1100,0
ANPA.US,5,20251110,181500,28.61,28.7,28.6,28.6,600,0
ANPA.US,5,20251110,182500,28.95,28.95,28.95,28.95,100,0
ANPA.US,5,20251110,183000,28.9,28.9,28.9,28.9,100,0
ANPA.US,5,20251110,183500,29.44,29.5,29.44,29.47,560,0
ANPA.US,5,20251110,184000,29.95,29.95,29.95,29.95,100,0
ANPA.US,5,20251110,184500,30,30,30,30,100,0
ANPA.US,5,20251110,185000,29.6,29.6,29.6,29.6,130,0
ANPA.US,5,20251110,190000,30.475,30.475,30.45,30.45,698,0
ANPA.US,5,20251110,192500,30.64,31.98,30.64,31.98,748,0
ANPA.US,5,20251110,193500,33.4,33.4,33.4,33.4,100,0
ANPA.US,5,20251110,194500,33.1,33.1,33.1,33.1,250,0
ANPA.US,5,20251110,195000,32.46,32.46,32.46,32.46,160,0
ANPA.US,5,20251110,195500,31.5,31.89,30.005,31.89,1299,0
ANPA.US,5,20251110,200000,31.5,31.5,31.5,31.5,210,0
ANPA.US,5,20251110,202000,31.89,31.89,31.89,31.89,100,0
ANPA.US,5,20251110,204000,31.99,31.99,31.99,31.99,200,0
ANPA.US,5,20251110,211000,31.45,32.33,31.3,31.85,1079,0
ANPA.US,5,20251110,213500,31.85,31.85,31.85,31.85,100,0
ANPA.US,5,20251110,215500,31.3,31.3,31.3,31.3,205,0
ANPA.US,5,20251111,153000,32.39,32.4,32.39,32.4,1412,0
ANPA.US,5,20251111,153500,32.4,32.4,32.4,32.4,1059,0
ANPA.US,5,20251111,173500,33.1,33.1,33,33,1909,0
ANPA.US,5,20251111,174500,33.5,33.5,33.5,33.5,100,0
ANPA.US,5,20251111,175000,33.7,33.75,33.7,33.75,200,0
ANPA.US,5,20251111,175500,33.5,33.51,32.08,32.08,2200,0
ANPA.US,5,20251111,194000,33.54,34.97,33.54,34.92,1910,0
ANPA.US,5,20251111,204000,33.64,33.64,33.5,33.5,711,0
ANPA.US,5,20251111,204500,33.5,33.5,33.5,33.5,100,0
ANPA.US,5,20251112,153000,33.5,33.5,33.5,33.5,100,0
ANPA.US,5,20251112,154500,33.71,33.71,33.71,33.71,100,0
ANPA.US,5,20251112,194000,34.99,34.99,34.99,34.99,138,0
ANPA.US,5,20251112,200000,35,35.5,34.805,34.805,2036,0
ANPA.US,5,20251112,204500,34.3,34.3,34.11,34.12,305,0
ANPA.US,5,20251113,153000,33.97,34.25,33.97,34.25,432,0
ANPA.US,5,20251113,161000,33.42,33.42,33.42,33.42,100,0
ANPA.US,5,20251113,162500,31.23,31.8,31.23,31.8,302,0
ANPA.US,5,20251113,163000,31.75,31.9,31.75,31.9,220,0
ANPA.US,5,20251113,163500,32,32,32,32,100,0
ANPA.US,5,20251113,164000,31.75,31.75,31.75,31.75,100,0
ANPA.US,5,20251113,170500,31.22,31.22,30.68,30.68,300,0
ANPA.US,5,20251113,171000,29.1,29.1,29.1,29.1,100,0
ANPA.US,5,20251113,172000,30,30,30,30,100,0
ANPA.US,5,20251113,173500,29.7,29.7,29.7,29.7,200,0
ANPA.US,5,20251113,182000,29.74,29.74,29.74,29.74,100,0
ANPA.US,5,20251113,185500,29.7,29.7,29.7,29.7,195,0
ANPA.US,5,20251114,164500,32.55,32.55,32.55,32.55,118,0
ANPA.US,5,20251114,184500,30.68,30.68,30,30,892,0
ANPA.US,5,20251117,165000,31.91,31.9494,31.91,31.9494,200,0
ANPA.US,5,20251117,165500,32.5,33,32.5,33,200,0
ANPA.US,5,20251117,170000,32.69,32.69,32.69,32.69,100,0
ANPA.US,5,20251118,153000,31.5,31.5,31.5,31.5,100,0
ANPA.US,5,20251118,153500,31,31,31,31,100,0
ANPA.US,5,20251118,163000,31.775,31.775,31.775,31.775,100,0
ANPA.US,5,20251118,180000,31.34,31.4,31.2501,31.35,1180,0
ANPA.US,5,20251118,192500,31.3,31.3,31.21,31.21,200,0
ANPA.US,5,20251118,205500,31.055,31.055,31.055,31.055,100,0
ANPA.US,5,20251118,212500,30.93,31.84,30.93,31.84,1100,0
ANPA.US,5,20251118,214500,31.87,31.87,31.87,31.87,200,0
ANPA.US,5,20251118,215000,30.25,30.25,30.25,30.25,100,0
ANPA.US,5,20251120,155000,30.68,30.68,30.68,30.68,100,0
ANPA.US,5,20251121,153500,30.9,30.9,30.9,30.9,100,0
ANPA.US,5,20251121,164000,30.9,30.9,30.9,30.9,559,0
ANPA.US,5,20251121,165000,29.8,29.82,29.8,29.82,438,0
ANPA.US,5,20251121,170000,29.79,29.79,29.79,29.79,100,0
ANPA.US,5,20251124,154000,27.05,27.05,27.01,27.01,232,0
ANPA.US,5,20251124,163000,29.34,29.34,29.34,29.34,300,0
ANPA.US,5,20251124,164500,29.34,29.34,29.34,29.34,404,0
ANPA.US,5,20251124,214500,28.9,28.9,28.7,28.7,300,0
ANPA.US,5,20251124,215000,28.5,28.5,28.5,28.5,100,0
ANPA.US,5,20251125,191000,28.5,28.5,28.4,28.46,734,0
ANPA.US,5,20251125,212500,27.5,27.5,27.5,27.5,100,0
ANPA.US,5,20251126,153000,27,27,27,27,100,0
ANPA.US,5,20251126,161500,27.89,27.95,27.89,27.95,460,0
ANPA.US,5,20251126,163000,27.99,27.99,27.99,27.99,300,0
ANPA.US,5,20251126,165500,26.65,26.65,26.65,26.65,200,0
ANPA.US,5,20251126,181000,26.55,26.55,26.55,26.55,1100,0
ANPA.US,5,20251128,153000,25.1607,25.1607,25.1607,25.1607,409,0
ANPA.US,5,20251128,164500,21.7,21.7,21,21,744,0
ANPA.US,5,20251128,165000,19.5,19.5,19.5,19.5,500,0
ANPA.US,5,20251128,165500,17.91,17.91,17.91,17.91,240,0
ANPA.US,5,20251128,170500,16.21,17,14.76,17,1380,0
ANPA.US,5,20251128,171500,18.1,20.34,17.53,17.53,3106,0
ANPA.US,5,20251128,172000,17.11,17.11,16.56,16.56,570,0
ANPA.US,5,20251128,172500,16.9526,16.9526,15.65,16,2380,0
ANPA.US,5,20251128,173000,16.5,16.51,16.34,16.5,1129,0
ANPA.US,5,20251128,174000,17,17.05,17,17.05,300,0
ANPA.US,5,20251128,175000,16.75,17,16.75,17,400,0
ANPA.US,5,20251128,175500,16.74,16.74,16.5001,16.5001,200,0
ANPA.US,5,20251128,180000,16.5,16.54,16,16.505,861,0
ANPA.US,5,20251128,180500,16.97,16.97,16.97,16.97,100,0
ANPA.US,5,20251128,181000,16.7719,16.7719,16.7719,16.7719,176,0
ANPA.US,5,20251128,182000,16.9898,16.9899,16.9898,16.9899,376,0
ANPA.US,5,20251128,182500,16.7569,16.7569,16.7569,16.7569,1000,0
ANPA.US,5,20251128,184500,16.2501,16.2501,16.2501,16.2501,100,0
ANPA.US,5,20251128,185000,16.04,16.1,15.96,15.96,914,0
ANPA.US,5,20251128,185500,16,16.1,16,16.1,200,0
ANPA.US,5,20251128,190000,16.31,16.31,16.31,16.31,204,0
ANPA.US,5,20251201,153000,14.97,14.97,13.9652,13.9652,1084,0
ANPA.US,5,20251201,153500,14.0921,14.0921,13.75,14,712,0
ANPA.US,5,20251201,154500,13.72,13.72,13.5607,13.5607,200,0
ANPA.US,5,20251201,155000,13.77,13.79,13.77,13.79,300,0
ANPA.US,5,20251201,160500,14,14,14,14,253,0
ANPA.US,5,20251201,161000,14.145,14.145,14.145,14.145,183,0
ANPA.US,5,20251201,163000,14.2,14.2,14.2,14.2,499,0
ANPA.US,5,20251201,164500,14.3827,15.8,14.3827,15.8,700,0
ANPA.US,5,20251201,171500,15.4381,15.4381,15.4381,15.4381,118,0
ANPA.US,5,20251201,181000,16.01,16.01,16.01,16.01,100,0
ANPA.US,5,20251201,182500,16.04,17.61,16.04,17.61,248,0
ANPA.US,5,20251201,183000,17.4128,17.4128,16.0401,16.0401,226,0
ANPA.US,5,20251201,190000,16.9994,17.5,16.85,17.4,674,0
ANPA.US,5,20251201,190500,17,17,16,16,907,0
ANPA.US,5,20251201,191500,16.9,16.9,16.9,16.9,160,0
ANPA.US,5,20251201,192500,17.75,17.7999,17.47,17.7999,900,0
ANPA.US,5,20251201,193000,17.619,17.619,17.619,17.619,119,0
ANPA.US,5,20251201,194000,17.232,17.232,17.232,17.232,176,0
ANPA.US,5,20251201,201000,17,17,17,17,849,0
ANPA.US,5,20251201,201500,16.3,16.3,16.3,16.3,1168,0
ANPA.US,5,20251201,202500,16.95,16.95,16.95,16.95,160,0
ANPA.US,5,20251202,165000,15.41,15.41,15.35,15.35,200,0
ANPA.US,5,20251202,171500,15.5,15.52,15.5,15.52,700,0
ANPA.US,5,20251202,205500,15.52,15.52,15.35,15.35,301,0
ANPA.US,5,20251202,210500,15.05,15.05,15.05,15.05,121,0
ANPA.US,5,20251203,174500,15.51,15.51,15.51,15.51,100,0
ANPA.US,5,20251203,185000,15.99,15.99,15.99,15.99,100,0
ANPA.US,5,20251203,192500,16.2,16.2,16.2,16.2,100,0
ANPA.US,5,20251203,202000,15.99,15.99,15.99,15.99,148,0
ANPA.US,5,20251203,214500,15.54,15.54,15.54,15.54,100,0
ANPA.US,5,20251204,162500,15.78,15.78,15.78,15.78,118,0
ANPA.US,5,20251204,171000,16.01,16.01,15.63,15.63,500,0
ANPA.US,5,20251204,175000,16.4,16.4,16.4,16.4,500,0
ANPA.US,5,20251204,180000,17.12,17.12,17.12,17.12,390,0
ANPA.US,5,20251204,181500,17.11,17.281,16.97,17.281,1700,0
ANPA.US,5,20251204,182000,17.28,17.28,17.26,17.26,331,0
ANPA.US,5,20251204,183000,17.75,17.99,17.69,17.99,1088,0
ANPA.US,5,20251204,183500,18.25,18.25,18.25,18.25,118,0
ANPA.US,5,20251204,185000,20.08,20.2,20.08,20.2,624,0
ANPA.US,5,20251204,185500,19.71,19.73,19.59,19.59,341,0
ANPA.US,5,20251204,190000,18.625,18.625,18.625,18.625,325,0
ANPA.US,5,20251204,191500,19.25,19.5,19.21,19.5,348,0
ANPA.US,5,20251204,192000,19.5,21.4,19.5,21.4,802,0
ANPA.US,5,20251204,192500,21.4,22.296,21.4,22.296,963,0
ANPA.US,5,20251204,193000,22.4364,26.79,22.4364,26.79,2045,0
ANPA.US,5,20251204,193500,27.99,29,27.99,29,3424,0
ANPA.US,5,20251204,194000,29,30,25.71,25.71,12724,0
ANPA.US,5,20251204,195000,23.37,23.44,22.3,23.37,2637,0
ANPA.US,5,20251204,195500,22.31,25.96,22.31,24.8264,3903,0
ANPA.US,5,20251204,200000,24.66,24.89,24,24.89,3243,0
ANPA.US,5,20251204,200500,25.1,25.4994,22.5,23.6,2600,0
ANPA.US,5,20251204,201000,24.9999,24.9999,22.5,23.56,2048,0
ANPA.US,5,20251204,201500,23.7,23.91,23.7,23.91,323,0
ANPA.US,5,20251204,202000,24.93,24.93,23.0102,23.02,1004,0
ANPA.US,5,20251204,202500,23.01,23.01,22.9,22.9,290,0
ANPA.US,5,20251204,203000,22.8,22.8,21.01,22.247,7212,0
ANPA.US,5,20251204,203500,21.65,22.1187,21.1101,22.1187,1139,0
ANPA.US,5,20251204,204000,23.73,24.17,23.09,23.355,1087,0
ANPA.US,5,20251204,204500,24.7,24.7,22.7924,23.9,1311,0
ANPA.US,5,20251204,205500,24,24,22.2,22.2,1043,0
ANPA.US,5,20251204,210000,22.5002,23.025,22.2,23.025,806,0
ANPA.US,5,20251204,210500,22.9386,22.9386,22.9386,22.9386,429,0
ANPA.US,5,20251204,211000,22.65,22.65,22.65,22.65,103,0
ANPA.US,5,20251204,211500,22.02,22.02,22.02,22.02,100,0
ANPA.US,5,20251204,212000,22.74,22.8,22.7,22.7,700,0
ANPA.US,5,20251204,213500,22.0298,22.1616,21.94,22,1229,0
ANPA.US,5,20251204,215000,22.23,22.23,22.23,22.23,106,0
ANPA.US,5,20251204,215500,22.031,22.31,21.86,21.86,1394,0
ANPA.US,5,20251205,153000,21.99,21.99,21.99,21.99,354,0
ANPA.US,5,20251205,155500,21.09,21.09,21.0006,21.0006,200,0
ANPA.US,5,20251205,161000,23.2,23.2,23.2,23.2,130,0
ANPA.US,5,20251205,171000,21.3061,21.3061,21.3061,21.3061,103,0
ANPA.US,5,20251205,172500,21.5,21.5,21.5,21.5,500,0
ANPA.US,5,20251205,180000,20.85,20.85,20.85,20.85,237,0
ANPA.US,5,20251205,181500,20.84,20.84,20.84,20.84,100,0
ANPA.US,5,20251205,182000,20.93,20.93,20.93,20.93,100,0
ANPA.US,5,20251205,183000,20.9,20.9,20.9,20.9,100,0
ANPA.US,5,20251205,211000,20.5,20.5,20.5,20.5,250,0
ANPA.US,5,20251205,214500,20.12,20.12,20.12,20.12,305,0
ANPA.US,5,20251208,153000,21,22.34,21,22.34,638,0
ANPA.US,5,20251208,153500,22.34,22.98,21.8,21.8,1342,0
ANPA.US,5,20251208,154000,23.3,23.5,22.833,22.833,1371,0
ANPA.US,5,20251208,154500,23.5159,25.95,22.8955,24.39,2454,0
ANPA.US,5,20251208,155000,25,25,25,25,100,0
ANPA.US,5,20251208,155500,23.91,23.91,23.91,23.91,100,0
ANPA.US,5,20251208,163500,23.86,23.91,23.86,23.91,211,0
ANPA.US,5,20251208,165500,23.89,23.89,23.89,23.89,100,0
ANPA.US,5,20251208,170000,23.4246,23.4246,23.2,23.2,412,0
ANPA.US,5,20251208,170500,22.5,22.5,22.5,22.5,464,0
ANPA.US,5,20251208,171000,22.5,22.5,22.5,22.5,100,0
ANPA.US,5,20251208,171500,21.505,21.505,21.3,21.3,200,0
ANPA.US,5,20251208,173000,21.3,21.3,21.3,21.3,250,0
ANPA.US,5,20251208,173500,22.1133,22.1133,22.1133,22.1133,237,0
ANPA.US,5,20251208,213500,22.1278,22.1278,22.1278,22.1278,300,0
ANPA.US,5,20251208,214000,21.9055,21.9055,21.9055,21.9055,240,0
ANPA.US,5,20251208,214500,21.8,21.8,21.8,21.8,139,0
ANPA.US,5,20251208,215000,21.6,21.6,21.6,21.6,153,0
ANPA.US,5,20251209,163000,21.2,21.2,21.2,21.2,300,0
ANPA.US,5,20251209,163500,21.01,21.01,21.01,21.01,114,0
ANPA.US,5,20251209,164500,21.01,21.01,21.01,21.01,100,0
ANPA.US,5,20251209,165000,22.2,22.2,22.2,22.2,100,0
ANPA.US,5,20251209,165500,22.5,22.5,22.5,22.5,300,0
ANPA.US,5,20251210,153000,22.41,22.41,22.41,22.41,119,0
ANPA.US,5,20251210,153500,21.19,21.2,21.19,21.2,200,0
ANPA.US,5,20251210,155500,20.9425,20.9425,20.9425,20.9425,200,0
ANPA.US,5,20251210,160000,20.36,20.36,19.95,19.95,1496,0
ANPA.US,5,20251210,163500,19.96,19.96,19.96,19.96,100,0
ANPA.US,5,20251210,165500,21.96,21.96,21.96,21.96,150,0
ANPA.US,5,20251210,172500,20.25,20.25,20.25,20.25,100,0
ANPA.US,5,20251210,203000,22.28,22.28,22.28,22.28,200,0
ANPA.US,5,20251210,205000,21,21,21,21,143,0
ANPA.US,5,20251211,200000,20.15,20.15,20.1,20.1,200,0
ANPA.US,5,20251211,215500,20.4639,20.4639,20.4639,20.4639,115,0
ANPA.US,5,20251212,171000,19.8,19.8,19.8,19.8,551,0
ANPA.US,5,20251212,172000,19,19,19,19,351,0
ANPA.US,5,20251212,174500,19.66,19.66,19.66,19.66,100,0
ANPA.US,5,20251212,181000,19.92,19.92,19.6,19.6,889,0
ANPA.US,5,20251212,192000,19.75,19.75,19.75,19.75,100,0
ANPA.US,5,20251212,210000,19.9,19.9,19.9,19.9,100,0
ANPA.US,5,20251212,215000,19.11,19.11,19.11,19.11,100,0
ANPA.US,5,20251215,155500,23,23.69,23,23.69,378,0
ANPA.US,5,20251215,161000,23.268,23.268,23.268,23.268,429,0
ANPA.US,5,20251215,164500,21.56,22.4999,21.56,21.75,1272,0
ANPA.US,5,20251215,165000,21.75,21.75,21.75,21.75,136,0
ANPA.US,5,20251215,181000,21.6503,21.6503,21.6503,21.6503,260,0
ANPA.US,5,20251215,214500,21.935,23.17,21.935,23.17,200,0
ANPA.US,5,20251216,153500,21,21,21,21,173,0
ANPA.US,5,20251216,154500,21.5,21.5,21.5,21.5,100,0
ANPA.US,5,20251216,160500,21.08,21.9,21.08,21.9,240,0
ANPA.US,5,20251216,165000,21.2,21.2,21.15,21.15,300,0
ANPA.US,5,20251216,181500,20.5571,20.5571,20.5571,20.5571,199,0
ANPA.US,5,20251216,183500,21.535,21.535,21.535,21.535,100,0
ANPA.US,5,20251216,184000,22.2,22.2,22.2,22.2,123,0
ANPA.US,5,20251216,191500,22.2,22.2,22.2,22.2,261,0
ANPA.US,5,20251216,203500,20.435,20.435,20.435,20.435,100,0
ANPA.US,5,20251216,210000,20.16,20.16,20.16,20.16,100,0
ANPA.US,5,20251216,213500,20.24,20.24,20.24,20.24,100,0
ANPA.US,5,20251216,215000,20.24,20.24,20.24,20.24,100,0
ANPA.US,5,20251218,154500,21.3,21.3,21.3,21.3,100,0
ANPA.US,5,20251218,163000,21.4,21.4,21.4,21.4,123,0
ANPA.US,5,20251219,153000,21,21,21,21,100,0
ANPA.US,5,20251219,163000,21.6,21.6,21.6,21.6,100,0
ANPA.US,5,20251219,163500,21.99,21.99,21.99,21.99,110,0
ANPA.US,5,20251219,164500,21.95,21.99,21.95,21.99,296,0
ANPA.US,5,20251219,165500,22.69,22.69,22.69,22.69,100,0
ANPA.US,5,20251219,174000,22.3834,22.3834,22.3834,22.3834,129,0
ANPA.US,5,20251219,215500,21.35,21.35,21.35,21.35,100,0
ANPA.US,5,20251222,154500,22.85,22.85,22.85,22.85,425,0
ANPA.US,5,20251222,160000,23,23,22.64,22.64,200,0
ANPA.US,5,20251222,174500,21.81,21.81,21.81,21.81,100,0
ANPA.US,5,20251222,175000,21.8,21.8,21.8,21.8,100,0
ANPA.US,5,20251222,190500,21.75,22.18,21.75,22.18,300,0
ANPA.US,5,20251222,192500,21.72,21.73,21.71,21.71,300,0
ANPA.US,5,20251222,202500,21,21,21,21,146,0
ANPA.US,5,20251222,205500,21.16,21.16,21.16,21.16,100,0
ANPA.US,5,20251222,210000,21.16,21.42,21.16,21.3006,300,0
ANPA.US,5,20251222,212000,21.95,21.95,21.95,21.95,100,0
ANPA.US,5,20251222,213500,21.3,21.3,21.3,21.3,300,0
ANPA.US,5,20251223,153000,22.04,22.04,22.04,22.04,277,0
ANPA.US,5,20251223,153500,22.42,22.42,22.42,22.42,100,0
ANPA.US,5,20251223,154500,23.35,23.35,23.35,23.35,100,0
ANPA.US,5,20251223,155000,22.72,22.72,21.58,21.58,400,0
ANPA.US,5,20251223,184000,21.3,21.3,21.3,21.3,100,0
ANPA.US,5,20251223,184500,21.31,21.925,20.25,21.29,2355,0
ANPA.US,5,20251223,190000,21.29,21.29,21.29,21.29,300,0
ANPA.US,5,20251223,194500,22,22.3,22,22.3,994,0
ANPA.US,5,20251223,195000,22.3,22.3,22.3,22.3,400,0
ANPA.US,5,20251223,202000,21.795,22.3,21.795,22.3,1300,0
ANPA.US,5,20251223,213500,22.03,22.03,22.03,22.03,168,0
ANPA.US,5,20251224,153000,21.28,21.28,21.28,21.28,298,0
ANPA.US,5,20251224,154000,21.9,21.9,21.9,21.9,407,0
ANPA.US,5,20251224,163500,21.6,21.6,21.25,21.25,1483,0
ANPA.US,5,20251224,164000,21.9,21.9,21.9,21.9,136,0
ANPA.US,5,20251224,170000,21.765,21.765,21.765,21.765,140,0
ANPA.US,5,20251224,175000,21.76,21.78,21.76,21.78,740,0
ANPA.US,5,20251224,175500,21.7,22,21.66,22,6597,0
ANPA.US,5,20251224,181500,22.25,22.25,22.25,22.25,268,0
ANPA.US,5,20251224,185500,22.24,22.24,22.24,22.24,100,0
ANPA.US,5,20251226,160500,22,22.52,22,22.5,799,0
ANPA.US,5,20251226,185500,22.39,22.499,22.39,22.499,1200,0
ANPA.US,5,20251226,190000,22.49,22.5,22.49,22.49,2583,0
ANPA.US,5,20251229,154000,21.624,21.624,21.624,21.624,216,0
ANPA.US,5,20251229,163000,21.8715,21.8715,21.8715,21.8715,100,0
ANPA.US,5,20251230,165000,23.2,23.2,23.19,23.19,200,0
ANPA.US,5,20251230,165500,24,24,24,24,100,0
ANPA.US,5,20251230,170000,24.7,24.7,24.4,24.4,700,0
ANPA.US,5,20251230,170500,24.1,24.1,23.99,24.1,400,0
ANPA.US,5,20251230,171000,24.01,24.01,24.01,24.01,100,0
ANPA.US,5,20251230,172500,24.01,24.01,24.01,24.01,100,0
ANPA.US,5,20251230,173000,24.2,24.57,24.19,24.51,1200,0
ANPA.US,5,20251230,173500,24.41,24.45,24.31,24.31,921,0
ANPA.US,5,20251230,174000,24.5,24.5,24.5,24.5,170,0
ANPA.US,5,20251230,204000,23.6,23.6,23.6,23.6,180,0
ANPA.US,5,20251231,165000,23.29,23.29,23.29,23.29,100,0
ANPA.US,5,20251231,170000,23.52,23.52,23.52,23.52,100,0
ANPA.US,5,20251231,215000,22.152,22.152,22.152,22.152,1050,0
ANPA.US,5,20260102,215500,22.71,22.71,22.71,22.71,256,0
ANPA.US,5,20260105,154500,23.17,23.17,22.21,22.21,220,0
ANPA.US,5,20260105,165500,22.21,22.21,22.21,22.21,200,0
ANPA.US,5,20260105,170500,23.3,23.3,23.3,23.3,130,0
ANPA.US,5,20260105,190500,23.3,23.3,23.3,23.3,178,0
ANPA.US,5,20260105,191500,23,23.01,23,23.01,200,0
ANPA.US,5,20260105,192000,22.5,22.65,22.5,22.65,200,0
ANPA.US,5,20260105,193000,22.73,22.73,22.73,22.73,201,0
ANPA.US,5,20260105,215000,23,23,23,23,144,0
ANPA.US,5,20260106,163000,24.47,24.47,24.47,24.47,100,0
ANPA.US,5,20260106,164000,23.99,23.99,23.8,23.8,307,0
ANPA.US,5,20260106,164500,24.3,24.3,24.3,24.3,100,0
ANPA.US,5,20260106,165000,23.8,23.8,23.8,23.8,300,0
ANPA.US,5,20260106,165500,24,24,24,24,100,0
ANPA.US,5,20260106,181500,24,24,24,24,481,0
ANPA.US,5,20260106,192000,23.06,23.98,22.83,23.98,610,0
ANPA.US,5,20260107,190500,24.85,24.8785,24.85,24.8785,200,0
ANPA.US,5,20260107,203500,24.25,24.25,24.25,24.25,100,0
ANPA.US,5,20260108,180500,25.3,25.86,25.3,25.5174,698,0
ANPA.US,5,20260108,183000,25.5,25.675,25.5,25.675,200,0
ANPA.US,5,20260108,184000,26,26,26,26,100,0
ANPA.US,5,20260108,184500,27.5,27.5,27.5,27.5,100,0
ANPA.US,5,20260108,185000,27.48,27.9965,27.48,27.9965,595,0
ANPA.US,5,20260108,185500,28.45,29.98,28,29.98,1100,0
ANPA.US,5,20260108,190000,29.75,30.5,29.75,30,1400,0
ANPA.US,5,20260108,190500,29.9999,29.9999,29.0739,29.98,417,0
ANPA.US,5,20260108,191000,29.98,30.49,29.98,30.05,700,0
ANPA.US,5,20260108,191500,30.25,30.39,30.25,30.28,444,0
ANPA.US,5,20260108,192000,30.4,30.4,30.28,30.28,200,0
ANPA.US,5,20260108,192500,30.48,30.48,30.48,30.48,100,0
ANPA.US,5,20260108,193000,30.5,30.5,29.1,29.1,430,0
ANPA.US,5,20260108,193500,29.1,29.5,29.1,29.5,300,0
ANPA.US,5,20260108,201500,29.8,29.8,29.8,29.8,100,0
ANPA.US,5,20260108,203000,29.8,29.8,29.8,29.8,100,0
ANPA.US,5,20260108,204500,29.95,29.95,29.95,29.95,100,0
ANPA.US,5,20260108,205000,29.8,29.8,29.5,29.5,300,0
ANPA.US,5,20260108,210000,29.2,29.2,29.1,29.1,487,0
ANPA.US,5,20260108,210500,29.1,29.1,29.09,29.09,300,0
ANPA.US,5,20260108,211000,28.2,28.9,28,28,706,0
ANPA.US,5,20260108,211500,28,28,27.5,27.5,250,0
ANPA.US,5,20260108,212000,26.8,26.8,26.5,26.5,400,0
ANPA.US,5,20260108,212500,26,26,26,26,250,0
ANPA.US,5,20260108,213500,26.8,27.5,26.8,27.5,742,0
ANPA.US,5,20260108,214000,27.3,27.3,27,27,300,0
ANPA.US,5,20260108,214500,26.61,26.61,26.25,26.25,400,0
ANPA.US,5,20260108,215000,25.8999,25.9,24.5,25,1563,0
ANPA.US,5,20260108,215500,24.8,24.8,22.56,24.2,4157,0
