<TICKER>,<PER>,<DATE>,<TIME>,<OPEN>,<HIGH>,<LOW>,<CLOSE>,<VOL>,<OPENINT>
BCARU.US,5,20250813,155000,9.95,9.95,9.95,9.95,15387,0
BCARU.US,5,20250813,162500,9.945,9.945,9.94,9.945,6541,0
BCARU.US,5,20250813,164000,9.9435,9.9435,9.9435,9.9435,100,0
BCARU.US,5,20250813,181000,9.95,9.95,9.95,9.95,1000,0
BCARU.US,5,20250813,190500,9.945,9.945,9.94,9.94,114032,0
BCARU.US,5,20250813,204500,9.945,9.945,9.945,9.945,100,0
BCARU.US,5,20250813,213000,9.94,9.94,9.94,9.94,176,0
BCARU.US,5,20250813,215000,9.95,9.95,9.94,9.94,226,0
BCARU.US,5,20250814,153000,9.95,9.95,9.95,9.95,500,0
BCARU.US,5,20250814,160000,9.95,9.95,9.95,9.95,19770,0
BCARU.US,5,20250814,164000,9.945,9.945,9.945,9.945,100,0
BCARU.US,5,20250814,172500,9.94,9.94,9.94,9.94,12312,0
BCARU.US,5,20250814,180500,9.945,9.945,9.945,9.945,100,0
BCARU.US,5,20250814,181000,9.945,9.945,9.945,9.945,5000,0
BCARU.US,5,20250814,185500,9.94,9.94,9.94,9.94,600,0
BCARU.US,5,20250814,193000,9.945,9.945,9.945,9.945,10736,0
BCARU.US,5,20250814,195500,9.945,9.945,9.945,9.945,100,0
BCARU.US,5,20250815,153000,9.95,9.95,9.9493,9.95,49958,0
BCARU.US,5,20250815,153500,9.95,9.95,9.949,9.95,20000,0
BCARU.US,5,20250815,154000,9.95,9.95,9.95,9.95,30000,0
BCARU.US,5,20250815,163000,9.95,9.95,9.95,9.95,100,0
BCARU.US,5,20250815,171500,9.95,9.95,9.95,9.95,2447,0
BCARU.US,5,20250815,172500,9.95,9.95,9.95,9.95,635,0
BCARU.US,5,20250815,174000,9.95,9.95,9.95,9.95,50146,0
BCARU.US,5,20250815,174500,9.95,9.95,9.95,9.95,49940,0
BCARU.US,5,20250815,200500,9.95,9.95,9.95,9.95,200,0
BCARU.US,5,20250815,210500,9.95,9.95,9.95,9.95,3000,0
BCARU.US,5,20250815,214500,9.95,9.95,9.95,9.95,100,0
BCARU.US,5,20250818,153000,9.96,9.96,9.96,9.96,1000,0
BCARU.US,5,20250818,162000,9.96,9.96,9.96,9.96,100,0
BCARU.US,5,20250818,194000,9.955,9.955,9.955,9.955,800,0
BCARU.US,5,20250818,195500,9.96,9.96,9.96,9.96,100,0
BCARU.US,5,20250818,200000,9.9519,9.9519,9.9519,9.9519,700,0
BCARU.US,5,20250818,210000,9.955,9.955,9.955,9.955,600,0
BCARU.US,5,20250818,210500,9.96,9.96,9.955,9.955,4000,0
BCARU.US,5,20250818,215500,9.96,9.96,9.96,9.96,871,0
BCARU.US,5,20250819,163500,9.965,9.97,9.965,9.97,1000,0
BCARU.US,5,20250819,172500,9.98,9.98,9.97,9.97,700,0
BCARU.US,5,20250819,191500,9.97,9.97,9.965,9.965,600,0
BCARU.US,5,20250819,195000,9.965,9.965,9.965,9.965,100,0
BCARU.US,5,20250819,200000,9.96,9.96,9.96,9.96,12400,0
BCARU.US,5,20250819,202500,9.96,9.96,9.96,9.96,100,0
BCARU.US,5,20250819,204000,9.96,9.96,9.96,9.96,100,0
BCARU.US,5,20250819,205000,9.96,9.96,9.96,9.96,100,0
BCARU.US,5,20250819,210500,9.96,9.965,9.96,9.965,7200,0
BCARU.US,5,20250819,212500,9.965,9.965,9.965,9.965,100,0
BCARU.US,5,20250819,213000,9.96,9.965,9.95,9.95,24454,0
BCARU.US,5,20250819,214500,9.96,9.96,9.95,9.95,1240,0
BCARU.US,5,20250819,215500,9.95,9.955,9.95,9.955,314,0
BCARU.US,5,20250820,154000,9.98,9.98,9.98,9.98,28500,0
BCARU.US,5,20250820,154500,9.98,9.98,9.98,9.98,3200,0
BCARU.US,5,20250820,155000,9.98,9.98,9.98,9.98,3100,0
BCARU.US,5,20250820,155500,9.98,9.98,9.98,9.98,3200,0
BCARU.US,5,20250820,160000,9.97,9.975,9.97,9.97,1300,0
BCARU.US,5,20250820,161000,9.97,9.975,9.97,9.97,39976,0
BCARU.US,5,20250820,161500,9.97,9.97,9.97,9.97,45398,0
BCARU.US,5,20250820,162000,9.97,9.97,9.97,9.97,3000,0
BCARU.US,5,20250820,162500,9.975,9.975,9.975,9.975,200,0
BCARU.US,5,20250820,163000,9.975,9.98,9.975,9.98,34627,0
BCARU.US,5,20250820,163500,9.98,9.985,9.98,9.9801,22928,0
BCARU.US,5,20250820,164000,9.98,9.9965,9.98,9.9965,5000,0
BCARU.US,5,20250820,170000,9.99,9.995,9.99,9.995,2184,0
BCARU.US,5,20250820,170500,9.99,10,9.99,10,5100,0
BCARU.US,5,20250820,171000,9.99,10,9.99,10,15100,0
BCARU.US,5,20250820,172000,9.995,9.995,9.99,9.99,20000,0
BCARU.US,5,20250820,173000,9.9965,9.9965,9.9965,9.9965,100,0
BCARU.US,5,20250820,174500,9.9954,9.9954,9.9954,9.9954,100,0
BCARU.US,5,20250820,180500,9.995,9.995,9.995,9.995,700,0
BCARU.US,5,20250820,192000,9.9965,9.9965,9.99,9.99,400,0
BCARU.US,5,20250820,194000,9.99,9.995,9.99,9.995,50000,0
BCARU.US,5,20250820,194500,10,10,10,10,1058,0
BCARU.US,5,20250820,195500,9.99,9.99,9.99,9.99,13851,0
BCARU.US,5,20250820,201000,9.99,9.99,9.99,9.99,72475,0
BCARU.US,5,20250820,205500,10,10,10,10,1200,0
BCARU.US,5,20250820,212500,10,10,10,10,100,0
BCARU.US,5,20250820,214000,10,10,10,10,100,0
BCARU.US,5,20250820,215000,10,10,10,10,1203,0
BCARU.US,5,20250821,172500,10,10,10,10,635,0
BCARU.US,5,20250821,174500,9.97,9.985,9.97,9.985,6400,0
BCARU.US,5,20250821,192000,9.9807,9.9807,9.9807,9.9807,2100,0
BCARU.US,5,20250821,194500,9.985,9.985,9.985,9.985,100,0
BCARU.US,5,20250821,215000,9.98,9.98,9.98,9.98,706,0
BCARU.US,5,20250821,215500,9.99,9.99,9.99,9.99,787,0
BCARU.US,5,20250822,183500,9.98,9.98,9.98,9.98,100,0
BCARU.US,5,20250822,184000,9.98,9.98,9.98,9.98,500,0
BCARU.US,5,20250822,193000,9.98,9.98,9.97,9.98,5906,0
BCARU.US,5,20250822,205000,9.98,9.98,9.98,9.98,30594,0
BCARU.US,5,20250822,212000,9.98,9.98,9.98,9.98,100,0
BCARU.US,5,20250825,173000,9.99,9.99,9.99,9.99,100,0
BCARU.US,5,20250825,181000,9.99,9.99,9.99,9.99,100,0
BCARU.US,5,20250825,195000,9.98,9.98,9.98,9.98,200,0
BCARU.US,5,20250825,195500,9.98,9.98,9.98,9.98,1600,0
BCARU.US,5,20250825,205500,9.98,9.98,9.98,9.98,100,0
BCARU.US,5,20250825,211000,9.98,9.98,9.98,9.98,1800,0
BCARU.US,5,20250825,213000,9.99,9.99,9.99,9.99,100,0
BCARU.US,5,20250826,172000,9.99,9.99,9.99,9.99,950,0
BCARU.US,5,20250826,211500,9.99,9.99,9.99,9.99,585,0
BCARU.US,5,20250826,212000,9.985,9.985,9.98,9.98,1711,0
BCARU.US,5,20250826,212500,9.9843,9.9843,9.9843,9.9843,2000,0
BCARU.US,5,20250826,215000,9.985,9.985,9.98,9.98,9285,0
BCARU.US,5,20250827,164000,9.96,9.96,9.96,9.96,700,0
BCARU.US,5,20250827,164500,9.96,9.96,9.96,9.96,100,0
BCARU.US,5,20250827,165500,9.975,9.975,9.975,9.975,100,0
BCARU.US,5,20250827,180500,9.96,9.96,9.96,9.96,897,0
BCARU.US,5,20250827,183500,9.975,9.975,9.975,9.975,100,0
BCARU.US,5,20250827,193500,9.96,9.96,9.96,9.96,400,0
BCARU.US,5,20250827,203500,9.96,9.96,9.96,9.96,200,0
BCARU.US,5,20250827,204000,9.975,9.975,9.975,9.975,100,0
BCARU.US,5,20250827,210000,9.96,9.96,9.96,9.96,100,0
BCARU.US,5,20250827,211500,9.975,9.975,9.96,9.96,400,0
BCARU.US,5,20250827,213000,9.99,9.99,9.99,9.99,100,0
BCARU.US,5,20250827,215000,9.95,9.95,9.95,9.95,882,0
BCARU.US,5,20250828,171500,9.96,9.98,9.96,9.98,1222,0
BCARU.US,5,20250828,174000,9.97,9.97,9.97,9.97,1173,0
BCARU.US,5,20250828,190500,9.96,9.96,9.96,9.96,300,0
BCARU.US,5,20250828,194000,9.96,9.96,9.96,9.96,200,0
BCARU.US,5,20250902,162000,9.98,9.98,9.98,9.98,100,0
BCARU.US,5,20250902,165000,9.9706,9.9706,9.9706,9.9706,2516,0
BCARU.US,5,20250902,190500,9.97,9.97,9.97,9.97,300,0
BCARU.US,5,20250902,191000,9.96,9.96,9.96,9.96,100,0
BCARU.US,5,20250902,204000,9.98,9.98,9.98,9.98,100,0
BCARU.US,5,20250902,210500,9.97,9.98,9.97,9.98,202,0
BCARU.US,5,20250903,160500,9.98,9.98,9.98,9.98,100,0
BCARU.US,5,20250905,154500,9.97,9.97,9.97,9.97,100,0
BCARU.US,5,20250905,175000,9.98,9.98,9.98,9.98,562,0
BCARU.US,5,20250908,192500,9.98,9.98,9.98,9.98,100,0
BCARU.US,5,20250908,194000,9.97,9.97,9.97,9.97,100,0
BCARU.US,5,20250908,195000,9.97,9.97,9.97,9.97,100,0
BCARU.US,5,20250908,200000,9.97,9.97,9.97,9.97,100,0
BCARU.US,5,20250908,203500,9.97,9.97,9.97,9.97,1000,0
BCARU.US,5,20250909,165500,9.9745,9.9745,9.9745,9.9745,1000,0
BCARU.US,5,20250909,181000,9.98,9.98,9.98,9.98,100,0
BCARU.US,5,20250909,190500,9.98,9.98,9.98,9.98,638,0
BCARU.US,5,20250909,214500,9.98,9.98,9.98,9.98,9373,0
BCARU.US,5,20250910,165000,9.97,9.97,9.97,9.97,240,0
BCARU.US,5,20250910,165500,10,10,9.97,10,300,0
BCARU.US,5,20250911,174000,9.98,10,9.98,9.98,5926,0
BCARU.US,5,20250912,153500,9.98,10.0523,9.98,10.0523,250,0
BCARU.US,5,20250912,161000,10,10,10,10,100,0
BCARU.US,5,20250915,154500,10,10,10,10,300,0
BCARU.US,5,20250915,155000,9.98,9.98,9.98,9.98,200,0
BCARU.US,5,20250915,204000,10,10,10,10,638,0
BCARU.US,5,20250916,153500,10.0436,10.0436,10.0436,10.0436,100,0
BCARU.US,5,20250916,154000,10.266,10.318,10.204,10.318,450,0
BCARU.US,5,20250916,160000,10,10,10,10,100,0
BCARU.US,5,20250916,164500,9.9994,10,9.987,10,400,0
BCARU.US,5,20250916,170500,9.98,9.98,9.98,9.98,120,0
BCARU.US,5,20250916,171500,9.98,9.98,9.98,9.98,120,0
BCARU.US,5,20250916,172000,9.98,9.98,9.98,9.98,120,0
BCARU.US,5,20250916,180500,10,10,10,10,100,0
BCARU.US,5,20250916,193000,10,10,10,10,100,0
BCARU.US,5,20250917,153500,10.0513,10.5,10.0513,10.188,400,0
BCARU.US,5,20250917,160000,10,10,9.9979,10,400,0
BCARU.US,5,20250917,183000,10,10,10,10,638,0
BCARU.US,5,20250918,153500,10,10,10,10,1150,0
BCARU.US,5,20250918,154500,10,10,10,10,100,0
BCARU.US,5,20250918,161000,9.99,9.99,9.99,9.99,120,0
BCARU.US,5,20250918,161500,9.99,9.99,9.99,9.99,120,0
BCARU.US,5,20250919,174000,10.33,10.33,10.33,10.33,600,0
BCARU.US,5,20250919,210000,10.05,10.05,10.05,10.05,100,0
BCARU.US,5,20250922,163000,10.05,10.05,10.05,10.05,100,0
BCARU.US,5,20250922,164000,10.01,10.01,10.01,10.01,120,0
BCARU.US,5,20250922,164500,10.01,10.01,10.01,10.01,120,0
BCARU.US,5,20250922,165000,10.01,10.01,10.01,10.01,120,0
BCARU.US,5,20250922,170500,10.05,10.05,10.05,10.05,100,0
BCARU.US,5,20250922,185500,10.01,10.01,10.01,10.01,491,0
BCARU.US,5,20250922,205500,10.05,10.05,10.05,10.05,100,0
BCARU.US,5,20250923,164500,10.05,10.05,10.05,10.05,100,0
BCARU.US,5,20250923,174000,10.05,10.05,10.05,10.05,600,0
BCARU.US,5,20250923,175500,10.01,10.01,10.01,10.01,100,0
BCARU.US,5,20250923,181000,10.05,10.05,10.05,10.05,100,0
BCARU.US,5,20250923,185000,10.05,10.05,10.05,10.05,100,0
BCARU.US,5,20250924,153500,10.31,10.31,10.31,10.31,100,0
BCARU.US,5,20250924,192500,10.05,10.05,10.05,10.05,100,0
BCARU.US,5,20250925,162000,10.04,10.04,10.04,10.04,100,0
BCARU.US,5,20250925,163000,10,10.03,10,10.03,220,0
BCARU.US,5,20250925,163500,10,10.03,10,10.03,220,0
BCARU.US,5,20250926,174000,10.04,10.04,10.04,10.04,100,0
BCARU.US,5,20250926,175000,10.05,10.05,10.05,10.05,640,0
BCARU.US,5,20250929,165000,10.03,10.03,10.03,10.03,100,0
BCARU.US,5,20250929,165500,10,10.03,10,10.03,220,0
BCARU.US,5,20250929,170000,10,10,10,10,120,0
BCARU.US,5,20250929,170500,10,10.03,10,10.03,220,0
BCARU.US,5,20250929,171000,10.03,10.03,10.03,10.03,100,0
BCARU.US,5,20250930,153500,10.01,10.01,10.01,10.01,5447,0
BCARU.US,5,20250930,160500,10.04,10.04,10.04,10.04,100,0
BCARU.US,5,20250930,214500,10,10,10,10,300,0
BCARU.US,5,20251001,153000,9.9,9.9,9.9,9.9,100,0
BCARU.US,5,20251001,161000,10.04,10.04,10.04,10.04,100,0
BCARU.US,5,20251001,165000,10.03,10.03,10.03,10.03,100,0
BCARU.US,5,20251001,174000,10.02,10.02,10.02,10.02,100,0
BCARU.US,5,20251001,182500,10.02,10.02,10.02,10.02,640,0
BCARU.US,5,20251002,163000,10.03,10.03,10.03,10.03,100,0
BCARU.US,5,20251002,163500,10.01,10.03,10.01,10.01,300,0
BCARU.US,5,20251002,164000,10.01,10.03,10.01,10.03,200,0
BCARU.US,5,20251002,191000,10.03,10.03,10.03,10.03,100,0
BCARU.US,5,20251002,192000,10.04,10.04,10.04,10.04,1000,0
BCARU.US,5,20251002,193500,10.05,10.05,10.05,10.05,3394,0
BCARU.US,5,20251002,213500,10.26,10.26,10.26,10.26,100,0
BCARU.US,5,20251003,154000,10.216,10.216,10.216,10.216,100,0
BCARU.US,5,20251003,154500,10.216,10.216,10.06,10.06,200,0
BCARU.US,5,20251003,171000,10.3,10.3,10.3,10.3,1300,0
BCARU.US,5,20251003,173000,10.26,10.26,10.26,10.26,100,0
BCARU.US,5,20251003,212500,10.09,10.1,10.08,10.08,600,0
BCARU.US,5,20251003,213000,10.06,10.07,10.06,10.07,5389,0
BCARU.US,5,20251003,214500,10.08,10.08,10.08,10.08,11755,0
BCARU.US,5,20251003,215000,10.075,10.075,10.075,10.075,400,0
BCARU.US,5,20251006,160000,10.07,10.07,10.07,10.07,1130,0
BCARU.US,5,20251006,181000,10.26,10.26,10.26,10.26,100,0
BCARU.US,5,20251006,181500,10.26,10.26,10.26,10.26,100,0
BCARU.US,5,20251006,182000,10.07,10.26,10.07,10.26,200,0
BCARU.US,5,20251006,183000,10.26,10.26,10.26,10.26,100,0
BCARU.US,5,20251006,183500,10.07,10.07,10.07,10.07,100,0
BCARU.US,5,20251006,184000,10.08,10.08,10.07,10.07,200,0
BCARU.US,5,20251006,184500,10.08,10.08,10.08,10.08,100,0
BCARU.US,5,20251006,185000,10.25,10.25,10.08,10.08,200,0
BCARU.US,5,20251006,185500,10.07,10.25,10.07,10.25,200,0
BCARU.US,5,20251006,215500,10.06,10.06,10.06,10.06,100,0
BCARU.US,5,20251008,215500,10.08,10.08,10.08,10.08,149,0
BCARU.US,5,20251009,163500,10.08,10.19,10.08,10.08,6047,0
BCARU.US,5,20251009,164000,10.23,10.24,10.23,10.24,400,0
BCARU.US,5,20251009,165000,10.23,10.23,10.23,10.23,100,0
BCARU.US,5,20251009,170000,10.23,10.23,10.23,10.23,100,0
BCARU.US,5,20251009,172000,10.23,10.23,10.23,10.23,100,0
BCARU.US,5,20251014,172000,10.25,10.25,10.25,10.25,100,0
BCARU.US,5,20251014,180000,10.25,10.25,10.25,10.25,100,0
BCARU.US,5,20251015,170500,10.22,10.22,10.22,10.22,100,0
BCARU.US,5,20251016,170500,10.26,10.26,10.26,10.26,100,0
BCARU.US,5,20251016,215500,10.21,10.21,10.19,10.19,3145,0
BCARU.US,5,20251017,191500,10.28,10.28,10.19,10.2,641,0
BCARU.US,5,20251017,192000,10.2,10.2,10.2,10.2,240,0
BCARU.US,5,20251017,195000,10.19,10.2,10.19,10.2,300,0
BCARU.US,5,20251017,204000,10.19,10.2,10.19,10.2,2093,0
BCARU.US,5,20251017,205000,10.195,10.2,10.195,10.2,259,0
BCARU.US,5,20251017,211000,10.19,10.2,10.19,10.2,2230,0
BCARU.US,5,20251017,213500,10.19,10.19,10.18,10.18,200,0
BCARU.US,5,20251017,214000,10.19,10.19,10.18,10.19,700,0
BCARU.US,5,20251017,214500,10.18,10.18,10.18,10.18,200,0
BCARU.US,5,20251017,215000,10.18,10.18,10.18,10.18,1400,0
BCARU.US,5,20251017,215500,10.18,10.19,10.18,10.18,2186,0
BCARU.US,5,20251020,163500,10.28,10.28,10.28,10.28,100,0
BCARU.US,5,20251020,164000,10.28,10.28,10.28,10.28,200,0
BCARU.US,5,20251020,165000,10.28,10.28,10.28,10.28,100,0
BCARU.US,5,20251020,170500,10.28,10.28,10.28,10.28,100,0
BCARU.US,5,20251022,190000,10.27,10.27,10.27,10.27,100,0
BCARU.US,5,20251023,212000,10.28,10.28,10.2,10.2,200,0
BCARU.US,5,20251023,215000,10.2,10.29,10.2,10.25,1700,0
BCARU.US,5,20251023,215500,10.2,10.2,10.2,10.2,400,0
BCARU.US,5,20251024,170500,10.24,10.24,10.24,10.24,100,0
BCARU.US,5,20251027,162500,10.23,10.23,10.23,10.23,100,0
BCARU.US,5,20251028,153000,10.24,10.24,10.24,10.24,100,0
BCARU.US,5,20251028,162000,10.19,10.19,10.1498,10.16,10152,0
BCARU.US,5,20251028,162500,10.16,10.16,10.0998,10.1,15100,0
BCARU.US,5,20251028,170500,10.24,10.24,10.24,10.24,100,0
BCARU.US,5,20251029,190000,10.22,10.3,10.22,10.3,200,0
BCARU.US,5,20251030,200000,10.3,10.3,10.3,10.3,100,0
BCARU.US,5,20251031,150000,10.28,10.28,10.28,10.28,100,0
BCARU.US,5,20251103,161500,10.29,10.29,10.29,10.29,100,0
BCARU.US,5,20251104,162000,10.28,10.28,10.28,10.28,100,0
BCARU.US,5,20251104,204000,10.28,10.29,10.28,10.29,700,0
BCARU.US,5,20251104,214000,10.28,10.28,10.28,10.28,100,0
BCARU.US,5,20251105,154000,10.25,10.25,10.22,10.22,303,0
BCARU.US,5,20251105,163500,10.42,10.42,10.42,10.42,100,0
BCARU.US,5,20251106,191500,10.61,10.61,10.61,10.61,100,0
BCARU.US,5,20251107,155000,10.3,10.3,10.3,10.3,100,0
BCARU.US,5,20251107,155500,10.68,10.68,10.68,10.68,100,0
BCARU.US,5,20251107,161500,10.35,10.35,10.35,10.35,100,0
BCARU.US,5,20251118,163500,10.45,10.45,10.45,10.45,100,0
BCARU.US,5,20251128,184500,10.64,10.64,10.64,10.64,100,0
BCARU.US,5,20251201,164500,10.61,10.61,10.61,10.61,100,0
BCARU.US,5,20251203,215000,10.22,10.55,10.22,10.37,600,0
BCARU.US,5,20251212,153500,10.34,10.34,10.3,10.3,3321,0
BCARU.US,5,20251212,180000,10.29,10.29,10.29,10.29,100,0
BCARU.US,5,20251216,215500,10.26,10.26,10.26,10.26,100,0
BCARU.US,5,20251217,193000,10.2,10.2,10.2,10.2,100,0
BCARU.US,5,20251218,195000,10.12,10.15,10.12,10.15,300,0
BCARU.US,5,20251218,205000,10.12,10.15,10.12,10.15,211,0
BCARU.US,5,20251218,215500,10.16,10.16,10.16,10.16,100,0
BCARU.US,5,20251223,161500,10.2,10.2,10.2,10.2,200,0
BCARU.US,5,20251223,181500,10.2,10.2,10.2,10.2,200,0
BCARU.US,5,20251223,190500,10.25,10.25,10.25,10.25,100,0
BCARU.US,5,20251223,193000,10.2,10.2,10.2,10.2,300,0
BCARU.US,5,20251223,195000,10.25,10.25,10.25,10.25,100,0
BCARU.US,5,20251224,161500,10.26,10.26,10.26,10.26,100,0
BCARU.US,5,20251226,154500,10.25,10.25,10.25,10.25,100,0
BCARU.US,5,20251229,215500,10.27,10.33,10.27,10.33,2356,0
BCARU.US,5,20251230,192500,10.27,10.27,10.27,10.27,100,0
BCARU.US,5,20251231,172500,10.27,10.27,10.27,10.27,100,0
BCARU.US,5,20251231,211500,10.2,10.2,10.2,10.2,361,0
BCARU.US,5,20260102,160500,10.28,10.28,10.28,10.28,100,0
BCARU.US,5,20260102,212000,10.2292,10.2292,10.2292,10.2292,1000,0
BCARU.US,5,20260102,215500,10.22,10.22,10.22,10.22,100,0
BCARU.US,5,20260105,164500,10.28,10.28,10.28,10.28,100,0
BCARU.US,5,20260106,165000,10.28,10.28,10.28,10.28,100,0
BCARU.US,5,20260107,184000,10.27,10.27,10.27,10.27,100,0
BCARU.US,5,20260108,164500,10.27,10.27,10.27,10.27,100,0
