<TICKER>,<PER>,<DATE>,<TIME>,<OPEN>,<HIGH>,<LOW>,<CLOSE>,<VOL>,<OPENINT>
BCTK.US,5,20251215,165000,24.91,24.91,24.8386,24.8386,1544,0
BCTK.US,5,20251215,171500,24.83,24.83,24.83,24.83,200,0
BCTK.US,5,20251215,175500,24.91,24.91,24.91,24.91,200,0
BCTK.US,5,20251215,181500,24.91,24.91,24.91,24.91,133,0
BCTK.US,5,20251215,184500,24.85,24.96,24.8499,24.96,1320,0
BCTK.US,5,20251215,185000,24.96,24.96,24.8468,24.8468,400,0
BCTK.US,5,20251215,190000,24.85,24.8691,24.83,24.8691,600,0
BCTK.US,5,20251215,190500,24.8691,24.9087,24.8691,24.9087,300,0
BCTK.US,5,20251215,191000,24.9,24.9,24.9,24.9,910,0
BCTK.US,5,20251215,191500,24.9087,24.9087,24.84,24.84,300,0
BCTK.US,5,20251215,192000,24.88,25.06,24.88,24.8895,8900,0
BCTK.US,5,20251215,192500,24.84,24.88,24.84,24.88,500,0
BCTK.US,5,20251215,194000,24.7811,24.7811,24.7811,24.7811,100,0
BCTK.US,5,20251215,195500,24.89,24.89,24.89,24.89,100,0
BCTK.US,5,20251215,200000,24.889,24.89,24.67,24.67,4185,0
BCTK.US,5,20251215,201000,24.7816,24.7816,24.7816,24.7816,123,0
BCTK.US,5,20251215,202000,24.83,24.83,24.8299,24.8299,2000,0
BCTK.US,5,20251215,202500,24.7858,24.7858,24.72,24.72,2198,0
BCTK.US,5,20251215,205000,24.81,24.83,24.8099,24.83,2200,0
BCTK.US,5,20251215,205500,24.81,24.81,24.81,24.81,100,0
BCTK.US,5,20251215,210000,24.81,24.81,24.8099,24.81,1117,0
BCTK.US,5,20251215,210500,24.7495,24.7495,24.7495,24.7495,100,0
BCTK.US,5,20251215,212000,24.81,24.81,24.75,24.75,300,0
BCTK.US,5,20251215,214500,24.75,24.75,24.7488,24.7488,871,0
BCTK.US,5,20251215,215000,24.73,24.73,24.73,24.73,100,0
BCTK.US,5,20251216,153000,24.57,24.57,24.51,24.51,1442,0
BCTK.US,5,20251216,154000,24.5921,24.5921,24.5896,24.59,1078,0
BCTK.US,5,20251216,154500,24.59,24.59,24.59,24.59,2228,0
BCTK.US,5,20251216,160000,24.59,24.81,24.5899,24.6428,9180,0
BCTK.US,5,20251216,160500,24.6751,24.72,24.6751,24.72,300,0
BCTK.US,5,20251216,161000,24.65,24.65,24.633,24.633,704,0
BCTK.US,5,20251216,161500,24.6,24.6,24.6,24.6,100,0
BCTK.US,5,20251216,162000,24.55,24.55,24.55,24.55,400,0
BCTK.US,5,20251216,162500,24.47,24.57,24.4699,24.57,4724,0
BCTK.US,5,20251216,163000,24.5599,24.56,24.5599,24.5599,1200,0
BCTK.US,5,20251216,163500,24.53,24.53,24.53,24.53,100,0
BCTK.US,5,20251216,164000,24.52,24.52,24.51,24.51,200,0
BCTK.US,5,20251216,165000,24.52,24.52,24.52,24.52,206,0
BCTK.US,5,20251216,170500,24.59,24.59,24.58,24.58,200,0
BCTK.US,5,20251216,171000,24.531,24.531,24.531,24.531,425,0
BCTK.US,5,20251216,171500,24.5,24.5,24.5,24.5,100,0
BCTK.US,5,20251216,172500,24.5292,24.5292,24.5292,24.5292,448,0
BCTK.US,5,20251216,173000,24.54,24.54,24.54,24.54,100,0
BCTK.US,5,20251216,174000,24.4999,24.4999,24.4999,24.4999,400,0
BCTK.US,5,20251216,175000,24.58,24.58,24.58,24.58,500,0
BCTK.US,5,20251216,175500,24.5401,24.5401,24.5401,24.5401,415,0
BCTK.US,5,20251216,180500,24.59,24.59,24.58,24.58,200,0
BCTK.US,5,20251216,181000,24.56,24.575,24.56,24.575,598,0
BCTK.US,5,20251216,181500,24.59,24.59,24.59,24.59,100,0
BCTK.US,5,20251216,182000,24.5885,24.5885,24.5885,24.5885,100,0
BCTK.US,5,20251216,182500,24.52,24.53,24.52,24.53,200,0
BCTK.US,5,20251216,184000,24.534,24.54,24.52,24.52,4100,0
BCTK.US,5,20251216,185000,24.51,24.51,24.51,24.51,304,0
BCTK.US,5,20251216,185500,24.44,24.44,24.44,24.44,200,0
BCTK.US,5,20251216,191500,24.45,24.45,24.44,24.44,2650,0
BCTK.US,5,20251216,192000,24.45,24.45,24.44,24.44,1018,0
BCTK.US,5,20251216,192500,24.46,24.46,24.42,24.42,500,0
BCTK.US,5,20251216,193000,24.5392,24.5392,24.5392,24.5392,250,0
BCTK.US,5,20251216,193500,24.52,24.5201,24.52,24.5201,200,0
BCTK.US,5,20251216,195000,24.6134,24.6134,24.6134,24.6134,4450,0
BCTK.US,5,20251216,195500,24.59,24.59,24.59,24.59,100,0
BCTK.US,5,20251216,200000,24.53,24.53,24.53,24.53,100,0
BCTK.US,5,20251216,203500,24.58,24.58,24.511,24.511,4232,0
BCTK.US,5,20251216,204000,24.5436,24.5436,24.5436,24.5436,765,0
BCTK.US,5,20251216,205500,24.6,24.63,24.59,24.59,362,0
BCTK.US,5,20251216,211000,24.65,24.65,24.5814,24.5814,332,0
BCTK.US,5,20251216,212000,24.64,24.64,24.64,24.64,100,0
BCTK.US,5,20251216,212500,24.67,24.67,24.67,24.67,100,0
BCTK.US,5,20251216,213500,24.7,24.7,24.7,24.7,885,0
BCTK.US,5,20251216,214500,24.6935,24.6935,24.69,24.69,350,0
BCTK.US,5,20251216,215000,24.6941,24.7199,24.6941,24.7199,502,0
BCTK.US,5,20251217,153000,24.55,24.87,24.55,24.66,5384,0
BCTK.US,5,20251217,153500,24.785,24.785,24.73,24.73,200,0
BCTK.US,5,20251217,154000,24.6296,24.6296,24.6296,24.6296,1721,0
BCTK.US,5,20251217,154500,24.6524,24.6524,24.6524,24.6524,100,0
BCTK.US,5,20251217,160000,24.7134,24.7134,24.6888,24.69,1000,0
BCTK.US,5,20251217,160500,24.6796,24.6796,24.6638,24.6638,1000,0
BCTK.US,5,20251217,161000,24.638,24.646,24.63,24.638,500,0
BCTK.US,5,20251217,163000,24.6,24.6,24.6,24.6,200,0
BCTK.US,5,20251217,163500,24.5,24.5,24.4501,24.4501,291,0
BCTK.US,5,20251217,164500,24.3724,24.3724,24.3724,24.3724,1640,0
BCTK.US,5,20251217,170000,24.2773,24.34,24.2773,24.34,350,0
BCTK.US,5,20251217,171500,24.2811,24.3,24.2811,24.3,1354,0
BCTK.US,5,20251217,172500,24.3,24.3,24.3,24.3,100,0
BCTK.US,5,20251217,173000,24.2716,24.2716,24.2716,24.2716,200,0
BCTK.US,5,20251217,180000,24.2711,24.2711,24.2711,24.2711,100,0
BCTK.US,5,20251217,180500,24.23,24.23,24.23,24.23,100,0
BCTK.US,5,20251217,181500,24.235,24.29,24.235,24.29,424,0
BCTK.US,5,20251217,183000,24.3399,24.3399,24.315,24.315,3000,0
BCTK.US,5,20251217,185000,24.22,24.22,24.22,24.22,100,0
BCTK.US,5,20251217,191500,24.24,24.24,24.24,24.24,200,0
BCTK.US,5,20251217,193000,24.24,24.24,24.225,24.23,3100,0
BCTK.US,5,20251217,193500,24.22,24.22,24.22,24.22,825,0
BCTK.US,5,20251217,194000,24.155,24.155,24.155,24.155,200,0
BCTK.US,5,20251217,194500,24.12,24.12,24.12,24.12,100,0
BCTK.US,5,20251217,195000,24.12,24.12,24.12,24.12,100,0
BCTK.US,5,20251217,200500,24.1449,24.1449,24.1449,24.1449,5000,0
BCTK.US,5,20251217,202000,24.12,24.12,24.12,24.12,414,0
BCTK.US,5,20251217,203000,24.105,24.105,24.105,24.105,1200,0
BCTK.US,5,20251217,205500,24.1511,24.1511,24.1511,24.1511,100,0
BCTK.US,5,20251217,210500,24.1,24.1,24.1,24.1,100,0
BCTK.US,5,20251217,211500,24.11,24.11,24.11,24.11,100,0
BCTK.US,5,20251217,212000,24.115,24.115,24.11,24.11,362,0
BCTK.US,5,20251217,212500,24.12,24.12,24.12,24.12,100,0
BCTK.US,5,20251217,213500,24.11,24.11,24.11,24.11,100,0
BCTK.US,5,20251217,214000,24.1156,24.1156,24.1156,24.1156,100,0
BCTK.US,5,20251217,214500,24.12,24.12,24.12,24.12,100,0
BCTK.US,5,20251217,215000,24.1,24.11,24.08,24.11,1100,0
BCTK.US,5,20251217,215500,24.11,24.11,24.078,24.08,600,0
BCTK.US,5,20251218,153000,24.59,24.59,24.59,24.59,123,0
BCTK.US,5,20251218,153500,24.63,24.63,24.63,24.63,100,0
BCTK.US,5,20251218,154000,24.5615,24.5615,24.552,24.552,1403,0
BCTK.US,5,20251218,154500,24.5,24.58,24.5,24.5,959,0
BCTK.US,5,20251218,160000,24.66,24.66,24.6396,24.6396,300,0
BCTK.US,5,20251218,160500,24.56,24.56,24.56,24.56,100,0
BCTK.US,5,20251218,161000,24.48,24.48,24.48,24.48,204,0
BCTK.US,5,20251218,162000,24.49,24.49,24.4801,24.4801,1967,0
BCTK.US,5,20251218,162500,24.49,24.68,24.49,24.68,1100,0
BCTK.US,5,20251218,163500,24.66,24.749,24.66,24.749,500,0
BCTK.US,5,20251218,164500,24.719,24.719,24.719,24.719,1000,0
BCTK.US,5,20251218,165000,24.695,24.695,24.695,24.695,250,0
BCTK.US,5,20251218,173000,24.645,24.65,24.645,24.6466,300,0
BCTK.US,5,20251218,173500,24.681,24.681,24.681,24.681,100,0
BCTK.US,5,20251218,180500,24.65,24.65,24.59,24.6,2900,0
BCTK.US,5,20251218,181000,24.495,24.495,24.473,24.473,415,0
BCTK.US,5,20251218,181500,24.485,24.485,24.485,24.485,200,0
BCTK.US,5,20251218,182000,24.51,24.51,24.51,24.51,100,0
BCTK.US,5,20251218,183500,24.5098,24.5098,24.5098,24.5098,250,0
BCTK.US,5,20251218,184000,24.51,24.6049,24.51,24.6049,303,0
BCTK.US,5,20251218,191500,24.645,24.645,24.645,24.645,1000,0
BCTK.US,5,20251218,193500,24.66,24.66,24.66,24.66,166,0
BCTK.US,5,20251218,195000,24.62,24.62,24.62,24.62,200,0
BCTK.US,5,20251218,200500,24.575,24.59,24.575,24.59,508,0
BCTK.US,5,20251218,201000,24.6258,24.6258,24.6258,24.6258,400,0
BCTK.US,5,20251218,202000,24.56,24.56,24.56,24.56,150,0
BCTK.US,5,20251218,203000,24.595,24.595,24.595,24.595,300,0
BCTK.US,5,20251218,203500,24.59,24.59,24.565,24.59,12100,0
BCTK.US,5,20251218,210500,24.565,24.565,24.565,24.565,179,0
BCTK.US,5,20251218,211000,24.58,24.59,24.565,24.59,1900,0
BCTK.US,5,20251218,212500,24.61,24.61,24.61,24.61,800,0
BCTK.US,5,20251218,213500,24.629,24.632,24.62,24.632,400,0
BCTK.US,5,20251218,214000,24.6083,24.63,24.6083,24.63,714,0
BCTK.US,5,20251218,214500,24.61,24.61,24.61,24.61,714,0
BCTK.US,5,20251218,215500,24.58,24.58,24.58,24.58,1000,0
BCTK.US,5,20251219,153000,24.76,24.86,24.76,24.8019,2438,0
BCTK.US,5,20251219,160000,24.99,24.99,24.99,24.99,200,0
BCTK.US,5,20251219,161000,25,25,24.97,24.97,300,0
BCTK.US,5,20251219,162500,24.95,24.95,24.8799,24.8799,350,0
BCTK.US,5,20251219,163000,24.9216,24.9216,24.9216,24.9216,125,0
BCTK.US,5,20251219,164000,24.9,24.9,24.9,24.9,100,0
BCTK.US,5,20251219,164500,24.8655,24.8655,24.8655,24.8655,500,0
BCTK.US,5,20251219,165500,24.875,24.8999,24.875,24.8999,970,0
BCTK.US,5,20251219,171000,24.9,24.9,24.9,24.9,100,0
BCTK.US,5,20251219,172000,24.9784,24.979,24.9784,24.979,300,0
BCTK.US,5,20251219,173500,24.9872,24.9872,24.9872,24.9872,500,0
BCTK.US,5,20251219,174500,24.945,24.945,24.935,24.935,561,0
BCTK.US,5,20251219,182500,25.025,25.025,25.025,25.025,100,0
BCTK.US,5,20251219,183500,25.03,25.03,25.03,25.03,100,0
BCTK.US,5,20251219,184000,25.04,25.04,25.04,25.04,100,0
BCTK.US,5,20251219,185500,25.045,25.07,25.045,25.07,248,0
BCTK.US,5,20251219,190000,25.053,25.053,25.053,25.053,1000,0
BCTK.US,5,20251219,192000,25.07,25.07,25.0694,25.0694,480,0
BCTK.US,5,20251219,192500,25.05,25.05,25.05,25.05,320,0
BCTK.US,5,20251219,193500,25.07,25.07,25.06,25.06,7996,0
BCTK.US,5,20251219,195500,25.059,25.06,25.059,25.06,800,0
BCTK.US,5,20251219,200500,25.07,25.07,25.07,25.07,200,0
BCTK.US,5,20251219,201000,25.085,25.1,25.085,25.1,1000,0
BCTK.US,5,20251219,201500,25.1,25.1,25.1,25.1,200,0
BCTK.US,5,20251219,203500,25.083,25.12,25.083,25.1,800,0
BCTK.US,5,20251219,204500,25.1001,25.1197,25.1001,25.1197,410,0
BCTK.US,5,20251219,210000,25.095,25.1,25.095,25.1,600,0
BCTK.US,5,20251219,210500,25.1196,25.1196,25.1,25.1,648,0
BCTK.US,5,20251219,212000,25.11,25.11,25.11,25.11,100,0
BCTK.US,5,20251219,212500,25.12,25.21,25.12,25.21,1546,0
BCTK.US,5,20251219,213500,25.14,25.14,25.14,25.14,400,0
BCTK.US,5,20251219,214500,25.1122,25.1187,25.11,25.1187,7100,0
BCTK.US,5,20251219,215000,25.14,25.1416,25.14,25.1416,298,0
BCTK.US,5,20251222,153000,25.43,25.54,25.43,25.46,2812,0
BCTK.US,5,20251222,153500,25.345,25.345,25.345,25.345,200,0
BCTK.US,5,20251222,154500,25.415,25.415,25.415,25.415,100,0
BCTK.US,5,20251222,155000,25.469,25.469,25.469,25.469,1050,0
BCTK.US,5,20251222,160000,25.48,25.48,25.4101,25.4101,575,0
BCTK.US,5,20251222,160500,25.47,25.47,25.47,25.47,100,0
BCTK.US,5,20251222,162500,25.47,25.47,25.47,25.47,100,0
BCTK.US,5,20251222,163000,25.41,25.44,25.41,25.44,355,0
BCTK.US,5,20251222,164000,25.38,25.38,25.38,25.38,100,0
BCTK.US,5,20251222,165000,25.45,25.45,25.38,25.45,400,0
BCTK.US,5,20251222,170000,25.445,25.45,25.445,25.45,400,0
BCTK.US,5,20251222,170500,25.45,25.8,25.45,25.5,10417,0
BCTK.US,5,20251222,171000,25.47,25.47,25.46,25.46,224,0
BCTK.US,5,20251222,173500,25.469,25.47,25.469,25.47,2002,0
BCTK.US,5,20251222,174000,25.47,25.49,25.4699,25.47,2010,0
BCTK.US,5,20251222,175500,25.4742,25.4742,25.4742,25.4742,100,0
BCTK.US,5,20251222,180000,25.5,25.5,25.483,25.483,1004,0
BCTK.US,5,20251222,181500,25.5,25.5,25.485,25.485,1100,0
BCTK.US,5,20251222,183000,25.499,25.499,25.499,25.499,200,0
BCTK.US,5,20251222,184000,25.5,25.5,25.5,25.5,100,0
BCTK.US,5,20251222,184500,25.485,25.5,25.485,25.5,4337,0
BCTK.US,5,20251222,185000,25.482,25.482,25.482,25.482,488,0
BCTK.US,5,20251222,185500,25.485,25.5,25.485,25.5,4022,0
BCTK.US,5,20251222,190000,25.55,25.55,25.5499,25.5499,5090,0
BCTK.US,5,20251222,190500,25.54,25.54,25.515,25.515,5006,0
BCTK.US,5,20251222,191000,25.515,25.5224,25.515,25.5224,380,0
BCTK.US,5,20251222,191500,25.5171,25.529,25.51,25.51,2088,0
BCTK.US,5,20251222,192000,25.5073,25.51,25.5073,25.51,1004,0
BCTK.US,5,20251222,192500,25.51,25.5399,25.51,25.5399,430,0
BCTK.US,5,20251222,193000,25.5104,25.5104,25.5104,25.5104,2936,0
BCTK.US,5,20251222,193500,25.515,25.52,25.515,25.52,200,0
BCTK.US,5,20251222,194000,25.53,25.53,25.53,25.53,100,0
BCTK.US,5,20251222,202000,25.55,25.55,25.53,25.53,300,0
BCTK.US,5,20251222,204000,25.5533,25.5533,25.545,25.545,6030,0
BCTK.US,5,20251222,204500,25.5456,25.55,25.5456,25.55,491,0
BCTK.US,5,20251222,212500,25.515,25.515,25.515,25.515,186,0
BCTK.US,5,20251222,214000,25.51,25.51,25.51,25.51,370,0
BCTK.US,5,20251222,215000,25.57,25.58,25.51,25.53,7749,0
BCTK.US,5,20251223,153000,25.41,25.4658,25.41,25.4658,3107,0
BCTK.US,5,20251223,153500,25.465,25.465,25.45,25.45,1663,0
BCTK.US,5,20251223,154500,25.475,25.475,25.475,25.475,100,0
BCTK.US,5,20251223,155500,25.43,25.43,25.43,25.43,100,0
BCTK.US,5,20251223,160500,25.305,25.305,25.305,25.305,100,0
BCTK.US,5,20251223,162500,25.38,25.3918,25.3701,25.3701,616,0
BCTK.US,5,20251223,164000,25.44,25.44,25.44,25.44,149,0
BCTK.US,5,20251223,165500,25.415,25.415,25.415,25.415,211,0
BCTK.US,5,20251223,171000,25.45,25.47,25.45,25.4699,8083,0
BCTK.US,5,20251223,172500,25.465,25.465,25.465,25.465,221,0
BCTK.US,5,20251223,173500,25.4598,25.4598,25.4598,25.4598,1171,0
BCTK.US,5,20251223,175500,25.5,25.5,25.5,25.5,600,0
BCTK.US,5,20251223,182000,25.5,25.5,25.5,25.5,1038,0
BCTK.US,5,20251223,182500,25.54,25.54,25.54,25.54,100,0
BCTK.US,5,20251223,183000,25.5303,25.54,25.5303,25.54,1105,0
BCTK.US,5,20251223,184500,25.52,25.52,25.52,25.52,557,0
BCTK.US,5,20251223,185500,25.515,25.5154,25.515,25.5154,500,0
BCTK.US,5,20251223,191000,25.532,25.532,25.525,25.525,325,0
BCTK.US,5,20251223,191500,25.54,25.54,25.528,25.54,320,0
BCTK.US,5,20251223,203000,25.54,25.54,25.54,25.54,1161,0
BCTK.US,5,20251223,205500,25.555,25.555,25.53,25.53,1815,0
BCTK.US,5,20251223,211500,25.5999,25.6,25.59,25.595,650,0
BCTK.US,5,20251223,212500,25.5964,25.5964,25.5964,25.5964,190,0
BCTK.US,5,20251223,214000,25.61,25.61,25.61,25.61,1340,0
BCTK.US,5,20251223,214500,25.5906,25.62,25.5906,25.62,222,0
BCTK.US,5,20251223,215000,25.6,25.6,25.6,25.6,800,0
BCTK.US,5,20251224,153000,25.59,25.59,25.59,25.59,253,0
BCTK.US,5,20251224,153500,25.54,25.54,25.535,25.535,3327,0
BCTK.US,5,20251224,154500,25.5058,25.54,25.5058,25.54,1213,0
BCTK.US,5,20251224,155500,25.55,25.55,25.55,25.55,287,0
BCTK.US,5,20251224,161500,25.6089,25.6089,25.6089,25.6089,258,0
BCTK.US,5,20251224,162000,25.57,25.58,25.56,25.56,1174,0
BCTK.US,5,20251224,162500,25.54,25.56,25.54,25.54,700,0
BCTK.US,5,20251224,163500,25.5535,25.5535,25.5535,25.5535,100,0
BCTK.US,5,20251224,165000,25.5894,25.5894,25.5894,25.5894,124,0
BCTK.US,5,20251224,165500,25.58,25.58,25.4875,25.493,1080,0
BCTK.US,5,20251224,175000,25.63,25.63,25.63,25.63,100,0
BCTK.US,5,20251224,181500,25.64,25.64,25.6155,25.6155,260,0
BCTK.US,5,20251224,182000,25.615,25.615,25.615,25.615,250,0
BCTK.US,5,20251224,182500,25.6025,25.615,25.6025,25.615,200,0
BCTK.US,5,20251224,183500,25.6116,25.6116,25.6116,25.6116,100,0
BCTK.US,5,20251224,184000,25.6088,25.6088,25.6088,25.6088,200,0
BCTK.US,5,20251224,185500,25.6049,25.6049,25.6049,25.6049,495,0
BCTK.US,5,20251226,153000,25.7,25.7,25.649,25.649,2726,0
BCTK.US,5,20251226,153500,25.655,25.665,25.655,25.665,5000,0
BCTK.US,5,20251226,154000,25.66,25.66,25.66,25.66,577,0
BCTK.US,5,20251226,155000,25.65,25.65,25.65,25.65,100,0
BCTK.US,5,20251226,155500,25.64,25.64,25.64,25.64,200,0
BCTK.US,5,20251226,160000,25.63,25.63,25.6,25.6,200,0
BCTK.US,5,20251226,162000,25.595,25.595,25.595,25.595,156,0
BCTK.US,5,20251226,163500,25.67,25.67,25.645,25.645,928,0
BCTK.US,5,20251226,164500,25.65,25.65,25.65,25.65,100,0
BCTK.US,5,20251226,170500,25.7,25.7,25.695,25.695,300,0
BCTK.US,5,20251226,171000,25.69,25.695,25.67,25.67,2159,0
BCTK.US,5,20251226,171500,25.6497,25.6497,25.6497,25.6497,1203,0
BCTK.US,5,20251226,173000,25.68,25.68,25.68,25.68,223,0
BCTK.US,5,20251226,173500,25.685,25.685,25.685,25.685,2000,0
BCTK.US,5,20251226,175000,25.69,25.69,25.69,25.69,100,0
BCTK.US,5,20251226,175500,25.68,25.69,25.68,25.68,600,0
BCTK.US,5,20251226,181000,25.675,25.68,25.675,25.675,2100,0
BCTK.US,5,20251226,181500,25.68,25.68,25.68,25.68,550,0
BCTK.US,5,20251226,182500,25.68,25.68,25.68,25.68,300,0
BCTK.US,5,20251226,183000,25.68,25.68,25.68,25.68,200,0
BCTK.US,5,20251226,185000,25.675,25.675,25.675,25.675,100,0
BCTK.US,5,20251226,185500,25.68,25.68,25.68,25.68,400,0
BCTK.US,5,20251226,190000,25.7,25.7,25.7,25.7,100,0
BCTK.US,5,20251226,192000,25.68,25.68,25.68,25.68,200,0
BCTK.US,5,20251226,194000,25.7099,25.7099,25.7099,25.7099,400,0
BCTK.US,5,20251226,194500,25.69,25.69,25.69,25.69,100,0
BCTK.US,5,20251226,195500,25.68,25.695,25.6701,25.6701,591,0
BCTK.US,5,20251226,202000,25.68,25.68,25.68,25.68,4000,0
BCTK.US,5,20251226,203000,25.695,25.695,25.695,25.695,219,0
BCTK.US,5,20251226,204000,25.71,25.71,25.71,25.71,100,0
BCTK.US,5,20251226,212000,25.7,25.7,25.7,25.7,100,0
BCTK.US,5,20251226,215500,25.68,25.69,25.68,25.68,540,0
BCTK.US,5,20251229,153000,25.47,25.47,25.35,25.35,2623,0
BCTK.US,5,20251229,155000,25.44,25.44,25.44,25.44,100,0
BCTK.US,5,20251229,160000,25.37,25.37,25.36,25.36,400,0
BCTK.US,5,20251229,160500,25.4,25.4,25.3599,25.3599,2406,0
BCTK.US,5,20251229,161000,25.35,25.35,25.35,25.35,100,0
BCTK.US,5,20251229,162500,25.418,25.418,25.3901,25.3901,400,0
BCTK.US,5,20251229,163500,25.41,25.41,25.41,25.41,100,0
BCTK.US,5,20251229,165000,25.3657,25.3657,25.3657,25.3657,3551,0
BCTK.US,5,20251229,170000,25.36,25.36,25.36,25.36,200,0
BCTK.US,5,20251229,173000,25.4078,25.4078,25.4,25.4,373,0
BCTK.US,5,20251229,175000,25.4,25.4,25.4,25.4,276,0
BCTK.US,5,20251229,180000,25.41,25.41,25.37,25.37,601,0
BCTK.US,5,20251229,180500,25.39,25.39,25.39,25.39,550,0
BCTK.US,5,20251229,182000,25.39,25.39,25.34,25.34,1100,0
BCTK.US,5,20251229,183000,25.36,25.36,25.36,25.36,100,0
BCTK.US,5,20251229,183500,25.355,25.355,25.355,25.355,157,0
BCTK.US,5,20251229,185000,25.39,25.39,25.3415,25.3415,221,0
BCTK.US,5,20251229,193000,25.4,25.404,25.4,25.4,670,0
BCTK.US,5,20251229,193500,25.41,25.41,25.41,25.41,591,0
BCTK.US,5,20251229,194000,25.38,25.38,25.38,25.38,200,0
BCTK.US,5,20251229,195000,25.38,25.38,25.38,25.38,100,0
BCTK.US,5,20251229,204500,25.4,25.4,25.4,25.4,100,0
BCTK.US,5,20251229,205500,25.415,25.415,25.415,25.415,100,0
BCTK.US,5,20251229,210000,25.3901,25.3901,25.3901,25.3901,100,0
BCTK.US,5,20251229,211000,25.41,25.43,25.41,25.43,414,0
BCTK.US,5,20251229,213500,25.415,25.415,25.415,25.415,138,0
BCTK.US,5,20251229,214500,25.41,25.41,25.41,25.41,225,0
BCTK.US,5,20251229,215000,25.405,25.42,25.39,25.4,2292,0
BCTK.US,5,20251229,215500,25.38,25.38,25.38,25.38,326,0
BCTK.US,5,20251230,153000,25.34,25.34,25.34,25.34,600,0
BCTK.US,5,20251230,154500,25.3284,25.3625,25.2925,25.355,450,0
BCTK.US,5,20251230,155500,25.4294,25.4294,25.395,25.395,238,0
BCTK.US,5,20251230,163500,25.34,25.34,25.34,25.34,100,0
BCTK.US,5,20251230,164500,25.3456,25.3456,25.22,25.28,10488,0
BCTK.US,5,20251230,165500,25.345,25.345,25.345,25.345,748,0
BCTK.US,5,20251230,170000,25.3592,25.3592,25.3592,25.3592,199,0
BCTK.US,5,20251230,170500,25.355,25.355,25.355,25.355,117,0
BCTK.US,5,20251230,171000,25.3593,25.38,25.33,25.33,4574,0
BCTK.US,5,20251230,172500,25.4136,25.4136,25.4136,25.4136,407,0
BCTK.US,5,20251230,173000,25.4,25.4,25.4,25.4,100,0
BCTK.US,5,20251230,182500,25.3,25.3,25.3,25.3,200,0
BCTK.US,5,20251230,184500,25.31,25.3101,25.31,25.3101,4860,0
BCTK.US,5,20251230,185000,25.31,25.31,25.31,25.31,1206,0
BCTK.US,5,20251230,201000,25.3117,25.3117,25.3117,25.3117,3951,0
BCTK.US,5,20251230,201500,25.29,25.29,25.29,25.29,500,0
BCTK.US,5,20251230,202000,25.3199,25.3199,25.3199,25.3199,395,0
BCTK.US,5,20251230,203500,25.295,25.295,25.295,25.295,105,0
BCTK.US,5,20251230,210500,25.29,25.38,25.2887,25.359,6098,0
BCTK.US,5,20251230,211500,25.266,25.27,25.266,25.27,200,0
BCTK.US,5,20251230,212500,25.29,25.29,25.29,25.29,5895,0
BCTK.US,5,20251230,213500,25.27,25.27,25.27,25.27,5930,0
BCTK.US,5,20251230,214500,25.2101,25.2101,25.2101,25.2101,200,0
BCTK.US,5,20251230,215000,25.2699,25.2699,25.2699,25.2699,365,0
BCTK.US,5,20251230,215500,25.27,25.27,25.27,25.27,100,0
BCTK.US,5,20251231,153000,25.37,25.37,25.3462,25.3462,1735,0
BCTK.US,5,20251231,153500,25.3,25.3,25.3,25.3,200,0
BCTK.US,5,20251231,154000,25.29,25.29,25.2788,25.2788,480,0
BCTK.US,5,20251231,154500,25.215,25.215,25.19,25.19,207,0
BCTK.US,5,20251231,155500,25.27,25.279,25.27,25.279,400,0
BCTK.US,5,20251231,160000,25.29,25.29,25.29,25.29,200,0
BCTK.US,5,20251231,162000,25.2401,25.2401,25.2401,25.2401,384,0
BCTK.US,5,20251231,164500,25.289,25.289,25.289,25.289,190,0
BCTK.US,5,20251231,165000,25.27,25.27,25.27,25.27,200,0
BCTK.US,5,20251231,170000,25.24,25.24,25.24,25.24,1775,0
BCTK.US,5,20251231,171000,25.235,25.235,25.235,25.235,472,0
BCTK.US,5,20251231,171500,25.235,25.235,25.235,25.235,189,0
BCTK.US,5,20251231,172000,25.25,25.25,25.25,25.25,100,0
BCTK.US,5,20251231,172500,25.235,25.25,25.235,25.2499,3050,0
BCTK.US,5,20251231,180500,25.23,25.24,25.23,25.24,1887,0
BCTK.US,5,20251231,181000,25.2365,25.2365,25.2365,25.2365,130,0
BCTK.US,5,20251231,183500,25.265,25.265,25.265,25.265,104,0
BCTK.US,5,20251231,184500,25.285,25.285,25.285,25.285,200,0
BCTK.US,5,20251231,185000,25.2499,25.2499,25.2499,25.2499,326,0
BCTK.US,5,20251231,200000,25.2625,25.2625,25.2625,25.2625,100,0
BCTK.US,5,20251231,210500,25.165,25.165,25.165,25.165,188,0
BCTK.US,5,20251231,211000,25.15,25.15,25.15,25.15,100,0
BCTK.US,5,20251231,212000,25.169,25.169,25.169,25.169,200,0
BCTK.US,5,20251231,212500,25.1323,25.1327,25.1323,25.1327,392,0
BCTK.US,5,20251231,213000,25.15,25.15,25.15,25.15,355,0
BCTK.US,5,20251231,213500,25.15,25.15,25.15,25.15,180,0
BCTK.US,5,20260102,153000,25.42,25.5275,25.42,25.5199,1883,0
BCTK.US,5,20260102,153500,25.55,25.5699,25.53,25.5699,660,0
BCTK.US,5,20260102,154000,25.5884,25.5884,25.5884,25.5884,250,0
BCTK.US,5,20260102,160500,25.613,25.613,25.613,25.613,100,0
BCTK.US,5,20260102,161500,25.4375,25.4375,25.3901,25.3901,1154,0
BCTK.US,5,20260102,162500,25.3325,25.3325,25.3325,25.3325,125,0
BCTK.US,5,20260102,163000,25.34,25.41,25.34,25.3496,1900,0
BCTK.US,5,20260102,170500,25.24,25.24,25.24,25.24,3110,0
BCTK.US,5,20260102,171000,25.27,25.27,25.27,25.27,100,0
BCTK.US,5,20260102,173500,25.3299,25.3299,25.3299,25.3299,1121,0
BCTK.US,5,20260102,174000,25.31,25.31,25.3099,25.31,300,0
BCTK.US,5,20260102,174500,25.29,25.29,25.2887,25.2887,400,0
BCTK.US,5,20260102,175500,25.23,25.26,25.23,25.26,300,0
BCTK.US,5,20260102,180500,25.248,25.248,25.248,25.248,100,0
BCTK.US,5,20260102,182000,25.3,25.3,25.3,25.3,100,0
BCTK.US,5,20260102,184500,25.3275,25.3275,25.29,25.2971,600,0
BCTK.US,5,20260102,191500,25.27,25.27,25.27,25.27,100,0
BCTK.US,5,20260102,192000,25.27,25.27,25.27,25.27,200,0
BCTK.US,5,20260102,194500,25.25,25.25,25.25,25.25,1225,0
BCTK.US,5,20260102,195000,25.2199,25.2199,25.2199,25.2199,243,0
BCTK.US,5,20260102,200000,25.1817,25.1817,25.1817,25.1817,398,0
BCTK.US,5,20260102,201000,25.333,25.333,25.333,25.333,938,0
BCTK.US,5,20260102,202000,25.32,25.32,25.32,25.32,100,0
BCTK.US,5,20260102,205500,25.37,25.4,25.37,25.39,499,0
BCTK.US,5,20260102,210500,25.33,25.359,25.33,25.3396,1300,0
BCTK.US,5,20260102,212000,25.425,25.43,25.33,25.33,1198,0
BCTK.US,5,20260102,212500,25.3038,25.3038,25.3038,25.3038,146,0
BCTK.US,5,20260102,213500,25.3206,25.3206,25.3206,25.3206,247,0
BCTK.US,5,20260102,215500,25.38,25.39,25.18,25.31,3600,0
BCTK.US,5,20260105,153000,25.65,25.66,25.65,25.66,326,0
BCTK.US,5,20260105,154500,25.46,25.47,25.46,25.47,974,0
BCTK.US,5,20260105,155000,25.48,25.48,25.4699,25.4699,700,0
BCTK.US,5,20260105,162500,25.6475,25.67,25.6475,25.67,200,0
BCTK.US,5,20260105,163000,25.69,25.69,25.69,25.69,150,0
BCTK.US,5,20260105,163500,25.71,25.71,25.71,25.71,100,0
BCTK.US,5,20260105,164000,25.66,25.66,25.66,25.66,100,0
BCTK.US,5,20260105,164500,25.65,25.65,25.65,25.65,100,0
BCTK.US,5,20260105,165000,25.645,25.6675,25.64,25.64,959,0
BCTK.US,5,20260105,171000,25.69,25.69,25.69,25.69,100,0
BCTK.US,5,20260105,172500,25.6588,25.6588,25.6588,25.6588,394,0
BCTK.US,5,20260105,173000,25.67,25.67,25.67,25.67,100,0
BCTK.US,5,20260105,173500,25.6493,25.6493,25.6493,25.6493,105,0
BCTK.US,5,20260105,175500,25.59,25.59,25.59,25.59,1160,0
BCTK.US,5,20260105,180500,25.59,25.61,25.59,25.61,476,0
BCTK.US,5,20260105,181000,25.59,25.59,25.59,25.59,195,0
BCTK.US,5,20260105,181500,25.6,25.6,25.6,25.6,155,0
BCTK.US,5,20260105,184000,25.55,25.56,25.55,25.56,230,0
BCTK.US,5,20260105,184500,25.56,25.56,25.5599,25.5599,200,0
BCTK.US,5,20260105,185000,25.57,25.57,25.57,25.57,234,0
BCTK.US,5,20260105,191000,25.57,25.57,25.56,25.56,809,0
BCTK.US,5,20260105,192500,25.556,25.556,25.556,25.556,243,0
BCTK.US,5,20260105,195000,25.5799,25.5799,25.5799,25.5799,100,0
BCTK.US,5,20260105,195500,25.5501,25.5501,25.5501,25.5501,274,0
BCTK.US,5,20260105,201000,25.56,25.56,25.56,25.56,197,0
BCTK.US,5,20260105,202000,25.5599,25.5599,25.5599,25.5599,100,0
BCTK.US,5,20260105,203000,25.56,25.59,25.5599,25.5599,1600,0
BCTK.US,5,20260105,205000,25.57,25.57,25.57,25.57,100,0
BCTK.US,5,20260105,210500,25.542,25.542,25.542,25.542,140,0
BCTK.US,5,20260105,212500,25.5562,25.61,25.5201,25.5201,4779,0
BCTK.US,5,20260105,215500,25.53,25.53,25.53,25.53,100,0
BCTK.US,5,20260106,153000,25.65,25.65,25.65,25.65,2984,0
BCTK.US,5,20260106,154000,25.4,25.42,25.4,25.42,220,0
BCTK.US,5,20260106,154500,25.5683,25.5683,25.5683,25.5683,100,0
BCTK.US,5,20260106,160500,25.668,25.668,25.668,25.668,157,0
BCTK.US,5,20260106,162000,25.67,25.67,25.67,25.67,100,0
BCTK.US,5,20260106,163000,25.705,25.705,25.705,25.705,559,0
BCTK.US,5,20260106,164000,25.6276,25.6276,25.6276,25.6276,291,0
BCTK.US,5,20260106,171500,25.59,25.59,25.59,25.59,100,0
BCTK.US,5,20260106,172000,25.6249,25.6249,25.6249,25.6249,100,0
BCTK.US,5,20260106,175000,25.645,25.645,25.6401,25.6401,365,0
BCTK.US,5,20260106,180500,25.677,25.677,25.677,25.677,500,0
BCTK.US,5,20260106,182500,25.705,25.705,25.705,25.705,500,0
BCTK.US,5,20260106,191500,25.81,25.81,25.81,25.81,119,0
BCTK.US,5,20260106,192500,25.795,25.795,25.795,25.795,100,0
BCTK.US,5,20260106,203000,25.843,25.843,25.843,25.843,193,0
BCTK.US,5,20260106,203500,25.845,25.845,25.845,25.845,3000,0
BCTK.US,5,20260106,204000,25.855,25.855,25.855,25.855,252,0
BCTK.US,5,20260106,204500,25.8354,25.8354,25.8354,25.8354,131,0
BCTK.US,5,20260106,205000,25.83,25.83,25.83,25.83,100,0
BCTK.US,5,20260106,210500,25.86,25.86,25.855,25.855,473,0
BCTK.US,5,20260106,211500,25.8544,25.8544,25.82,25.82,12380,0
BCTK.US,5,20260106,213000,25.82,25.82,25.8,25.8,4000,0
BCTK.US,5,20260106,213500,25.8201,25.85,25.82,25.82,4900,0
BCTK.US,5,20260106,215000,25.82,25.82,25.8166,25.8166,300,0
BCTK.US,5,20260106,215500,25.815,25.827,25.78,25.827,5500,0
BCTK.US,5,20260107,153000,25.8,25.8,25.6899,25.6899,1102,0
BCTK.US,5,20260107,153500,25.69,25.7001,25.69,25.7001,2569,0
BCTK.US,5,20260107,162000,25.81,25.81,25.81,25.81,222,0
BCTK.US,5,20260107,163500,25.847,25.847,25.847,25.847,164,0
BCTK.US,5,20260107,164000,25.799,25.799,25.799,25.799,200,0
BCTK.US,5,20260107,170000,25.8724,25.8724,25.8724,25.8724,1902,0
BCTK.US,5,20260107,170500,25.84,25.84,25.84,25.84,100,0
BCTK.US,5,20260107,175500,25.9207,25.9207,25.9207,25.9207,246,0
BCTK.US,5,20260107,181000,25.91,25.91,25.91,25.91,100,0
BCTK.US,5,20260107,182000,25.9599,25.9599,25.9599,25.9599,100,0
BCTK.US,5,20260107,185000,25.91,25.91,25.91,25.91,1000,0
BCTK.US,5,20260107,190500,25.915,25.915,25.915,25.915,836,0
BCTK.US,5,20260107,191500,25.87,25.87,25.87,25.87,430,0
BCTK.US,5,20260107,194000,25.9217,25.9217,25.9217,25.9217,303,0
BCTK.US,5,20260107,194500,25.88,25.905,25.88,25.905,228,0
BCTK.US,5,20260107,195000,25.9262,25.9262,25.905,25.905,1300,0
BCTK.US,5,20260107,201000,25.89,25.89,25.86,25.86,200,0
BCTK.US,5,20260107,201500,25.86,25.86,25.86,25.86,200,0
BCTK.US,5,20260107,202500,25.91,25.91,25.91,25.91,2591,0
BCTK.US,5,20260107,204500,25.92,25.92,25.92,25.92,100,0
BCTK.US,5,20260107,212000,25.875,25.875,25.8501,25.8501,772,0
BCTK.US,5,20260108,153000,25.81,25.81,25.81,25.81,255,0
BCTK.US,5,20260108,154000,25.52,25.52,25.5,25.5,294,0
BCTK.US,5,20260108,154500,25.5056,25.5056,25.5056,25.5056,134,0
BCTK.US,5,20260108,155000,25.5,25.5,25.5,25.5,1900,0
BCTK.US,5,20260108,155500,25.4,25.4,25.35,25.35,395,0
BCTK.US,5,20260108,162500,25.3382,25.3382,25.3382,25.3382,116,0
BCTK.US,5,20260108,163000,25.31,25.31,25.31,25.31,106,0
BCTK.US,5,20260108,163500,25.23,25.23,25.23,25.23,100,0
BCTK.US,5,20260108,164500,25.31,25.31,25.31,25.31,194,0
BCTK.US,5,20260108,171500,25.215,25.215,25.215,25.215,2868,0
BCTK.US,5,20260108,172000,25.25,25.2899,25.25,25.2899,950,0
BCTK.US,5,20260108,172500,25.2798,25.2798,25.2798,25.2798,595,0
BCTK.US,5,20260108,173000,25.25,25.2557,25.25,25.2557,1234,0
BCTK.US,5,20260108,173500,25.24,25.24,25.24,25.24,200,0
BCTK.US,5,20260108,174000,25.23,25.28,25.23,25.28,501,0
BCTK.US,5,20260108,174500,25.295,25.295,25.275,25.275,1400,0
BCTK.US,5,20260108,182500,25.305,25.305,25.3,25.3,300,0
BCTK.US,5,20260108,183000,25.3052,25.3052,25.3052,25.3052,351,0
BCTK.US,5,20260108,183500,25.31,25.31,25.31,25.31,100,0
BCTK.US,5,20260108,184500,25.34,25.34,25.34,25.34,100,0
BCTK.US,5,20260108,185000,25.3729,25.3729,25.3729,25.3729,300,0
BCTK.US,5,20260108,195000,25.29,25.315,25.29,25.315,888,0
BCTK.US,5,20260108,195500,25.27,25.27,25.27,25.27,100,0
BCTK.US,5,20260108,200500,25.28,25.28,25.28,25.28,100,0
BCTK.US,5,20260108,201500,25.27,25.27,25.27,25.27,100,0
BCTK.US,5,20260108,202500,25.245,25.2594,25.245,25.245,1980,0
BCTK.US,5,20260108,205000,25.2796,25.2796,25.2796,25.2796,250,0
BCTK.US,5,20260108,212000,25.2829,25.2829,25.2829,25.2829,104,0
BCTK.US,5,20260108,214500,25.3101,25.3101,25.3101,25.3101,156,0
