<TICKER>,<PER>,<DATE>,<TIME>,<OPEN>,<HIGH>,<LOW>,<CLOSE>,<VOL>,<OPENINT>
BEG.US,5,20251217,153000,14.58,14.87,14.58,14.87,1200,0
BEG.US,5,20251217,153500,14.61,14.63,14.61,14.62,9200,0
BEG.US,5,20251217,154000,14.94,14.94,14.94,14.94,100,0
BEG.US,5,20251217,160500,13.295,13.295,13.295,13.295,750,0
BEG.US,5,20251217,161000,13,13,13,13,764,0
BEG.US,5,20251217,163000,13,13,13,13,100,0
BEG.US,5,20251217,164000,12.7,12.705,12.7,12.705,300,0
BEG.US,5,20251217,170500,12.705,12.705,12.705,12.705,100,0
BEG.US,5,20251217,173500,12.7099,12.7099,12.7001,12.7001,1000,0
BEG.US,5,20251217,180500,12.7,12.7,11.77,11.77,1600,0
BEG.US,5,20251217,185500,11.5001,11.52,11.5001,11.52,200,0
BEG.US,5,20251217,190000,11.52,11.52,11.52,11.52,200,0
BEG.US,5,20251217,191500,11.5,11.5,11.5,11.5,140,0
BEG.US,5,20251217,201000,11.16,11.19,11.16,11.19,200,0
BEG.US,5,20251217,211500,10.93,10.93,10.93,10.93,200,0
BEG.US,5,20251218,153000,12.72,12.87,12.72,12.87,1472,0
BEG.US,5,20251218,155500,12.47,12.47,12.47,12.47,100,0
BEG.US,5,20251218,160500,11.84,11.84,11.84,11.84,100,0
BEG.US,5,20251218,161000,11.79,11.79,11.79,11.79,100,0
BEG.US,5,20251218,162000,12.26,12.26,12.26,12.26,100,0
BEG.US,5,20251218,164000,12.25,12.25,12.25,12.25,100,0
BEG.US,5,20251218,164500,12.16,12.16,12.16,12.16,100,0
BEG.US,5,20251218,165000,12.11,12.11,12.11,12.11,736,0
BEG.US,5,20251218,165500,12.05,12.05,12.05,12.05,100,0
BEG.US,5,20251218,201500,11.98,11.98,11.98,11.98,100,0
BEG.US,5,20251218,204500,11.81,11.88,11.81,11.88,1363,0
BEG.US,5,20251218,211000,11.84,11.84,11.81,11.81,1700,0
BEG.US,5,20251219,153000,12.6786,13.12,12.6786,13.12,1728,0
BEG.US,5,20251219,153500,13.21,13.22,13.21,13.22,270,0
BEG.US,5,20251219,154500,13.781,13.781,13.7801,13.7801,970,0
BEG.US,5,20251219,155000,14.05,14.13,14.05,14.13,400,0
BEG.US,5,20251219,155500,14.11,14.315,14.11,14.3,1383,0
BEG.US,5,20251219,160000,14.4,14.4,14.383,14.383,200,0
BEG.US,5,20251219,160500,14.5,14.58,14.5,14.58,200,0
BEG.US,5,20251219,161000,14.65,14.65,14.41,14.41,352,0
BEG.US,5,20251219,162500,14.3492,14.3492,14.3492,14.3492,1000,0
BEG.US,5,20251219,163500,14.12,14.12,14.12,14.12,100,0
BEG.US,5,20251219,173500,14.39,14.39,14.39,14.39,100,0
BEG.US,5,20251219,174500,14.47,14.47,14.47,14.47,100,0
BEG.US,5,20251219,175500,14.4999,14.519,14.4999,14.519,10000,0
BEG.US,5,20251219,181000,14.44,14.53,14.44,14.53,200,0
BEG.US,5,20251219,182000,14.32,14.329,14.29,14.3042,8490,0
BEG.US,5,20251219,182500,14.35,14.35,14.35,14.35,100,0
BEG.US,5,20251219,183000,14.3,14.3,14.3,14.3,100,0
BEG.US,5,20251219,183500,14.25,14.42,14.25,14.42,4100,0
BEG.US,5,20251219,184000,14.38,14.38,14.38,14.38,100,0
BEG.US,5,20251219,190500,14.09,14.09,14.09,14.09,200,0
BEG.US,5,20251219,194500,13.48,13.48,13.48,13.48,100,0
BEG.US,5,20251219,203000,13.77,13.77,13.77,13.77,400,0
BEG.US,5,20251219,203500,13.81,13.81,13.73,13.73,900,0
BEG.US,5,20251219,204500,13.8,13.8,13.8,13.8,100,0
BEG.US,5,20251219,212000,14.09,14.09,14.09,14.09,100,0
BEG.US,5,20251219,214500,14.18,14.18,14.18,14.18,200,0
BEG.US,5,20251219,215500,14.29,14.29,14.29,14.29,270,0
BEG.US,5,20251222,153000,15.98,15.98,15.37,15.379,2343,0
BEG.US,5,20251222,153500,15.5885,15.5885,15.42,15.45,2304,0
BEG.US,5,20251222,160000,15,15.0767,14.93,15.0767,4999,0
BEG.US,5,20251222,160500,15.2,15.2,15.2,15.2,100,0
BEG.US,5,20251222,161000,15.2,15.2,14.91,14.91,1500,0
BEG.US,5,20251222,161500,14.75,14.75,14.68,14.68,1600,0
BEG.US,5,20251222,162000,14.91,14.91,14.91,14.91,100,0
BEG.US,5,20251222,163000,14.8,14.8,14.8,14.8,1000,0
BEG.US,5,20251222,164000,14.7,14.7,14.7,14.7,100,0
BEG.US,5,20251222,170000,14.83,14.83,14.83,14.83,200,0
BEG.US,5,20251222,172000,15.38,15.38,15.38,15.38,100,0
BEG.US,5,20251222,173500,15.42,15.42,15.42,15.42,100,0
BEG.US,5,20251222,175000,15.59,15.59,15.59,15.59,100,0
BEG.US,5,20251222,190500,15.47,15.47,15.43,15.43,200,0
BEG.US,5,20251222,194500,15.1,15.1,15.1,15.1,200,0
BEG.US,5,20251222,195000,15.23,15.23,15.23,15.23,100,0
BEG.US,5,20251222,195500,15.23,15.24,15.23,15.23,700,0
BEG.US,5,20251222,200000,15.17,15.17,15.17,15.17,100,0
BEG.US,5,20251222,201000,15.14,15.14,15.14,15.14,100,0
BEG.US,5,20251222,201500,15.1,15.1,15.1,15.1,200,0
BEG.US,5,20251222,203000,15.47,15.47,15.47,15.47,100,0
BEG.US,5,20251222,204000,15.5,15.5,15.5,15.5,1000,0
BEG.US,5,20251222,204500,15.46,15.46,15.46,15.46,200,0
BEG.US,5,20251222,215000,15.3355,15.3355,15.3355,15.3355,200,0
BEG.US,5,20251222,215500,15.2201,15.2201,15.2201,15.2201,200,0
BEG.US,5,20251223,153000,15.1,15.34,15.1,15.34,400,0
BEG.US,5,20251223,161000,14.37,14.37,14.27,14.27,425,0
BEG.US,5,20251223,165000,14.23,14.23,14.23,14.23,100,0
BEG.US,5,20251223,171000,14.574,14.62,14.54,14.54,12242,0
BEG.US,5,20251223,171500,14.69,14.69,14.69,14.69,200,0
BEG.US,5,20251223,175000,14.81,14.81,14.81,14.81,100,0
BEG.US,5,20251223,175500,14.98,14.98,14.98,14.98,100,0
BEG.US,5,20251223,185000,14.675,14.6824,14.66,14.66,701,0
BEG.US,5,20251223,185500,14.68,14.68,14.68,14.68,200,0
BEG.US,5,20251223,195000,14.81,14.81,14.81,14.81,100,0
BEG.US,5,20251223,205000,14.93,14.93,14.93,14.93,100,0
BEG.US,5,20251223,205500,15.13,15.13,15.13,15.13,100,0
BEG.US,5,20251223,210000,15.23,15.23,15.23,15.23,200,0
BEG.US,5,20251223,214000,15.1,15.1,15.1,15.1,100,0
BEG.US,5,20251223,215500,15.11,15.11,15.11,15.11,300,0
BEG.US,5,20251224,170000,15.02,15.02,15.02,15.02,800,0
BEG.US,5,20251224,173500,14.98,14.98,14.98,14.98,100,0
BEG.US,5,20251226,155000,14.5417,14.5417,14.5417,14.5417,100,0
BEG.US,5,20251226,161000,14.19,14.19,14.19,14.19,800,0
BEG.US,5,20251226,163500,14.51,14.54,14.51,14.54,200,0
BEG.US,5,20251226,164000,14.44,14.45,14.44,14.45,709,0
BEG.US,5,20251226,164500,14.71,14.71,14.71,14.71,100,0
BEG.US,5,20251226,165500,14.4801,14.4801,14.4801,14.4801,209,0
BEG.US,5,20251226,170500,15.03,15.03,15.03,15.03,100,0
BEG.US,5,20251226,173500,14.89,14.89,14.89,14.89,100,0
BEG.US,5,20251226,192000,14.78,14.78,14.78,14.78,100,0
BEG.US,5,20251226,195500,14.81,14.81,14.81,14.81,100,0
BEG.US,5,20251226,212500,14.6,14.61,14.6,14.61,350,0
BEG.US,5,20251229,153000,13.53,13.9303,13.53,13.93,698,0
BEG.US,5,20251229,175000,13.829,13.829,13.82,13.82,750,0
BEG.US,5,20251229,175500,13.88,13.88,13.88,13.88,100,0
BEG.US,5,20251229,203000,13.7753,13.7753,13.7753,13.7753,2468,0
BEG.US,5,20251229,205000,13.876,13.876,13.876,13.876,1000,0
BEG.US,5,20251229,205500,13.92,13.92,13.92,13.92,100,0
BEG.US,5,20251229,211000,13.95,13.95,13.95,13.95,100,0
BEG.US,5,20251229,213000,14.06,14.06,14.06,14.06,100,0
BEG.US,5,20251230,153000,14.77,14.77,14.77,14.77,2500,0
BEG.US,5,20251230,161000,13.31,13.4,13.05,13.36,793,0
BEG.US,5,20251230,161500,13.48,13.48,13.48,13.48,100,0
BEG.US,5,20251230,165000,13.88,13.88,13.88,13.88,100,0
BEG.US,5,20251230,170000,14.05,14.05,14.05,14.05,100,0
BEG.US,5,20251230,172500,14.05,14.05,14.05,14.05,110,0
BEG.US,5,20251230,180000,13.98,13.98,13.98,13.98,100,0
BEG.US,5,20251230,192500,14.035,14.035,14.035,14.035,100,0
BEG.US,5,20251230,211000,13.5,13.5,13.5,13.5,100,0
BEG.US,5,20251231,153000,13.65,13.65,13.65,13.65,100,0
BEG.US,5,20251231,153500,13.51,13.51,13.51,13.51,100,0
BEG.US,5,20251231,154000,13.2,13.2,13.2,13.2,104,0
BEG.US,5,20251231,183000,13.87,13.87,13.87,13.87,100,0
BEG.US,5,20251231,211000,13.29,13.29,13.29,13.29,100,0
BEG.US,5,20251231,212000,13.3,13.3,13.3,13.3,100,0
BEG.US,5,20251231,215000,13.41,13.41,13.41,13.41,200,0
BEG.US,5,20260102,154000,14.29,14.29,14.29,14.29,200,0
BEG.US,5,20260102,161500,15.8643,15.8643,15.8643,15.8643,100,0
BEG.US,5,20260102,162000,15.846,15.846,15.846,15.846,1970,0
BEG.US,5,20260102,173000,16.17,16.17,16.17,16.17,100,0
BEG.US,5,20260102,180000,16.73,16.73,16.73,16.73,100,0
BEG.US,5,20260102,180500,16.6375,16.6375,16.6375,16.6375,200,0
BEG.US,5,20260102,181500,16.75,16.75,16.75,16.75,1000,0
BEG.US,5,20260102,183000,16.91,16.91,16.91,16.91,100,0
BEG.US,5,20260102,190000,16.42,16.42,16.415,16.415,1000,0
BEG.US,5,20260102,195500,17.14,17.14,17.14,17.14,100,0
BEG.US,5,20260102,200000,17.15,17.15,17.15,17.15,165,0
BEG.US,5,20260102,202500,17.24,17.24,17.24,17.24,100,0
BEG.US,5,20260102,205000,16.87,16.87,16.87,16.87,933,0
BEG.US,5,20260102,205500,16.99,17,16.89,17,857,0
BEG.US,5,20260102,211500,16.76,16.76,16.76,16.76,100,0
BEG.US,5,20260102,214000,17.2,17.2,17.2,17.2,100,0
BEG.US,5,20260105,153000,18.96,19.48,18.95,19.38,1000,0
BEG.US,5,20260105,153500,19.08,19.77,19.08,19.77,458,0
BEG.US,5,20260105,154000,20.11,20.11,20,20,2255,0
BEG.US,5,20260105,154500,19.76,19.76,19.05,19.0501,9300,0
BEG.US,5,20260105,155000,19.0744,19.12,19.03,19.03,5393,0
BEG.US,5,20260105,155500,19.03,19.03,19.03,19.03,246,0
BEG.US,5,20260105,160000,18.28,18.41,18.21,18.41,2100,0
BEG.US,5,20260105,160500,18.5,18.5,18.4,18.4,600,0
BEG.US,5,20260105,161500,18.121,18.121,18.121,18.121,398,0
BEG.US,5,20260105,162000,18.79,18.79,18.79,18.79,300,0
BEG.US,5,20260105,163000,18.89,18.89,18.89,18.89,100,0
BEG.US,5,20260105,164000,19.02,19.02,19.02,19.02,100,0
BEG.US,5,20260105,165000,19.0698,19.0698,19.0698,19.0698,150,0
BEG.US,5,20260105,165500,19.01,19.01,18.95,18.95,200,0
BEG.US,5,20260105,173500,19.02,19.02,19.02,19.02,100,0
BEG.US,5,20260105,180500,18.5,18.5123,18.5,18.5,500,0
BEG.US,5,20260105,181500,18.7052,18.7052,18.7052,18.7052,200,0
BEG.US,5,20260105,182500,18.501,18.501,18.501,18.501,249,0
BEG.US,5,20260105,184000,18.86,18.86,18.86,18.86,100,0
BEG.US,5,20260105,185500,18.89,18.899,18.8755,18.89,3100,0
BEG.US,5,20260105,190500,18.98,18.98,18.98,18.98,146,0
BEG.US,5,20260105,205500,19.1722,19.1722,19.1722,19.1722,100,0
BEG.US,5,20260105,210500,19.23,19.23,19.23,19.23,100,0
BEG.US,5,20260105,214000,19.0899,19.13,19.0501,19.0501,1970,0
BEG.US,5,20260105,215000,19.09,19.09,19.09,19.09,100,0
BEG.US,5,20260106,153000,19.65,19.65,19.65,19.65,1000,0
BEG.US,5,20260106,153500,19.54,19.54,19.54,19.54,999,0
BEG.US,5,20260106,154000,19.345,19.345,19.345,19.345,170,0
BEG.US,5,20260106,154500,19.3,19.3,19.3,19.3,400,0
BEG.US,5,20260106,155000,19,19,19,19,150,0
BEG.US,5,20260106,161500,18.56,18.63,18.56,18.63,200,0
BEG.US,5,20260106,162000,18.58,18.58,18.58,18.58,100,0
BEG.US,5,20260106,163000,18.11,18.11,18.11,18.11,100,0
BEG.US,5,20260106,164500,17.7994,17.7994,17.7994,17.7994,100,0
BEG.US,5,20260106,181500,17.25,17.33,17.25,17.33,300,0
BEG.US,5,20260106,201000,17.47,17.47,17.47,17.47,100,0
BEG.US,5,20260106,210500,18.37,18.6599,18.37,18.6599,300,0
BEG.US,5,20260106,215500,18.22,18.22,18.22,18.22,109,0
BEG.US,5,20260107,153000,19.92,19.92,19.92,19.92,1000,0
BEG.US,5,20260107,155000,19.63,19.9081,19.63,19.9081,1300,0
BEG.US,5,20260107,155500,20.83,20.83,20.83,20.83,200,0
BEG.US,5,20260107,160000,20.6035,20.67,20.6035,20.66,600,0
BEG.US,5,20260107,160500,20.209,20.209,20.209,20.209,500,0
BEG.US,5,20260107,163000,20.74,20.74,20.74,20.74,100,0
BEG.US,5,20260107,164000,21.15,21.15,21.15,21.15,200,0
BEG.US,5,20260107,165000,21.1231,21.1231,21.1231,21.1231,200,0
BEG.US,5,20260107,170500,21.045,21.045,21.045,21.045,170,0
BEG.US,5,20260107,171000,21.6121,21.6121,21.6121,21.6121,276,0
BEG.US,5,20260107,173500,21.63,21.63,21.63,21.63,100,0
BEG.US,5,20260107,174000,21.8,21.8,21.8,21.8,100,0
BEG.US,5,20260107,180500,21.6198,21.6198,21.6198,21.6198,100,0
BEG.US,5,20260107,200500,22,22,22,22,150,0
BEG.US,5,20260107,202000,21.75,21.75,21.75,21.75,100,0
BEG.US,5,20260107,202500,21.8,21.8,21.8,21.8,100,0
BEG.US,5,20260107,210500,21.7,21.7,21.7,21.7,100,0
BEG.US,5,20260107,213500,20.74,20.74,20.74,20.74,100,0
BEG.US,5,20260107,214500,20.82,20.82,20.82,20.82,118,0
BEG.US,5,20260107,215500,20.3,20.3,20.3,20.3,100,0
BEG.US,5,20260108,153000,25.21,26.48,25.0001,26.1093,1406,0
BEG.US,5,20260108,153500,27,27.28,26.99,27,2122,0
BEG.US,5,20260108,154000,27.69,27.69,27.2,27.2,1200,0
BEG.US,5,20260108,154500,27.681,27.681,27.681,27.681,200,0
BEG.US,5,20260108,155000,27.22,27.22,26.33,26.33,769,0
BEG.US,5,20260108,155500,26.12,27.02,25.135,25.1453,1662,0
BEG.US,5,20260108,160000,24.98,24.98,24.9795,24.9795,200,0
BEG.US,5,20260108,160500,24.65,25.55,24.65,25.55,1061,0
BEG.US,5,20260108,161500,25.75,25.75,25.75,25.75,100,0
BEG.US,5,20260108,162500,26.5,26.5,26.19,26.19,300,0
BEG.US,5,20260108,163000,26.21,26.21,26.21,26.21,100,0
BEG.US,5,20260108,164500,24.4017,24.4017,24.4017,24.4017,300,0
BEG.US,5,20260108,165500,23.8425,23.8425,23.84,23.84,1448,0
BEG.US,5,20260108,173000,24.85,24.85,24.85,24.85,100,0
BEG.US,5,20260108,173500,24.67,24.76,24.67,24.76,200,0
BEG.US,5,20260108,180000,25.348,25.348,25.348,25.348,160,0
BEG.US,5,20260108,181000,25.751,25.751,25.751,25.751,200,0
BEG.US,5,20260108,183000,25.71,25.71,25.71,25.71,177,0
BEG.US,5,20260108,183500,26,26,26,26,100,0
BEG.US,5,20260108,191000,25.95,25.95,25.95,25.95,250,0
BEG.US,5,20260108,193500,26.02,26.02,26.02,26.02,297,0
BEG.US,5,20260108,204500,26.14,26.15,26.14,26.15,1902,0
BEG.US,5,20260108,205000,26.15,26.15,26.15,26.15,100,0
BEG.US,5,20260108,210500,25.4411,25.55,25.4411,25.55,2170,0
BEG.US,5,20260108,211000,25.58,25.6052,25.58,25.6052,2200,0
BEG.US,5,20260108,211500,25.79,25.79,25.79,25.79,2000,0
BEG.US,5,20260108,212000,25.83,25.83,25.83,25.83,100,0
BEG.US,5,20260108,212500,25.45,25.45,25.45,25.45,100,0
BEG.US,5,20260108,213000,25.61,25.61,25.41,25.42,1902,0
BEG.US,5,20260108,213500,25.75,25.75,25.75,25.75,100,0
BEG.US,5,20260108,214000,25.89,25.89,25.86,25.86,200,0
BEG.US,5,20260108,214500,26.15,26.2,26.15,26.2,300,0
BEG.US,5,20260108,215000,26.02,26.02,26.02,26.02,225,0
BEG.US,5,20260108,215500,25.75,25.75,25.74,25.74,300,0
