<TICKER>,<PER>,<DATE>,<TIME>,<OPEN>,<HIGH>,<LOW>,<CLOSE>,<VOL>,<OPENINT>
BIDG.US,5,20251219,195500,16.4197,16.4197,16.4197,16.4197,250,0
BIDG.US,5,20251219,201500,16.39,16.39,16.39,16.39,316,0
BIDG.US,5,20251219,212000,16.31,16.31,16.31,16.31,100,0
BIDG.US,5,20251222,164500,16.15,16.15,16.15,16.15,3000,0
BIDG.US,5,20251222,185500,16.27,16.27,16.27,16.27,158,0
BIDG.US,5,20251222,190000,16.3,16.3,16.3,16.3,100,0
BIDG.US,5,20251222,191500,16.23,16.24,16.23,16.24,418,0
BIDG.US,5,20251222,192000,16.2201,16.2201,16.2201,16.2201,308,0
BIDG.US,5,20251222,200500,16.23,16.23,16.23,16.23,183,0
BIDG.US,5,20251222,201000,16.19,16.19,16.19,16.19,100,0
BIDG.US,5,20251222,213000,16.205,16.205,16.205,16.205,250,0
BIDG.US,5,20251223,160000,15.6,15.61,15.592,15.592,300,0
BIDG.US,5,20251223,164500,15.68,15.68,15.68,15.68,100,0
BIDG.US,5,20251224,162000,16.07,16.07,16.07,16.07,100,0
BIDG.US,5,20251224,172500,16.03,16.03,16.03,16.03,124,0
BIDG.US,5,20251226,153000,15.92,15.92,15.92,15.92,100,0
BIDG.US,5,20251226,162500,16.2999,16.2999,16.2999,16.2999,500,0
BIDG.US,5,20251226,194000,16.19,16.19,16.19,16.19,100,0
BIDG.US,5,20251226,204000,16.28,16.28,16.28,16.28,100,0
BIDG.US,5,20251226,205000,16.27,16.27,16.27,16.27,100,0
BIDG.US,5,20251226,212000,16.292,16.32,16.292,16.3199,1055,0
BIDG.US,5,20251226,214000,16.3099,16.31,16.3099,16.31,1000,0
BIDG.US,5,20251226,215500,16.1539,16.635,16.1539,16.635,3500,0
BIDG.US,5,20251229,153000,15.5,15.5,15.43,15.43,200,0
BIDG.US,5,20251229,161500,16.32,16.32,16.32,16.32,100,0
BIDG.US,5,20251229,162000,16.29,16.29,16.29,16.29,100,0
BIDG.US,5,20251229,165500,16.21,16.21,16.21,16.21,100,0
BIDG.US,5,20251229,170000,16.29,16.29,16.29,16.29,100,0
BIDG.US,5,20251229,171500,16.319,16.319,16.319,16.319,100,0
BIDG.US,5,20251229,172000,16.28,16.31,16.28,16.31,230,0
BIDG.US,5,20251229,180500,16.29,16.29,16.29,16.29,100,0
BIDG.US,5,20251229,182500,16.3428,16.3428,16.3428,16.3428,373,0
BIDG.US,5,20251229,183000,16.35,16.35,16.35,16.35,100,0
BIDG.US,5,20251229,190000,16.37,16.38,16.37,16.38,400,0
BIDG.US,5,20251229,191000,16.36,16.36,16.36,16.36,100,0
BIDG.US,5,20251229,191500,16.373,16.3799,16.345,16.345,1450,0
BIDG.US,5,20251229,192500,16.37,16.4,16.37,16.4,400,0
BIDG.US,5,20251229,195500,16.341,16.341,16.341,16.341,100,0
BIDG.US,5,20251229,200000,16.37,16.37,16.37,16.37,100,0
BIDG.US,5,20251229,203000,16.6,16.6,16.6,16.6,120,0
BIDG.US,5,20251229,204000,16.59,16.59,16.59,16.59,100,0
BIDG.US,5,20251229,213500,16.7552,16.8,16.7552,16.8,600,0
BIDG.US,5,20251229,214000,16.8,16.809,16.799,16.799,1200,0
BIDG.US,5,20251229,215000,16.8,16.879,16.8,16.879,425,0
BIDG.US,5,20251229,215500,16.91,16.91,16.91,16.91,160,0
BIDG.US,5,20251230,153000,18.56,18.73,18.56,18.73,552,0
BIDG.US,5,20251230,153500,18.72,18.72,18.72,18.72,461,0
BIDG.US,5,20251230,154000,18.58,18.615,18.58,18.615,500,0
BIDG.US,5,20251230,154500,18.635,18.79,18.635,18.79,1043,0
BIDG.US,5,20251230,155000,18.8,18.8,18.8,18.8,200,0
BIDG.US,5,20251230,155500,18.79,18.79,18.79,18.79,135,0
BIDG.US,5,20251230,160000,18.45,18.45,18.4499,18.4499,200,0
BIDG.US,5,20251230,160500,18.4301,18.72,18.4301,18.72,830,0
BIDG.US,5,20251230,161000,18.61,18.61,18.61,18.61,100,0
BIDG.US,5,20251230,162000,18.73,18.73,18.6196,18.6452,20550,0
BIDG.US,5,20251230,163000,18.64,18.64,18.64,18.64,100,0
BIDG.US,5,20251230,164500,18.5,18.5,18.5,18.5,300,0
BIDG.US,5,20251230,165000,18.66,18.6885,18.66,18.6885,1510,0
BIDG.US,5,20251230,170000,18.58,18.58,18.58,18.58,100,0
BIDG.US,5,20251230,170500,18.59,18.59,18.59,18.59,100,0
BIDG.US,5,20251230,171000,18.659,18.659,18.6197,18.6197,608,0
BIDG.US,5,20251230,172500,18.65,18.65,18.65,18.65,100,0
BIDG.US,5,20251230,181000,18.57,18.57,18.57,18.57,100,0
BIDG.US,5,20251230,192500,18.28,18.28,18.28,18.28,1000,0
BIDG.US,5,20251230,193000,18.33,18.33,18.33,18.33,100,0
BIDG.US,5,20251230,194500,18.39,18.39,18.39,18.39,360,0
BIDG.US,5,20251230,200500,18.3999,18.3999,18.3999,18.3999,398,0
BIDG.US,5,20251230,201000,18.385,18.385,18.385,18.385,100,0
BIDG.US,5,20251230,205500,18.42,18.42,18.42,18.42,125,0
BIDG.US,5,20251230,210000,18.41,18.41,18.35,18.41,1600,0
BIDG.US,5,20251230,210500,18.345,18.345,18.345,18.345,268,0
BIDG.US,5,20251230,214000,18.53,18.53,18.53,18.53,200,0
BIDG.US,5,20251230,215500,18.3,18.3,18.3,18.3,630,0
BIDG.US,5,20251231,154500,17.75,17.75,17.75,17.75,100,0
BIDG.US,5,20251231,155000,17.83,17.83,17.83,17.83,100,0
BIDG.US,5,20251231,161000,17.5609,17.5609,17.5419,17.5419,625,0
BIDG.US,5,20251231,161500,17.63,17.63,17.63,17.63,600,0
BIDG.US,5,20251231,162500,17.57,17.57,17.57,17.57,100,0
BIDG.US,5,20251231,163000,17.5004,17.5004,17.5,17.5,200,0
BIDG.US,5,20251231,165500,17.52,17.52,17.52,17.52,100,0
BIDG.US,5,20251231,170000,17.421,17.421,17.421,17.421,100,0
BIDG.US,5,20251231,172000,17.59,17.59,17.59,17.59,118,0
BIDG.US,5,20251231,174000,17.6,17.6,17.599,17.599,1500,0
BIDG.US,5,20251231,175000,17.61,17.61,17.61,17.61,100,0
BIDG.US,5,20251231,175500,17.59,17.59,17.59,17.59,180,0
BIDG.US,5,20251231,180000,17.5778,17.5778,17.5778,17.5778,138,0
BIDG.US,5,20251231,181000,17.63,17.63,17.63,17.63,135,0
BIDG.US,5,20251231,214500,17.85,17.85,17.85,17.85,100,0
BIDG.US,5,20260102,153000,21.53,21.97,21.2,21.2,2288,0
BIDG.US,5,20260102,153500,21.55,21.55,21.55,21.55,100,0
BIDG.US,5,20260102,154000,21.6,21.6,21.6,21.6,100,0
BIDG.US,5,20260102,154500,21.96,21.999,21.95,21.95,1795,0
BIDG.US,5,20260102,155000,22,22.16,22,22.13,15089,0
BIDG.US,5,20260102,155500,22.2586,22.3,22.23,22.23,23255,0
BIDG.US,5,20260102,160000,22.3488,22.3488,22.3488,22.3488,200,0
BIDG.US,5,20260102,160500,22.226,22.226,22.15,22.15,750,0
BIDG.US,5,20260102,161000,22.208,22.208,22.04,22.19,2108,0
BIDG.US,5,20260102,161500,22.11,22.29,22.09,22.29,2050,0
BIDG.US,5,20260102,162000,22.32,22.32,22.22,22.22,1900,0
BIDG.US,5,20260102,162500,22.1,22.24,22.06,22.06,5500,0
BIDG.US,5,20260102,164500,22.39,22.44,22.39,22.4,991,0
BIDG.US,5,20260102,165000,22.309,22.309,22.309,22.309,150,0
BIDG.US,5,20260102,165500,22.369,22.369,22.369,22.369,150,0
BIDG.US,5,20260102,170000,22.28,22.32,22.28,22.32,238,0
BIDG.US,5,20260102,170500,22.22,22.24,22.22,22.24,715,0
BIDG.US,5,20260102,171000,22.29,22.39,22.27,22.39,2300,0
BIDG.US,5,20260102,171500,22.43,22.51,22.331,22.331,1842,0
BIDG.US,5,20260102,172000,22.35,22.39,22.35,22.39,600,0
BIDG.US,5,20260102,173500,22.399,22.399,22.39,22.39,300,0
BIDG.US,5,20260102,174000,22.4,22.43,22.4,22.43,605,0
BIDG.US,5,20260102,174500,22.52,22.52,22.52,22.52,306,0
BIDG.US,5,20260102,175500,22.39,22.4,22.3,22.4,559,0
BIDG.US,5,20260102,180000,22.37,22.37,22.37,22.37,100,0
BIDG.US,5,20260102,181000,22.39,22.39,22.38,22.38,200,0
BIDG.US,5,20260102,184000,22.564,22.5996,22.564,22.5996,1100,0
BIDG.US,5,20260102,184500,22.6,22.6,22.6,22.6,285,0
BIDG.US,5,20260102,190000,22.63,22.63,22.63,22.63,500,0
BIDG.US,5,20260102,190500,22.59,22.59,22.59,22.59,100,0
BIDG.US,5,20260102,191000,22.6,22.6,22.6,22.6,200,0
BIDG.US,5,20260102,191500,22.65,22.65,22.65,22.65,100,0
BIDG.US,5,20260102,192500,22.6405,22.6405,22.6405,22.6405,200,0
BIDG.US,5,20260102,194000,22.82,22.91,22.82,22.91,1424,0
BIDG.US,5,20260102,194500,22.9599,22.9599,22.9,22.9284,11336,0
BIDG.US,5,20260102,195000,22.87,22.87,22.83,22.83,663,0
BIDG.US,5,20260102,195500,22.82,22.83,22.82,22.83,2019,0
BIDG.US,5,20260102,200000,22.7,22.74,22.7,22.74,2364,0
BIDG.US,5,20260102,201000,22.73,22.73,22.73,22.73,100,0
BIDG.US,5,20260102,201500,22.73,22.73,22.73,22.73,100,0
BIDG.US,5,20260102,204000,23.002,23.02,23.002,23.002,756,0
BIDG.US,5,20260102,205000,22.935,22.94,22.935,22.94,404,0
BIDG.US,5,20260102,205500,22.962,22.962,22.962,22.962,500,0
BIDG.US,5,20260102,210500,23.22,23.22,23.193,23.193,2792,0
BIDG.US,5,20260102,211000,23.93,23.93,23.93,23.93,100,0
BIDG.US,5,20260102,211500,23.22,23.22,23.22,23.22,100,0
BIDG.US,5,20260102,212000,23.23,23.23,23.22,23.22,379,0
BIDG.US,5,20260102,212500,23.26,23.26,23.23,23.23,1647,0
BIDG.US,5,20260102,213000,23.3,23.3,23.29,23.296,1007,0
BIDG.US,5,20260102,213500,23.25,23.25,23.215,23.25,300,0
BIDG.US,5,20260102,214000,23.16,23.22,23.16,23.22,370,0
BIDG.US,5,20260102,214500,23.18,23.18,23.18,23.18,900,0
BIDG.US,5,20260102,215000,23.3,23.31,23.135,23.135,2300,0
BIDG.US,5,20260105,153000,21.51,21.51,21.1,21.3,2322,0
BIDG.US,5,20260105,153500,21.24,21.4525,21.24,21.4525,2731,0
BIDG.US,5,20260105,154000,21.2957,21.42,21.2957,21.42,1600,0
BIDG.US,5,20260105,154500,21.35,21.35,21.35,21.35,100,0
BIDG.US,5,20260105,155000,21.35,21.35,21.35,21.35,100,0
BIDG.US,5,20260105,155500,21.46,21.46,21.4,21.41,433,0
BIDG.US,5,20260105,160000,21.412,21.412,21.412,21.412,380,0
BIDG.US,5,20260105,161000,21.33,21.33,21.27,21.27,856,0
BIDG.US,5,20260105,161500,21.24,21.24,21.24,21.24,100,0
BIDG.US,5,20260105,162000,21.6435,21.6435,21.6435,21.6435,1000,0
BIDG.US,5,20260105,165000,21.69,21.775,21.69,21.775,500,0
BIDG.US,5,20260105,165500,21.882212,21.882212,21.882212,21.882212,110,0
BIDG.US,5,20260105,170000,21.89,21.93,21.89,21.93,2248,0
BIDG.US,5,20260105,170500,21.89,21.92,21.89,21.92,508,0
BIDG.US,5,20260105,171000,22.0398,22.0398,22.0398,22.0398,100,0
BIDG.US,5,20260105,171500,22.01,22.01,22.01,22.01,100,0
BIDG.US,5,20260105,180500,22.4901,22.5,22.49,22.4901,4103,0
BIDG.US,5,20260105,181000,22.55,22.55,22.55,22.55,100,0
BIDG.US,5,20260105,182500,22.84,22.9396,22.825,22.9396,4326,0
BIDG.US,5,20260105,183000,22.835,22.835,22.835,22.835,890,0
BIDG.US,5,20260105,183500,22.8075,22.8445,22.8075,22.8445,200,0
BIDG.US,5,20260105,184000,22.73,22.73,22.73,22.73,225,0
BIDG.US,5,20260105,184500,22.78,22.78,22.78,22.78,100,0
BIDG.US,5,20260105,185500,22.7601,22.7601,22.7601,22.7601,500,0
BIDG.US,5,20260105,190500,22.56,22.56,22.56,22.56,225,0
BIDG.US,5,20260105,191500,22.4776,22.4776,22.4776,22.4776,6453,0
BIDG.US,5,20260105,193000,22.551,22.66,22.521,22.63,10703,0
BIDG.US,5,20260105,194500,22.48,22.5,22.48,22.5,643,0
BIDG.US,5,20260105,195000,22.55,22.55,22.55,22.55,200,0
BIDG.US,5,20260105,195500,22.63,22.63,22.63,22.63,100,0
BIDG.US,5,20260105,200500,22.8,22.8,22.8,22.8,100,0
BIDG.US,5,20260105,201000,22.93,22.93,22.93,22.93,300,0
BIDG.US,5,20260105,202000,22.93,22.93,22.93,22.93,100,0
BIDG.US,5,20260105,211500,22.93,22.93,22.93,22.93,100,0
BIDG.US,5,20260105,212500,22.95,22.95,22.95,22.95,100,0
BIDG.US,5,20260105,214000,22.9,22.9,22.9,22.9,330,0
BIDG.US,5,20260106,153000,23.1,23.1,23.1,23.1,100,0
BIDG.US,5,20260106,154000,22.91,22.91,22.91,22.91,115,0
BIDG.US,5,20260106,154500,23,23.07,23,23.07,600,0
BIDG.US,5,20260106,155500,23.3006,23.41,23.3006,23.41,700,0
BIDG.US,5,20260106,160000,23.13,23.13,23.13,23.13,206,0
BIDG.US,5,20260106,160500,23.375,23.38,23.3641,23.379,3000,0
BIDG.US,5,20260106,161500,23.0001,23.01,22.95,22.95,5192,0
BIDG.US,5,20260106,162000,22.82,22.82,22.82,22.82,100,0
BIDG.US,5,20260106,162500,22.82,22.82,22.82,22.82,100,0
BIDG.US,5,20260106,164000,22.585,22.585,22.585,22.585,250,0
BIDG.US,5,20260106,164500,22.53,22.53,22.496,22.496,200,0
BIDG.US,5,20260106,172000,22.61,22.61,22.54,22.54,200,0
BIDG.US,5,20260106,173500,22.57,22.57,22.57,22.57,100,0
BIDG.US,5,20260106,180000,22.29,22.29,22.29,22.29,100,0
BIDG.US,5,20260106,181000,22.25,22.25,22.25,22.25,250,0
BIDG.US,5,20260106,193000,22.069,22.069,21.97,21.97,6549,0
BIDG.US,5,20260106,193500,21.99,22.03,21.99,22.028,2325,0
BIDG.US,5,20260106,194000,21.95,21.995,21.95,21.9702,1088,0
BIDG.US,5,20260106,194500,22.03,22.03,22.015,22.015,200,0
BIDG.US,5,20260106,195000,22.08,22.08,22.08,22.08,100,0
BIDG.US,5,20260106,200500,22.14,22.14,22.14,22.14,100,0
BIDG.US,5,20260106,204500,22.09,22.09,22.09,22.09,100,0
BIDG.US,5,20260106,210000,22.121,22.15,22.1,22.15,2589,0
BIDG.US,5,20260106,210500,22.01,22.01,22.01,22.01,250,0
BIDG.US,5,20260106,211000,22.11,22.11,22.11,22.11,100,0
BIDG.US,5,20260106,213000,22.1,22.1,22.1,22.1,100,0
BIDG.US,5,20260107,154000,21.781,21.781,21.61,21.6101,4546,0
BIDG.US,5,20260107,160000,21.55,21.55,21.55,21.55,100,0
BIDG.US,5,20260107,161000,21.85,21.85,21.85,21.85,100,0
BIDG.US,5,20260107,163000,22.11,22.11,22.11,22.11,100,0
BIDG.US,5,20260107,163500,22.25,22.25,22.25,22.25,150,0
BIDG.US,5,20260107,164000,22.45,22.45,22.45,22.45,400,0
BIDG.US,5,20260107,164500,22.51,22.51,22.4944,22.4944,500,0
BIDG.US,5,20260107,165000,22.3813,22.3813,22.3813,22.3813,200,0
BIDG.US,5,20260107,172500,22.509,22.509,22.509,22.509,100,0
BIDG.US,5,20260107,174500,22.69,22.69,22.69,22.69,100,0
BIDG.US,5,20260107,175000,22.66,22.66,22.66,22.66,100,0
BIDG.US,5,20260107,175500,22.65,22.65,22.65,22.65,100,0
BIDG.US,5,20260107,181000,22.56,22.56,22.53,22.53,200,0
BIDG.US,5,20260107,195500,22.55,22.55,22.55,22.55,100,0
BIDG.US,5,20260107,203000,22.385,22.385,22.385,22.385,1000,0
BIDG.US,5,20260107,203500,22.43,22.43,22.43,22.43,100,0
BIDG.US,5,20260107,204000,22.36,22.36,22.36,22.36,500,0
BIDG.US,5,20260107,210500,22.25,22.25,22.25,22.25,500,0
BIDG.US,5,20260107,211500,22.03,22.03,22.03,22.03,100,0
BIDG.US,5,20260107,213000,22.05,22.05,22.05,22.05,200,0
BIDG.US,5,20260107,213500,22.0101,22.0101,22.01,22.01,200,0
BIDG.US,5,20260108,153000,21.13,21.149,21.05,21.0501,6641,0
BIDG.US,5,20260108,153500,20.9,20.9001,20.89,20.89,300,0
BIDG.US,5,20260108,154000,20.84,20.84,20.84,20.84,100,0
BIDG.US,5,20260108,160000,20.6054,20.6054,20.6054,20.6054,166,0
BIDG.US,5,20260108,160500,20.5,20.6,20.5,20.6,3592,0
BIDG.US,5,20260108,161500,21,21.07,21,21.07,690,0
BIDG.US,5,20260108,162000,21,21,21,21,100,0
BIDG.US,5,20260108,171500,20.56,20.56,20.56,20.56,609,0
BIDG.US,5,20260108,172000,20.56,20.56,20.56,20.56,200,0
BIDG.US,5,20260108,172500,20.05,20.051,20.05,20.051,250,0
BIDG.US,5,20260108,173500,20.15,20.15,20.15,20.15,200,0
BIDG.US,5,20260108,174000,20.22,20.22,20.22,20.22,100,0
BIDG.US,5,20260108,181000,20.3,20.3,20.3,20.3,100,0
BIDG.US,5,20260108,181500,20.25,20.25,20.25,20.25,709,0
BIDG.US,5,20260108,183000,20.3,20.3,20.3,20.3,200,0
BIDG.US,5,20260108,193500,20.3001,20.3599,20.3001,20.3599,393,0
BIDG.US,5,20260108,194000,20.29,20.29,20.29,20.29,1000,0
BIDG.US,5,20260108,194500,20.3,20.3,20.3,20.3,582,0
BIDG.US,5,20260108,195000,20.3185,20.3185,20.3185,20.3185,111,0
BIDG.US,5,20260108,195500,20.33,20.33,20.27,20.27,226,0
BIDG.US,5,20260108,201500,20.205,20.205,20.205,20.205,200,0
BIDG.US,5,20260108,202000,20.24,20.24,20.24,20.24,100,0
BIDG.US,5,20260108,204000,20.23,20.23,20.21,20.21,299,0
BIDG.US,5,20260108,210500,20.15,20.15,20.079,20.079,1889,0
BIDG.US,5,20260108,211000,20.145,20.16,20.145,20.16,200,0
BIDG.US,5,20260108,212000,20.16,20.16,20.16,20.16,200,0
BIDG.US,5,20260108,212500,20.19,20.19,20.19,20.19,100,0
BIDG.US,5,20260108,214000,20.335,20.335,20.335,20.335,500,0
BIDG.US,5,20260108,214500,20.36,20.36,20.36,20.36,100,0
