<TICKER>,<PER>,<DATE>,<TIME>,<OPEN>,<HIGH>,<LOW>,<CLOSE>,<VOL>,<OPENINT>
CDNL.US,5,20251210,175000,23,23.47,22.75,23.18,695242,0
CDNL.US,5,20251210,175500,23.09,23.2579,22.75,23.01,157361,0
CDNL.US,5,20251210,180000,23,23.38,22.76,22.86,103970,0
CDNL.US,5,20251210,180500,22.855,22.93,22.73,22.775,71775,0
CDNL.US,5,20251210,181000,22.775,22.92,22.75,22.84,78824,0
CDNL.US,5,20251210,181500,22.835,23.23,22.8,23.01,69122,0
CDNL.US,5,20251210,182000,23,23.05,22.86,22.985,55721,0
CDNL.US,5,20251210,182500,23.04,23.04,22.8,22.855,28596,0
CDNL.US,5,20251210,183000,22.855,23.03,22.8,22.95,19222,0
CDNL.US,5,20251210,183500,22.9631,23.04,22.81,23,81424,0
CDNL.US,5,20251210,184000,22.99,23.25,22.94,23.215,70800,0
CDNL.US,5,20251210,184500,23.25,23.39,23.1,23.2,36879,0
CDNL.US,5,20251210,185000,23.15,23.37,23.1,23.29,43445,0
CDNL.US,5,20251210,185500,23.29,23.29,23.14,23.19,19931,0
CDNL.US,5,20251210,190000,23.18,23.23,23.08,23.175,18701,0
CDNL.US,5,20251210,190500,23.18,23.23,23,23.0598,17099,0
CDNL.US,5,20251210,191000,23.07,23.23,23.055,23.23,28778,0
CDNL.US,5,20251210,191500,23.21,23.29,23.175,23.27,23043,0
CDNL.US,5,20251210,192000,23.24,23.5,23.24,23.5,35204,0
CDNL.US,5,20251210,192500,23.5,23.67,23.435,23.67,32234,0
CDNL.US,5,20251210,193000,23.61,23.67,23.49,23.52,20060,0
CDNL.US,5,20251210,193500,23.51,23.67,23.45,23.605,35564,0
CDNL.US,5,20251210,194000,23.55,23.64,23.345,23.445,69812,0
CDNL.US,5,20251210,194500,23.445,23.5,23.38,23.43,35594,0
CDNL.US,5,20251210,195000,23.44,23.75,23.41,23.595,54949,0
CDNL.US,5,20251210,195500,23.64,23.84,23.575,23.68,36623,0
CDNL.US,5,20251210,200000,23.73,23.79,23.56,23.67,17054,0
CDNL.US,5,20251210,200500,23.67,23.7,23.6,23.655,48370,0
CDNL.US,5,20251210,201000,23.67,23.67,23.425,23.51,42657,0
CDNL.US,5,20251210,201500,23.5,23.58,23.445,23.5,40324,0
CDNL.US,5,20251210,202000,23.525,23.57,23.38,23.55,37765,0
CDNL.US,5,20251210,202500,23.55,23.675,23.51,23.59,59336,0
CDNL.US,5,20251210,203000,23.59,23.63,23.47,23.5,49349,0
CDNL.US,5,20251210,203500,23.56,23.57,23.36,23.36,40502,0
CDNL.US,5,20251210,204000,23.36,23.47,23.13,23.275,54816,0
CDNL.US,5,20251210,204500,23.275,23.38,23.09,23.215,44342,0
CDNL.US,5,20251210,205000,23.215,23.27,23.02,23.27,44446,0
CDNL.US,5,20251210,205500,23.235,23.35,23.235,23.3,49519,0
CDNL.US,5,20251210,210000,23.3,23.3,22.95,23.235,38969,0
CDNL.US,5,20251210,210500,23.235,23.44,23.13,23.44,31305,0
CDNL.US,5,20251210,211000,23.37,23.44,23.07,23.1,28700,0
CDNL.US,5,20251210,211500,23.14,23.425,23.1,23.19,42103,0
CDNL.US,5,20251210,212000,23.32,23.39,23.15,23.225,45575,0
CDNL.US,5,20251210,212500,23.2025,23.39,23.2025,23.34,46987,0
CDNL.US,5,20251210,213000,23.335,23.39,23.16,23.23,35106,0
CDNL.US,5,20251210,213500,23.195,23.33,23.075,23.31,60915,0
CDNL.US,5,20251210,214000,23.32,23.47,23.29,23.395,37044,0
CDNL.US,5,20251210,214500,23.3925,23.73,23.3925,23.45,77137,0
CDNL.US,5,20251210,215000,23.445,23.5,23.14,23.255,129200,0
CDNL.US,5,20251210,215500,23.305,23.73,23.25,23.5,152836,0
CDNL.US,5,20251211,153000,23,23.42,23,23.1158,12200,0
CDNL.US,5,20251211,153500,23.26,23.5,23.0201,23.48,6531,0
CDNL.US,5,20251211,154000,23.5,23.5,23.3505,23.36,6394,0
CDNL.US,5,20251211,154500,23.48,23.48,23.274,23.415,5000,0
CDNL.US,5,20251211,155000,23.48,23.48,23.415,23.415,8343,0
CDNL.US,5,20251211,155500,23.415,23.48,23,23.31,8633,0
CDNL.US,5,20251211,160000,23.44,23.44,23,23.29,4800,0
CDNL.US,5,20251211,160500,23.25,23.28,23.15,23.2,1782,0
CDNL.US,5,20251211,161000,23.25,23.48,23.25,23.44,16488,0
CDNL.US,5,20251211,161500,23.44,23.59,23.4001,23.54,6983,0
CDNL.US,5,20251211,162000,23.54,23.9,23.495,23.855,44619,0
CDNL.US,5,20251211,162500,23.855,23.9,23.55,23.55,12064,0
CDNL.US,5,20251211,163000,23.55,23.78,23.515,23.7,5358,0
CDNL.US,5,20251211,163500,23.66,23.79,23.66,23.7,4186,0
CDNL.US,5,20251211,164000,23.7,23.71,23.6,23.7,5785,0
CDNL.US,5,20251211,164500,23.61,23.7,23.6,23.7,11806,0
CDNL.US,5,20251211,165000,23.695,23.7,23.58,23.69,10300,0
CDNL.US,5,20251211,165500,23.7,23.9,23.7,23.875,3577,0
CDNL.US,5,20251211,170000,23.88,23.9,23.745,23.89,2415,0
CDNL.US,5,20251211,170500,23.89,23.9,23.79,23.79,3360,0
CDNL.US,5,20251211,171000,23.9,24.425,23.73,24.3,32931,0
CDNL.US,5,20251211,171500,24.1,24.28,23.85,24.2,13039,0
CDNL.US,5,20251211,172000,24.2,24.3,24.17,24.28,9750,0
CDNL.US,5,20251211,172500,24.28,24.3,24.22,24.245,8657,0
CDNL.US,5,20251211,173000,24.245,24.3,23.99,24.26,35465,0
CDNL.US,5,20251211,173500,24.05,24.305,24.05,24.29,30238,0
CDNL.US,5,20251211,174000,24.3,24.5,24.275,24.5,30779,0
CDNL.US,5,20251211,174500,24.5,24.79,24.25,24.46,17593,0
CDNL.US,5,20251211,175000,24.45,24.5,24.44,24.44,5500,0
CDNL.US,5,20251211,175500,24.46,24.5,24.18,24.43,7329,0
CDNL.US,5,20251211,180000,24.48,24.5,24.455,24.455,1377,0
CDNL.US,5,20251211,180500,24.49,24.8,24.475,24.74,14702,0
CDNL.US,5,20251211,181000,24.75,24.8,24.42,24.76,9904,0
CDNL.US,5,20251211,181500,24.705,24.79,24.705,24.745,1552,0
CDNL.US,5,20251211,182000,24.745,25,24.73,25,18404,0
CDNL.US,5,20251211,182500,25,25.5,24.98,25.07,21617,0
CDNL.US,5,20251211,183000,25.06,25.15,24.96,25.15,3759,0
CDNL.US,5,20251211,183500,25.15,25.15,25.06,25.065,8993,0
CDNL.US,5,20251211,184000,25.065,25.08,25.01,25.08,3470,0
CDNL.US,5,20251211,184500,25.08,25.08,24.96,25.04,1421,0
CDNL.US,5,20251211,185000,25.04,25.04,24.84,24.84,6027,0
CDNL.US,5,20251211,185500,24.89,24.92,24.84,24.895,2914,0
CDNL.US,5,20251211,190000,24.895,24.895,24.81,24.895,3620,0
CDNL.US,5,20251211,190500,24.895,25,24.7901,24.96,18483,0
CDNL.US,5,20251211,191000,24.945,24.995,24.6301,24.815,10333,0
CDNL.US,5,20251211,191500,24.815,25.055,24.81,25.055,6320,0
CDNL.US,5,20251211,192000,25.055,25.15,25.055,25.15,9184,0
CDNL.US,5,20251211,192500,25.15,25.15,24.835,24.935,7822,0
CDNL.US,5,20251211,193000,25.09,25.15,24.465,25.02,5806,0
CDNL.US,5,20251211,193500,25.02,25.145,24.89,25.03,4411,0
CDNL.US,5,20251211,194000,25.06,25.13,24.805,24.99,8867,0
CDNL.US,5,20251211,194500,24.77,24.97,24.75,24.97,1517,0
CDNL.US,5,20251211,195000,24.745,25.15,24.745,25.04,8965,0
CDNL.US,5,20251211,195500,25.025,25.1,24.95,25.005,6089,0
CDNL.US,5,20251211,200000,24.95,25.045,24.54,24.94,4709,0
CDNL.US,5,20251211,200500,24.96,25.115,24.925,25.06,3503,0
CDNL.US,5,20251211,201000,25.125,25.125,24.935,24.935,3825,0
CDNL.US,5,20251211,201500,24.91,24.97,24.9,24.96,2003,0
CDNL.US,5,20251211,202000,24.97,25.11,24.95,25.08,7284,0
CDNL.US,5,20251211,202500,25.06,25.15,25,25.14,17286,0
CDNL.US,5,20251211,203000,25.15,25.15,25.065,25.15,11660,0
CDNL.US,5,20251211,203500,25.15,25.15,24.935,25.15,28558,0
CDNL.US,5,20251211,204000,25.15,25.21,25.11,25.12,15091,0
CDNL.US,5,20251211,204500,25.12,25.16,25.12,25.13,3013,0
CDNL.US,5,20251211,205000,25.16,25.49,25.16,25.345,12618,0
CDNL.US,5,20251211,205500,25.345,25.345,25.125,25.17,9183,0
CDNL.US,5,20251211,210000,25.125,25.25,25.125,25.23,2962,0
CDNL.US,5,20251211,210500,25.24,25.35,25.11,25.315,10238,0
CDNL.US,5,20251211,211000,25.35,25.79,25.3,25.705,19177,0
CDNL.US,5,20251211,211500,25.705,25.825,25.31,25.5,12576,0
CDNL.US,5,20251211,212000,25.59,25.61,25.245,25.61,11686,0
CDNL.US,5,20251211,212500,25.59,25.6,25.245,25.53,17300,0
CDNL.US,5,20251211,213000,25.425,25.68,25.355,25.67,12099,0
CDNL.US,5,20251211,213500,25.67,25.67,25.26,25.26,14610,0
CDNL.US,5,20251211,214000,25.38,25.49,25.26,25.39,13080,0
CDNL.US,5,20251211,214500,25.39,25.5,25.33,25.5,17278,0
CDNL.US,5,20251211,215000,25.465,25.85,25.43,25.74,44557,0
CDNL.US,5,20251211,215500,25.74,25.85,25.2,25.31,85737,0
CDNL.US,5,20251212,153000,25.26,25.4,25.26,25.35,8904,0
CDNL.US,5,20251212,153500,25.525,25.6019,25.525,25.525,1650,0
CDNL.US,5,20251212,154000,25.325,25.325,25.325,25.325,100,0
CDNL.US,5,20251212,154500,25.6393,25.6393,24.88,24.88,7798,0
CDNL.US,5,20251212,155000,24.82,25,24.75,24.83,3213,0
CDNL.US,5,20251212,155500,24.75,24.99,24.75,24.76,500,0
CDNL.US,5,20251212,160000,24.66,24.81,24.66,24.73,2385,0
CDNL.US,5,20251212,160500,24.79,24.79,24.085,24.3,23024,0
CDNL.US,5,20251212,161000,24.44,24.78,24.2725,24.515,4027,0
CDNL.US,5,20251212,161500,24.7,24.7,24.3675,24.38,894,0
CDNL.US,5,20251212,162000,24.7,24.7,24.39,24.5201,508,0
CDNL.US,5,20251212,162500,24.52,25.35,24.3,25.35,11876,0
CDNL.US,5,20251212,163000,25.18,25.95,25.08,25.95,2473,0
CDNL.US,5,20251212,163500,25.92,25.92,25.61,25.61,400,0
CDNL.US,5,20251212,164000,25.8,25.99,25.505,25.895,14734,0
CDNL.US,5,20251212,164500,25.895,25.99,25.85,25.85,4241,0
CDNL.US,5,20251212,165000,25.97,25.97,25.805,25.855,600,0
CDNL.US,5,20251212,165500,26,27.035,25.475,25.475,33980,0
CDNL.US,5,20251212,170000,25.475,25.8,25.475,25.8,703,0
CDNL.US,5,20251212,170500,25.8,25.98,25.605,25.98,800,0
CDNL.US,5,20251212,171000,25.805,25.98,25.49,25.59,7007,0
CDNL.US,5,20251212,171500,25.62,25.74,25.56,25.65,1922,0
CDNL.US,5,20251212,172000,25.75,25.815,25.64,25.79,3000,0
CDNL.US,5,20251212,172500,25.78,25.94,25.6723,25.94,3757,0
CDNL.US,5,20251212,173000,25.845,25.99,25.71,25.73,1600,0
CDNL.US,5,20251212,173500,25.845,25.845,25.69,25.745,3118,0
CDNL.US,5,20251212,174000,25.79,25.8,25.69,25.75,1132,0
CDNL.US,5,20251212,174500,25.75,25.99,25.75,25.94,1756,0
CDNL.US,5,20251212,175000,25.845,25.99,25.72,25.74,2099,0
CDNL.US,5,20251212,175500,25.845,25.97,25.69,25.845,5882,0
CDNL.US,5,20251212,180000,25.845,25.99,25.72,25.84,1472,0
CDNL.US,5,20251212,180500,25.84,25.84,25.74,25.84,927,0
CDNL.US,5,20251212,181000,25.99,25.99,25.68,25.84,2277,0
CDNL.US,5,20251212,181500,25.84,26,25.75,25.99,1781,0
CDNL.US,5,20251212,182000,25.93,25.99,25.84,25.9,1623,0
CDNL.US,5,20251212,182500,25.79,25.91,25.79,25.8,2845,0
CDNL.US,5,20251212,183000,26,26,25.9,26,1469,0
CDNL.US,5,20251212,183500,25.9,26.01,25.9,25.99,1041,0
CDNL.US,5,20251212,184000,26,26.01,25.895,26,580,0
CDNL.US,5,20251212,184500,26,26.01,25.93,26,1999,0
CDNL.US,5,20251212,185000,25.925,26.01,25.925,26.01,2497,0
CDNL.US,5,20251212,185500,26.01,26.1,25.95,26,10848,0
CDNL.US,5,20251212,190000,26.01,26.04,25.8144,26.04,2714,0
CDNL.US,5,20251212,190500,25.86,26.04,25.84,26,2659,0
CDNL.US,5,20251212,191000,26.09,26.09,25.95,26,9349,0
CDNL.US,5,20251212,191500,25.95,26.3,25.92,26.3,8869,0
CDNL.US,5,20251212,192000,26.29,26.325,26.18,26.25,2500,0
CDNL.US,5,20251212,192500,26.25,26.44,26.12,26.25,9349,0
CDNL.US,5,20251212,193000,26.2,26.33,26.16,26.25,7834,0
CDNL.US,5,20251212,193500,26.3,26.3,26.2,26.3,4519,0
CDNL.US,5,20251212,194000,26.3,26.45,26.27,26.37,12093,0
CDNL.US,5,20251212,194500,26.37,26.45,26.37,26.375,7539,0
CDNL.US,5,20251212,195000,26.4,26.765,26.27,26.44,27140,0
CDNL.US,5,20251212,195500,26.44,26.7,26.35,26.49,32010,0
CDNL.US,5,20251212,200000,26.49,26.55,26.45,26.45,3611,0
CDNL.US,5,20251212,200500,26.5,26.58,26.46,26.58,4692,0
CDNL.US,5,20251212,201000,26.54,26.7,26.49,26.66,9557,0
CDNL.US,5,20251212,201500,26.66,26.86,26.66,26.845,10206,0
CDNL.US,5,20251212,202000,26.84,26.99,26.71,26.86,9650,0
CDNL.US,5,20251212,202500,26.8,26.8,26.7,26.785,3489,0
CDNL.US,5,20251212,203000,26.73,26.87,26.48,26.57,17546,0
CDNL.US,5,20251212,203500,26.57,26.76,26.56,26.76,7114,0
CDNL.US,5,20251212,204000,26.75,26.785,26.7,26.785,4234,0
CDNL.US,5,20251212,204500,26.785,26.85,26.58,26.765,5668,0
CDNL.US,5,20251212,205000,26.78,26.99,26.77,26.935,9557,0
CDNL.US,5,20251212,205500,26.935,27,26.93,26.99,17901,0
CDNL.US,5,20251212,210000,26.99,27.0499,26.72,26.96,10687,0
CDNL.US,5,20251212,210500,26.95,26.99,26.82,26.99,9933,0
CDNL.US,5,20251212,211000,26.99,27.09,26.96,27.05,13130,0
CDNL.US,5,20251212,211500,26.9,27.05,26.84,26.88,8197,0
CDNL.US,5,20251212,212000,26.9,26.925,26.81,26.925,3241,0
CDNL.US,5,20251212,212500,26.925,27,26.86,26.994,4585,0
CDNL.US,5,20251212,213000,27,27.19,26.96,27.19,18448,0
CDNL.US,5,20251212,213500,27.2,27.2,27.01,27.06,6875,0
CDNL.US,5,20251212,214000,27.1,27.18,26.615,26.905,11910,0
CDNL.US,5,20251212,214500,26.905,26.9395,26.415,26.81,10798,0
CDNL.US,5,20251212,215000,26.82,28.25,26.77,28.04,27720,0
CDNL.US,5,20251212,215500,28.15,29.75,27.29,29.65,177720,0
CDNL.US,5,20251215,153000,29.2,29.2,25.793,26.11,24091,0
CDNL.US,5,20251215,153500,27.175,27.175,26.2,26.99,5388,0
CDNL.US,5,20251215,154000,27,27.76,26.99,27.31,7450,0
CDNL.US,5,20251215,154500,27.51,27.57,26.995,27.5,1801,0
CDNL.US,5,20251215,155000,27.3,27.7477,27.3,27.55,4950,0
CDNL.US,5,20251215,155500,27.55,27.73,26.55,27.49,6926,0
CDNL.US,5,20251215,160000,27.1,27.22,27.1,27.22,400,0
CDNL.US,5,20251215,160500,27.22,27.24,27.04,27.18,1300,0
CDNL.US,5,20251215,161000,27.0509,27.19,27.0097,27.0097,936,0
CDNL.US,5,20251215,161500,26.9,26.9,26.8001,26.805,1515,0
CDNL.US,5,20251215,162000,26.7901,26.7901,26.78,26.78,373,0
CDNL.US,5,20251215,162500,26.805,26.805,26.7,26.73,421,0
CDNL.US,5,20251215,163000,26.55,26.73,26.51,26.51,1695,0
CDNL.US,5,20251215,163500,26.68,26.68,26.53,26.645,1812,0
CDNL.US,5,20251215,164000,26.655,26.77,26.655,26.655,821,0
CDNL.US,5,20251215,164500,26.55,26.81,25.8501,26.55,2180,0
CDNL.US,5,20251215,165000,26.58,26.95,26.58,26.95,1470,0
CDNL.US,5,20251215,165500,27.06,27.06,27.06,27.06,121,0
CDNL.US,5,20251215,170000,26.61,27.06,26.61,27.06,7564,0
CDNL.US,5,20251215,170500,27.06,27.545,25.87,27.095,15345,0
CDNL.US,5,20251215,171000,27.095,27.7,26.395,27.171,10205,0
CDNL.US,5,20251215,171500,27.335,27.55,27.335,27.52,2873,0
CDNL.US,5,20251215,172000,27.42,27.76,27.35,27.46,8304,0
CDNL.US,5,20251215,172500,27.5,27.55,27.2,27.22,1854,0
CDNL.US,5,20251215,173000,27.2,27.35,27.2,27.235,2446,0
CDNL.US,5,20251215,173500,27.235,27.5,27.235,27.445,4065,0
CDNL.US,5,20251215,174000,27.45,27.45,27.35,27.35,1202,0
CDNL.US,5,20251215,174500,27.425,27.455,27.35,27.4,1748,0
CDNL.US,5,20251215,175000,27.4,27.57,27.3,27.53,5104,0
CDNL.US,5,20251215,175500,27.695,27.695,26.93,27.245,1946,0
CDNL.US,5,20251215,180000,27.245,27.245,26.855,27.095,2215,0
CDNL.US,5,20251215,180500,26.895,27.2,26.895,27,1010,0
CDNL.US,5,20251215,181000,27.005,27.635,27.005,27.635,3407,0
CDNL.US,5,20251215,181500,27.635,27.635,27.43,27.43,350,0
CDNL.US,5,20251215,182000,27.45,27.75,27.45,27.54,5833,0
CDNL.US,5,20251215,182500,27.54,27.54,27.35,27.35,600,0
CDNL.US,5,20251215,183000,27.35,27.5,27.35,27.405,2841,0
CDNL.US,5,20251215,183500,27.39,27.65,27.39,27.5,1400,0
CDNL.US,5,20251215,184000,27.45,27.79,27.45,27.79,1930,0
CDNL.US,5,20251215,184500,27.795,27.805,27.495,27.805,2662,0
CDNL.US,5,20251215,185000,27.805,27.82,27.57,27.6401,2509,0
CDNL.US,5,20251215,185500,27.82,27.82,27.5301,27.765,1400,0
CDNL.US,5,20251215,190000,27.53,27.53,27.33,27.33,700,0
CDNL.US,5,20251215,190500,27.355,27.555,27.355,27.49,3993,0
CDNL.US,5,20251215,191000,27.385,27.48,27.385,27.45,500,0
CDNL.US,5,20251215,191500,27.465,27.73,27.465,27.73,1500,0
CDNL.US,5,20251215,192000,27.735,27.735,27.52,27.7,1096,0
CDNL.US,5,20251215,192500,27.5,27.7,27.5,27.7,600,0
CDNL.US,5,20251215,193000,27.72,27.75,27.65,27.75,1237,0
CDNL.US,5,20251215,193500,27.75,27.75,27.75,27.75,1610,0
CDNL.US,5,20251215,194000,27.75,27.75,27.57,27.74,1489,0
CDNL.US,5,20251215,194500,27.75,27.75,27.57,27.575,914,0
CDNL.US,5,20251215,195000,27.72,27.75,27.58,27.7,4841,0
CDNL.US,5,20251215,195500,27.75,27.76,27.59,27.73,3920,0
CDNL.US,5,20251215,200000,27.73,27.73,27.115,27.115,2610,0
CDNL.US,5,20251215,200500,27.3,27.545,27.3,27.545,4661,0
CDNL.US,5,20251215,201000,27.545,27.545,27.2401,27.25,900,0
CDNL.US,5,20251215,201500,27.2,27.345,27.2,27.345,700,0
CDNL.US,5,20251215,202000,27.345,27.345,27.345,27.345,506,0
CDNL.US,5,20251215,202500,27.415,27.445,27.4,27.425,3212,0
CDNL.US,5,20251215,203000,27.425,27.5,27.38,27.425,3430,0
CDNL.US,5,20251215,203500,27.5,27.5,27.43,27.44,500,0
CDNL.US,5,20251215,204000,27.5,27.625,27.44,27.54,4759,0
CDNL.US,5,20251215,204500,27.5,27.54,27.47,27.54,1062,0
CDNL.US,5,20251215,205000,27.47,27.54,27.47,27.54,1134,0
CDNL.US,5,20251215,205500,27.535,27.535,27.47,27.52,1347,0
CDNL.US,5,20251215,210000,27.52,27.52,27.47,27.52,1081,0
CDNL.US,5,20251215,210500,27.48,27.52,27.47,27.47,1273,0
CDNL.US,5,20251215,211000,27.495,27.53,27.48,27.49,4795,0
CDNL.US,5,20251215,211500,27.45,27.5,27.45,27.46,1908,0
CDNL.US,5,20251215,212000,27.475,27.55,27.47,27.54,2893,0
CDNL.US,5,20251215,212500,27.6,27.65,27.57,27.59,3057,0
CDNL.US,5,20251215,213000,27.59,27.62,27.415,27.415,2484,0
CDNL.US,5,20251215,213500,27.375,27.5,27.375,27.5,1489,0
CDNL.US,5,20251215,214000,27.44,27.44,26.95,27,5650,0
CDNL.US,5,20251215,214500,27.02,27.07,26.75,26.79,3420,0
CDNL.US,5,20251215,215000,26.79,27.505,26.77,27.37,19123,0
CDNL.US,5,20251215,215500,27.5,28.33,27.49,28.1,63821,0
CDNL.US,5,20251216,153000,27.93,27.93,26.755,27.795,11537,0
CDNL.US,5,20251216,153500,27.895,27.945,27.2,27.2,5926,0
CDNL.US,5,20251216,154000,26.72,27.1,26.64,27.1,1800,0
CDNL.US,5,20251216,154500,27.09,27.5,26.64,27.01,10400,0
CDNL.US,5,20251216,155000,26.73,27,26,26,8693,0
CDNL.US,5,20251216,155500,26.025,26.245,26.025,26.195,10922,0
CDNL.US,5,20251216,160000,26.1,26.3176,26.1,26.19,800,0
CDNL.US,5,20251216,160500,26.21,26.21,26.2,26.2,454,0
CDNL.US,5,20251216,161000,26.21,26.6,26.21,26.575,9254,0
CDNL.US,5,20251216,161500,26.72,26.75,26.575,26.7301,1200,0
CDNL.US,5,20251216,162000,26.75,26.8987,26.575,26.575,2350,0
CDNL.US,5,20251216,162500,26.26,26.35,26.26,26.35,600,0
CDNL.US,5,20251216,163000,26.36,26.38,26.25,26.25,700,0
CDNL.US,5,20251216,164000,26.07,26.1112,26.07,26.1112,200,0
CDNL.US,5,20251216,164500,26,26.01,25.5,25.5,1100,0
CDNL.US,5,20251216,165000,25.4,25.4,25.1,25.1,300,0
CDNL.US,5,20251216,165500,25.1,25.125,24.75,25.115,11927,0
CDNL.US,5,20251216,170000,25.115,25.29,24.505,24.81,10774,0
CDNL.US,5,20251216,170500,24.66,26.85,24.66,25.89,16388,0
CDNL.US,5,20251216,171000,26.05,26.16,25.79,25.88,3863,0
CDNL.US,5,20251216,171500,25.8,25.88,25.6001,25.6001,5860,0
CDNL.US,5,20251216,172000,25.65,25.65,25.44,25.44,1360,0
CDNL.US,5,20251216,172500,25.45,25.5095,25.45,25.45,1200,0
CDNL.US,5,20251216,173000,25.35,25.35,24.96,24.96,2322,0
CDNL.US,5,20251216,173500,24.95,25.06,24.77,24.77,21267,0
CDNL.US,5,20251216,174000,24.8,24.8,24.41,24.41,1530,0
CDNL.US,5,20251216,174500,24.512,24.602,24.2565,24.31,1463,0
CDNL.US,5,20251216,175000,24.541,24.541,24.541,24.541,110,0
CDNL.US,5,20251216,175500,24.3,24.5,24.3,24.5,700,0
CDNL.US,5,20251216,180000,24.3,24.3,24.3,24.3,100,0
CDNL.US,5,20251216,180500,24.35,24.35,24.32,24.34,1860,0
CDNL.US,5,20251216,181000,24.35,24.35,24.32,24.35,730,0
CDNL.US,5,20251216,181500,24.35,24.47,24.3,24.385,6996,0
CDNL.US,5,20251216,182000,24.385,24.545,24.375,24.375,8863,0
CDNL.US,5,20251216,182500,24.39,24.4,24.3,24.3,2160,0
CDNL.US,5,20251216,183000,24.34,24.39,24.3,24.39,934,0
CDNL.US,5,20251216,183500,24.39,24.4878,24.31,24.31,3300,0
CDNL.US,5,20251216,184000,24.32,24.39,23.6,23.805,9482,0
CDNL.US,5,20251216,184500,23.82,23.82,23.62,23.66,1300,0
CDNL.US,5,20251216,185000,23.815,24.55,23.68,24,26001,0
CDNL.US,5,20251216,185500,24.16,24.235,24.02,24.235,2200,0
CDNL.US,5,20251216,190000,24.235,24.795,24.13,24.795,6794,0
CDNL.US,5,20251216,190500,24.8,24.85,24.38,24.85,4500,0
CDNL.US,5,20251216,191000,24.84,24.85,24.65,24.85,1300,0
CDNL.US,5,20251216,191500,24.9,25.2525,24.71,25.225,8503,0
CDNL.US,5,20251216,192000,25.225,25.35,25.16,25.245,10950,0
CDNL.US,5,20251216,192500,25.21,25.29,25.005,25.005,7108,0
CDNL.US,5,20251216,193000,25.005,25.11,25,25.07,2450,0
CDNL.US,5,20251216,193500,25.095,25.485,25.095,25.485,10162,0
CDNL.US,5,20251216,194000,25.45,25.565,25.29,25.465,3384,0
CDNL.US,5,20251216,194500,25.465,25.465,25.4,25.46,400,0
CDNL.US,5,20251216,195000,25.3,25.46,25.125,25.17,1600,0
CDNL.US,5,20251216,195500,25.145,25.145,25.08,25.115,500,0
CDNL.US,5,20251216,200000,25.04,25.12,25.04,25.12,1030,0
CDNL.US,5,20251216,200500,25.12,25.12,24.595,24.94,2154,0
CDNL.US,5,20251216,201000,24.8,24.88,24.8,24.83,500,0
CDNL.US,5,20251216,201500,24.9,25,24.8,25,1730,0
CDNL.US,5,20251216,202000,24.9,25.04,24.9,25.015,11220,0
CDNL.US,5,20251216,202500,24.99,25.015,24.82,24.925,4600,0
CDNL.US,5,20251216,203000,24.88,24.94,24.88,24.94,1600,0
CDNL.US,5,20251216,203500,24.94,24.98,24.94,24.94,1500,0
CDNL.US,5,20251216,204000,24.94,24.94,24.93,24.93,1100,0
CDNL.US,5,20251216,204500,24.93,24.98,24.91,24.96,5330,0
CDNL.US,5,20251216,205000,24.96,25.018,24.92,24.97,6043,0
CDNL.US,5,20251216,205500,24.8,24.81,24.7,24.8,2644,0
CDNL.US,5,20251216,210000,24.89,25.1,24.71,24.98,29782,0
CDNL.US,5,20251216,210500,24.845,25.025,24.845,25.025,2000,0
CDNL.US,5,20251216,211000,25.6,25.785,25.11,25.32,3962,0
CDNL.US,5,20251216,211500,25.34,25.51,25.3,25.485,1762,0
CDNL.US,5,20251216,212000,25.27,25.485,25.27,25.29,3600,0
CDNL.US,5,20251216,212500,25.415,25.625,25.2706,25.625,2361,0
CDNL.US,5,20251216,213000,25.75,26.025,25.625,26.025,18706,0
CDNL.US,5,20251216,213500,25.75,25.91,25.61,25.685,4200,0
CDNL.US,5,20251216,214000,25.71,26.22,25.63,26.1,22463,0
CDNL.US,5,20251216,214500,26.06,26.29,25.845,26,31407,0
CDNL.US,5,20251216,215000,26,26,25.5,25.575,12914,0
CDNL.US,5,20251216,215500,25.55,25.77,25.25,25.77,38303,0
CDNL.US,5,20251217,153000,25.72,25.75,24.055,24.75,3049,0
CDNL.US,5,20251217,153500,24.69,24.75,22.5,24.01,1670,0
CDNL.US,5,20251217,154000,24.05,24.76,23.5225,24.745,9088,0
CDNL.US,5,20251217,154500,25.0001,25.15,25,25.15,800,0
CDNL.US,5,20251217,155000,25.3,25.3,24.8,24.952,7200,0
CDNL.US,5,20251217,155500,25.15,25.15,24.802,24.81,17121,0
CDNL.US,5,20251217,160000,24.8,24.88,24.8,24.8,4600,0
CDNL.US,5,20251217,160500,24.9,24.95,24.89,24.905,911,0
CDNL.US,5,20251217,161000,24.93,25.03,24.92,25.01,3500,0
CDNL.US,5,20251217,161500,25,25.195,25,25,1104,0
CDNL.US,5,20251217,162000,25.055,25.055,25,25,804,0
CDNL.US,5,20251217,162500,25,25.02,24.9301,24.94,4054,0
CDNL.US,5,20251217,163000,24.87,24.87,24.8,24.81,5422,0
CDNL.US,5,20251217,163500,24.9065,24.94,24.802,24.94,1600,0
CDNL.US,5,20251217,164000,24.875,24.93,24.875,24.9,25255,0
CDNL.US,5,20251217,164500,24.855,24.88,23.27,24.21,23306,0
CDNL.US,5,20251217,165000,24.05,24.5,23.5801,24.2878,9520,0
CDNL.US,5,20251217,165500,24.05,24.32,24,24.06,5600,0
CDNL.US,5,20251217,170000,23.68,24,23.6,23.7,1200,0
CDNL.US,5,20251217,170500,23.652,24.02,23.5215,23.76,2694,0
CDNL.US,5,20251217,171000,24,24.41,24,24.01,5444,0
CDNL.US,5,20251217,171500,24.11,24.32,24.11,24.32,400,0
CDNL.US,5,20251217,172000,24.31,24.32,23.68,24.22,1509,0
CDNL.US,5,20251217,172500,24.19,24.19,23.89,24.07,2000,0
CDNL.US,5,20251217,173000,24.07,24.4,24.06,24.4,6649,0
CDNL.US,5,20251217,173500,24.4,24.99,24.4,24.88,1446,0
CDNL.US,5,20251217,174000,24.96,24.99,24.505,24.505,2600,0
CDNL.US,5,20251217,174500,24.69,24.75,24.055,24.09,5997,0
CDNL.US,5,20251217,175000,24.13,24.15,23.81,23.81,2534,0
CDNL.US,5,20251217,175500,23.8,23.95,23.3,23.685,5877,0
CDNL.US,5,20251217,180000,23.67,23.68,23.67,23.68,200,0
CDNL.US,5,20251217,180500,23.685,23.925,23.685,23.86,1000,0
CDNL.US,5,20251217,181000,23.845,23.955,23.845,23.95,434,0
CDNL.US,5,20251217,181500,23.725,23.725,23.505,23.5617,1500,0
CDNL.US,5,20251217,182000,23.49,24.19,23.49,24.19,4716,0
CDNL.US,5,20251217,182500,24.24,24.5,24.16,24.16,11100,0
CDNL.US,5,20251217,183000,24.335,24.335,24.2,24.29,599,0
CDNL.US,5,20251217,183500,24.25,24.25,23.705,23.9,5595,0
CDNL.US,5,20251217,184000,23.94,24.1,23.78,23.95,3760,0
CDNL.US,5,20251217,184500,24.15,24.15,24.11,24.11,4911,0
CDNL.US,5,20251217,185000,24.13,24.13,23.955,24.06,700,0
CDNL.US,5,20251217,185500,24.06,24.06,23.9401,23.9401,1216,0
CDNL.US,5,20251217,190000,24.06,24.06,24,24.05,1200,0
CDNL.US,5,20251217,190500,24.06,24.275,24.01,24.05,2597,0
CDNL.US,5,20251217,191000,24.165,24.165,24.165,24.165,500,0
CDNL.US,5,20251217,191500,24.165,24.165,23.85,24.12,900,0
CDNL.US,5,20251217,192000,24.49,24.49,24.1,24.1,500,0
CDNL.US,5,20251217,192500,24.2,24.25,24.11,24.18,610,0
CDNL.US,5,20251217,193000,24.18,24.18,24.07,24.11,716,0
CDNL.US,5,20251217,193500,24.07,24.25,24.0099,24.25,2100,0
CDNL.US,5,20251217,194000,24.15,24.25,24.005,24.24,1631,0
CDNL.US,5,20251217,194500,24.23,24.49,24.01,24.26,6932,0
CDNL.US,5,20251217,195000,24.46,24.5,24.255,24.255,3055,0
CDNL.US,5,20251217,195500,24.43,24.5,24.255,24.41,4025,0
CDNL.US,5,20251217,200000,24.41,24.5,24.23,24.23,3622,0
CDNL.US,5,20251217,200500,24.42,24.48,24.39,24.48,400,0
CDNL.US,5,20251217,201000,24.47,24.5,24.4,24.5,608,0
CDNL.US,5,20251217,201500,24.25,24.5,24.25,24.5,600,0
CDNL.US,5,20251217,202000,24.5,24.5,24.49,24.49,516,0
CDNL.US,5,20251217,202500,24.44,24.5,24.425,24.425,1147,0
CDNL.US,5,20251217,203000,24.49,24.5,24.18,24.18,2514,0
CDNL.US,5,20251217,203500,24.36,24.49,24.34,24.46,1500,0
CDNL.US,5,20251217,204000,24.38,24.46,24.375,24.4,2000,0
CDNL.US,5,20251217,204500,24.375,24.48,24.375,24.48,500,0
CDNL.US,5,20251217,205000,24.45,24.5,24.38,24.42,1260,0
CDNL.US,5,20251217,205500,24.42,24.5,24.31,24.4,1900,0
CDNL.US,5,20251217,210000,24.4,24.5,24.4,24.4,600,0
CDNL.US,5,20251217,210500,24.4,24.4,24.2599,24.32,1776,0
CDNL.US,5,20251217,211000,24.375,24.49,24.31,24.43,1100,0
CDNL.US,5,20251217,211500,24.38,24.5,24.33,24.46,2000,0
CDNL.US,5,20251217,212000,24.43,24.5,24.43,24.45,9644,0
CDNL.US,5,20251217,212500,24.455,24.455,22.9,23.3,27763,0
CDNL.US,5,20251217,213000,23.325,23.3495,23.07,23.32,5660,0
CDNL.US,5,20251217,213500,23.31,23.35,22.9,23,24800,0
CDNL.US,5,20251217,214000,23,23,22.92,22.98,2200,0
CDNL.US,5,20251217,214500,22.98,23.14,22.98,23.09,13055,0
CDNL.US,5,20251217,215000,23.095,23.63,23,23.37,30292,0
CDNL.US,5,20251217,215500,23.5,23.91,23.345,23.87,30599,0
CDNL.US,5,20251218,153000,23.93,23.93,23.865,23.865,1000,0
CDNL.US,5,20251218,153500,24,24,23.55,23.55,905,0
CDNL.US,5,20251218,154000,23.1678,24,23.1678,23.75,368,0
CDNL.US,5,20251218,154500,23.325,24,23.325,23.53,2368,0
CDNL.US,5,20251218,155000,23.45,23.99,23.45,23.74,5093,0
CDNL.US,5,20251218,155500,23.5,23.79,23.5,23.55,410,0
CDNL.US,5,20251218,160000,23.89,23.89,23.6,23.6,360,0
CDNL.US,5,20251218,160500,23.89,24.19,23.89,24.19,1400,0
CDNL.US,5,20251218,161000,24.245,24.245,24.09,24.13,400,0
CDNL.US,5,20251218,161500,24,24.28,23.995,24.28,2810,0
CDNL.US,5,20251218,162000,24,24.165,23.895,24.048,1720,0
CDNL.US,5,20251218,162500,23.825,23.875,23.825,23.875,300,0
CDNL.US,5,20251218,163000,23.93,23.93,23.93,23.93,300,0
CDNL.US,5,20251218,163500,23.77,24.5,23.77,24.49,7018,0
CDNL.US,5,20251218,164000,24.485,24.485,24.35,24.35,300,0
CDNL.US,5,20251218,164500,24.425,24.5,24.375,24.375,3977,0
CDNL.US,5,20251218,165000,24.375,24.4436,24.25,24.4436,391,0
CDNL.US,5,20251218,165500,24.375,24.375,24.25,24.26,1120,0
CDNL.US,5,20251218,170000,24.35,24.35,24.2,24.31,680,0
CDNL.US,5,20251218,170500,24.2,24.205,24.2,24.2,420,0
CDNL.US,5,20251218,171000,24.1,24.1,24.1,24.1,320,0
CDNL.US,5,20251218,171500,24.1,24.135,24.02,24.135,1077,0
CDNL.US,5,20251218,172000,24.06,24.06,24.055,24.055,200,0
CDNL.US,5,20251218,174500,24.065,24.065,23.95,23.95,550,0
CDNL.US,5,20251218,180000,23.93,23.93,23.93,23.93,100,0
CDNL.US,5,20251218,180500,24,24.01,23.81,23.875,2962,0
CDNL.US,5,20251218,181500,23.88,23.94,23.855,23.86,510,0
CDNL.US,5,20251218,182000,23.925,24,23.9,23.9,405,0
CDNL.US,5,20251218,182500,23.92,24,23.825,24,1109,0
CDNL.US,5,20251218,183000,24,24,24,24,100,0
CDNL.US,5,20251218,183500,23.86,23.9,23.86,23.9,200,0
CDNL.US,5,20251218,184000,23.9,24.33,23.86,24.185,7924,0
CDNL.US,5,20251218,184500,24,24.33,24,24.33,1718,0
CDNL.US,5,20251218,185000,24.25,24.25,24,24,500,0
CDNL.US,5,20251218,185500,24,24.25,24,24.03,500,0
CDNL.US,5,20251218,190000,24.025,24.22,24.025,24.025,300,0
CDNL.US,5,20251218,190500,24.025,24.24,24,24.24,1730,0
CDNL.US,5,20251218,191000,24.24,24.24,24,24.01,700,0
CDNL.US,5,20251218,191500,24.2,24.21,24.02,24.02,1646,0
CDNL.US,5,20251218,192000,24.105,24.105,24.105,24.105,408,0
CDNL.US,5,20251218,192500,24.2,24.21,24.0525,24.105,1000,0
CDNL.US,5,20251218,193000,24.105,24.35,24.105,24.35,2627,0
CDNL.US,5,20251218,193500,24.3,24.33,24.165,24.32,650,0
CDNL.US,5,20251218,194000,24.165,24.165,24.165,24.165,300,0
CDNL.US,5,20251218,194500,24.15,24.29,24.15,24.29,200,0
CDNL.US,5,20251218,195000,24.07,24.07,24,24,200,0
CDNL.US,5,20251218,195500,24.14,24.3236,24.14,24.3236,483,0
CDNL.US,5,20251218,200000,24.205,24.205,24.02,24.02,401,0
CDNL.US,5,20251218,200500,24.025,24.19,24.02,24.04,781,0
CDNL.US,5,20251218,201000,24.03,24.035,24.03,24.035,200,0
CDNL.US,5,20251218,201500,24.04,24.205,24.02,24.02,806,0
CDNL.US,5,20251218,202000,24.03,24.15,24.02,24.13,702,0
CDNL.US,5,20251218,202500,24.025,24.205,24.025,24.1,500,0
CDNL.US,5,20251218,203000,24.025,24.025,24.02,24.025,300,0
CDNL.US,5,20251218,203500,24.06,24.15,24.02,24.15,1600,0
CDNL.US,5,20251218,204000,24.03,24.13,24.025,24.035,400,0
CDNL.US,5,20251218,204500,24.025,24.15,24,24.15,600,0
CDNL.US,5,20251218,205000,24.1,24.15,23.92,23.92,2651,0
CDNL.US,5,20251218,205500,23.945,23.95,23.61,23.61,1813,0
CDNL.US,5,20251218,210000,23.7,23.7,23.57,23.57,700,0
CDNL.US,5,20251218,210500,23.51,23.65,23.37,23.415,2789,0
CDNL.US,5,20251218,211000,23.55,23.805,23.375,23.7073,8466,0
CDNL.US,5,20251218,211500,23.68,23.68,23.65,23.65,200,0
CDNL.US,5,20251218,212000,23.825,23.825,23.775,23.775,300,0
CDNL.US,5,20251218,212500,23.85,23.94,23.8,23.94,1300,0
CDNL.US,5,20251218,213000,23.94,24.21,23.9,24.09,5500,0
CDNL.US,5,20251218,213500,24.105,24.325,24.1,24.325,800,0
CDNL.US,5,20251218,214000,24.32,24.47,24.3,24.325,500,0
CDNL.US,5,20251218,214500,24.375,24.45,24.3,24.43,2189,0
CDNL.US,5,20251218,215000,24.36,24.42,24.15,24.3,7821,0
CDNL.US,5,20251218,215500,24.39,24.425,24.2,24.26,12752,0
CDNL.US,5,20251219,153000,24.59,24.59,24.59,24.59,646,0
CDNL.US,5,20251219,154500,24.49,24.5,24.01,24.01,10178,0
CDNL.US,5,20251219,155000,24.3222,24.3222,24.3222,24.3222,202,0
CDNL.US,5,20251219,155500,24.05,24.05,24.05,24.05,5698,0
CDNL.US,5,20251219,160000,23.3,24.135,23.3,24.13,1920,0
CDNL.US,5,20251219,160500,23.81,24.3199,23.81,24.295,5030,0
CDNL.US,5,20251219,161000,24.295,24.295,24.28,24.28,200,0
CDNL.US,5,20251219,161500,24.2036,24.28,24.2036,24.28,521,0
CDNL.US,5,20251219,162500,23.84,24.035,23.84,24.035,220,0
CDNL.US,5,20251219,163000,24.035,24.035,23.945,23.945,200,0
CDNL.US,5,20251219,163500,23.84,23.84,23.585,23.625,2108,0
CDNL.US,5,20251219,164000,23.62,23.66,23.36,23.43,2272,0
CDNL.US,5,20251219,164500,23.5,23.61,23.5,23.6,700,0
CDNL.US,5,20251219,165000,23.5,23.6,23.375,23.6,4600,0
CDNL.US,5,20251219,165500,23.635,23.6499,23.475,23.6,2463,0
CDNL.US,5,20251219,170000,23.7,23.77,23.5,23.575,7394,0
CDNL.US,5,20251219,171000,23.69,23.69,23.69,23.69,101,0
CDNL.US,5,20251219,171500,23.67,23.67,23.67,23.67,100,0
CDNL.US,5,20251219,173000,23.56,23.56,23.56,23.56,197,0
CDNL.US,5,20251219,173500,23.785,23.785,23.785,23.785,185,0
CDNL.US,5,20251219,174500,23.81,23.81,23.65,23.725,876,0
CDNL.US,5,20251219,175000,23.7,23.725,23.7,23.725,566,0
CDNL.US,5,20251219,175500,23.575,23.575,23.55,23.55,653,0
CDNL.US,5,20251219,180000,23.675,23.675,23.675,23.675,100,0
CDNL.US,5,20251219,180500,23.675,23.675,23.675,23.675,100,0
CDNL.US,5,20251219,181500,23.675,23.675,23.58,23.675,729,0
CDNL.US,5,20251219,182500,23.6,23.6,23.6,23.6,100,0
CDNL.US,5,20251219,183000,23.675,23.675,23.675,23.675,479,0
CDNL.US,5,20251219,183500,23.6,23.6,23.6,23.6,100,0
CDNL.US,5,20251219,184000,23.6,23.6,23.6,23.6,500,0
CDNL.US,5,20251219,184500,23.6,23.65,23.58,23.58,300,0
CDNL.US,5,20251219,185000,23.6,23.6,23.6,23.6,200,0
CDNL.US,5,20251219,190000,23.6528,23.675,23.61,23.61,602,0
CDNL.US,5,20251219,190500,23.615,23.615,23.61,23.61,600,0
CDNL.US,5,20251219,191000,23.695,23.695,23.56,23.56,1840,0
CDNL.US,5,20251219,191500,23.55,23.595,23.45,23.45,1201,0
CDNL.US,5,20251219,192500,23.55,23.7,23.51,23.7,403,0
CDNL.US,5,20251219,193000,23.51,23.51,23.46,23.46,303,0
CDNL.US,5,20251219,193500,23.45,23.54,23.31,23.4,5606,0
CDNL.US,5,20251219,194000,23.38,23.38,23.38,23.38,100,0
CDNL.US,5,20251219,194500,23.425,23.5,23.425,23.5,505,0
CDNL.US,5,20251219,195500,23.31,23.31,23.31,23.31,100,0
CDNL.US,5,20251219,200000,23.39,23.39,23.39,23.39,300,0
CDNL.US,5,20251219,200500,23.39,23.39,23.39,23.39,900,0
CDNL.US,5,20251219,201000,23.39,23.66,23.39,23.66,3600,0
CDNL.US,5,20251219,201500,23.535,23.76,23.535,23.76,2300,0
CDNL.US,5,20251219,202000,23.5,23.665,23.475,23.475,900,0
CDNL.US,5,20251219,202500,23.52,23.52,23.52,23.52,100,0
CDNL.US,5,20251219,203000,23.665,23.665,23.505,23.665,600,0
CDNL.US,5,20251219,203500,23.55,23.675,23.425,23.57,3200,0
CDNL.US,5,20251219,204000,23.6,23.6,23.505,23.505,900,0
CDNL.US,5,20251219,204500,23.52,24.03,23.5,23.71,1857,0
CDNL.US,5,20251219,205000,23.57,23.71,23.475,23.59,1300,0
CDNL.US,5,20251219,205500,23.54,23.69,23.35,23.69,1155,0
CDNL.US,5,20251219,210000,23.69,23.69,23.69,23.69,100,0
CDNL.US,5,20251219,210500,23.69,23.69,23.55,23.6,708,0
CDNL.US,5,20251219,211000,23.53,23.99,23.53,23.99,14322,0
CDNL.US,5,20251219,211500,23.78,23.8,23.78,23.8,200,0
CDNL.US,5,20251219,212000,23.8,23.93,23.7,23.7,1201,0
CDNL.US,5,20251219,212500,23.8,23.89,23.79,23.81,2605,0
CDNL.US,5,20251219,213000,23.865,23.865,23.865,23.865,400,0
CDNL.US,5,20251219,214000,23.815,23.815,23.815,23.815,100,0
CDNL.US,5,20251219,214500,23.81,23.81,23.72,23.72,400,0
CDNL.US,5,20251219,215000,23.96,24.03,23.88,24.025,1505,0
CDNL.US,5,20251219,215500,24.115,24.24,23.84,23.99,25442,0
CDNL.US,5,20251222,153000,24.06,24.06,24.06,24.06,654,0
CDNL.US,5,20251222,153500,23.5,23.65,23.5,23.65,652,0
CDNL.US,5,20251222,154000,23.56,23.7,23.55,23.7,1400,0
CDNL.US,5,20251222,154500,23.7,23.7,23.58,23.7,492,0
CDNL.US,5,20251222,155000,23.65,23.85,23.65,23.75,4752,0
CDNL.US,5,20251222,155500,23.775,23.85,23.7,23.75,1055,0
CDNL.US,5,20251222,160000,23.75,23.75,23.65,23.65,1500,0
CDNL.US,5,20251222,160500,23.65,23.7,23.255,23.5,12226,0
CDNL.US,5,20251222,161000,23.462,23.73,23.3,23.325,1356,0
CDNL.US,5,20251222,161500,23.5,23.56,23.38,23.53,950,0
CDNL.US,5,20251222,162000,23.43,23.43,23.43,23.43,100,0
CDNL.US,5,20251222,162500,23.3008,23.43,23.3008,23.32,772,0
CDNL.US,5,20251222,163500,23.405,23.405,23.25,23.25,300,0
CDNL.US,5,20251222,164000,23.25,23.405,23.25,23.25,400,0
CDNL.US,5,20251222,164500,23.25,23.405,23.25,23.39,2700,0
CDNL.US,5,20251222,165500,23.3,23.3,23.3,23.3,100,0
CDNL.US,5,20251222,170000,23.33,23.33,23.33,23.33,100,0
CDNL.US,5,20251222,170500,23.31,23.405,23.3,23.405,2179,0
CDNL.US,5,20251222,171000,23.25,23.43,23.25,23.3,400,0
CDNL.US,5,20251222,171500,23.4,23.43,23.32,23.43,677,0
CDNL.US,5,20251222,172000,23.43,23.43,23.34,23.34,714,0
CDNL.US,5,20251222,172500,23.34,23.34,23.34,23.34,200,0
CDNL.US,5,20251222,173000,23.43,23.43,23.4,23.43,630,0
CDNL.US,5,20251222,173500,23.42,23.42,23.3,23.42,1242,0
CDNL.US,5,20251222,174000,23.42,23.42,23.34,23.34,1100,0
CDNL.US,5,20251222,174500,23.42,23.42,23.42,23.42,300,0
CDNL.US,5,20251222,175000,23.42,23.42,23.42,23.42,100,0
CDNL.US,5,20251222,175500,23.31,23.42,23.31,23.42,200,0
CDNL.US,5,20251222,180000,23.42,23.42,23.42,23.42,100,0
CDNL.US,5,20251222,180500,23.33,23.42,23.33,23.36,1300,0
CDNL.US,5,20251222,181000,23.35,23.43,23.35,23.43,1678,0
CDNL.US,5,20251222,181500,23.305,23.43,23.305,23.415,1300,0
CDNL.US,5,20251222,182000,23.32,23.32,23.32,23.32,100,0
CDNL.US,5,20251222,182500,23.34,23.34,23.34,23.34,200,0
CDNL.US,5,20251222,183000,23.31,23.43,23.3,23.35,9193,0
CDNL.US,5,20251222,183500,23.325,23.45,23.301,23.36,1115,0
CDNL.US,5,20251222,184000,23.36,23.43,23.36,23.43,800,0
CDNL.US,5,20251222,184500,23.43,23.43,23.42,23.43,1300,0
CDNL.US,5,20251222,185000,23.37,23.455,23.37,23.455,200,0
CDNL.US,5,20251222,185500,23.36,23.37,23.36,23.36,400,0
CDNL.US,5,20251222,190500,23.35,23.35,23.35,23.35,100,0
CDNL.US,5,20251222,191000,23.41,23.41,23.35,23.35,200,0
CDNL.US,5,20251222,191500,23.36,23.36,23.36,23.36,100,0
CDNL.US,5,20251222,192000,23.35,23.405,23.35,23.405,200,0
CDNL.US,5,20251222,192500,23.43,23.43,23.34,23.34,200,0
CDNL.US,5,20251222,193000,23.31,23.42,23.31,23.42,200,0
CDNL.US,5,20251222,193500,23.43,23.43,23.3,23.43,650,0
CDNL.US,5,20251222,194000,23.31,23.31,23.31,23.31,100,0
CDNL.US,5,20251222,194500,23.43,23.43,23.39,23.43,1500,0
CDNL.US,5,20251222,195000,23.31,23.435,23.31,23.42,3466,0
CDNL.US,5,20251222,195500,23.355,23.4,23.355,23.355,2325,0
CDNL.US,5,20251222,200000,23.35,23.43,23.32,23.43,6401,0
CDNL.US,5,20251222,201000,23.37,23.38,23.34,23.34,436,0
CDNL.US,5,20251222,201500,23.3,23.34,23.3,23.34,538,0
CDNL.US,5,20251222,202000,23.34,23.36,23.16,23.29,3005,0
CDNL.US,5,20251222,202500,23.12,23.42,23,23.175,26393,0
CDNL.US,5,20251222,203000,23.42,23.445,23.23,23.3,5754,0
CDNL.US,5,20251222,203500,23.31,23.455,23.13,23.455,1003,0
CDNL.US,5,20251222,204000,23.3,23.3,23.3,23.3,100,0
CDNL.US,5,20251222,204500,23.25,23.265,23.17,23.175,1400,0
CDNL.US,5,20251222,205000,23.17,23.38,23.01,23.19,2358,0
CDNL.US,5,20251222,205500,23.1,23.12,23.1,23.12,300,0
CDNL.US,5,20251222,210000,23.1,23.3965,23.09,23.3965,2310,0
CDNL.US,5,20251222,210500,23.08,23.08,23.08,23.08,100,0
CDNL.US,5,20251222,211000,23.005,23.3,23,23.15,11012,0
CDNL.US,5,20251222,211500,23.1,23.15,23.005,23.135,2861,0
CDNL.US,5,20251222,212000,23.07,23.135,23.065,23.1,600,0
CDNL.US,5,20251222,212500,23.1,23.1,23.1,23.1,100,0
CDNL.US,5,20251222,213000,23.07,23.07,23.005,23.005,329,0
CDNL.US,5,20251222,213500,23.02,23.1025,23,23.045,6606,0
CDNL.US,5,20251222,214000,23.01,23.38,23,23.22,13088,0
CDNL.US,5,20251222,214500,23.1,23.275,23.1,23.155,1815,0
CDNL.US,5,20251222,215000,23.12,23.205,23.1,23.11,8291,0
CDNL.US,5,20251222,215500,23.155,23.175,23,23,30867,0
CDNL.US,5,20251223,153000,23,23,22.75,22.795,10594,0
CDNL.US,5,20251223,154000,22.75,22.75,22.75,22.75,284,0
CDNL.US,5,20251223,154500,22.875,22.925,22.875,22.925,6531,0
CDNL.US,5,20251223,155000,22.925,22.925,22.925,22.925,500,0
CDNL.US,5,20251223,155500,22.925,23.07,22.86,22.925,3700,0
CDNL.US,5,20251223,160000,23,23.2,22.925,23.01,8625,0
CDNL.US,5,20251223,160500,23.03,23.49,22.88,23.04,6266,0
CDNL.US,5,20251223,161000,22.82,23.03,22.82,22.99,1200,0
CDNL.US,5,20251223,161500,22.94,23.25,22.94,23.25,1250,0
CDNL.US,5,20251223,162000,23.455,23.455,23.455,23.455,100,0
CDNL.US,5,20251223,162500,23.455,23.7,23.22,23.7,3804,0
CDNL.US,5,20251223,163000,23.49,23.7,23.475,23.7,2807,0
CDNL.US,5,20251223,163500,23.7999,23.7999,23.35,23.68,6978,0
CDNL.US,5,20251223,164000,23.635,23.775,23.565,23.665,2058,0
CDNL.US,5,20251223,164500,23.8,23.8,23.5375,23.745,2368,0
CDNL.US,5,20251223,165000,24,24,23.625,23.625,1793,0
CDNL.US,5,20251223,165500,23.81,23.97,23.525,23.8,3809,0
CDNL.US,5,20251223,170000,23.81,23.81,23.56,23.56,3186,0
CDNL.US,5,20251223,170500,23.77,23.77,23.76,23.76,200,0
CDNL.US,5,20251223,171000,23.75,23.76,23.53,23.68,800,0
CDNL.US,5,20251223,171500,23.69,23.69,23.438,23.49,10241,0
CDNL.US,5,20251223,172000,23.25,23.635,23.25,23.6,10515,0
CDNL.US,5,20251223,172500,23.6,23.61,23.4375,23.58,1935,0
CDNL.US,5,20251223,173000,23.68,23.84,23.545,23.77,2890,0
CDNL.US,5,20251223,173500,23.8,23.885,23.5775,23.5775,2378,0
CDNL.US,5,20251223,174000,23.86,23.87,23.5,23.79,3224,0
CDNL.US,5,20251223,174500,23.78,23.78,23.55,23.55,400,0
CDNL.US,5,20251223,175000,23.705,23.89,23.68,23.88,1147,0
CDNL.US,5,20251223,175500,23.88,23.9,23.575,23.85,800,0
CDNL.US,5,20251223,180000,23.82,23.82,23.82,23.82,200,0
CDNL.US,5,20251223,180500,23.9,24.11,23.82,23.9375,1380,0
CDNL.US,5,20251223,181000,23.925,24.108,23.925,24.08,5223,0
CDNL.US,5,20251223,181500,24.23,24.26,23.9275,24.19,2960,0
CDNL.US,5,20251223,182000,24.16,24.23,24.04,24.18,500,0
CDNL.US,5,20251223,182500,24.225,24.225,24.225,24.225,100,0
CDNL.US,5,20251223,183000,24.07,24.07,23.88,24.02,2416,0
CDNL.US,5,20251223,183500,24.04,24.18,23.86,24.01,3848,0
CDNL.US,5,20251223,184000,23.93,24.11,23.85,24,4816,0
CDNL.US,5,20251223,184500,24.03,24.03,23.8,23.8,738,0
CDNL.US,5,20251223,185000,23.82,23.98,23.72,23.98,700,0
CDNL.US,5,20251223,185500,23.82,23.82,23.7725,23.7725,300,0
CDNL.US,5,20251223,190500,24.02,24.02,23.82,24,600,0
CDNL.US,5,20251223,191000,24.01,24.01,23.93,24,700,0
CDNL.US,5,20251223,191500,24.02,24.02,23.915,23.915,3220,0
CDNL.US,5,20251223,192000,23.92,23.92,23.92,23.92,100,0
CDNL.US,5,20251223,192500,23.92,23.99,23.66,23.99,1700,0
CDNL.US,5,20251223,193000,23.905,23.905,23.905,23.905,100,0
CDNL.US,5,20251223,193500,23.905,23.905,23.9025,23.9025,300,0
CDNL.US,5,20251223,194000,23.905,23.905,23.905,23.905,100,0
CDNL.US,5,20251223,194500,23.905,23.98,23.905,23.945,300,0
CDNL.US,5,20251223,195000,23.73,23.73,23.73,23.73,100,0
CDNL.US,5,20251223,195500,23.94,23.94,23.725,23.725,236,0
CDNL.US,5,20251223,200000,23.725,23.725,23.725,23.725,100,0
CDNL.US,5,20251223,200500,23.92,23.92,23.92,23.92,100,0
CDNL.US,5,20251223,201000,23.91,23.91,23.89,23.89,210,0
CDNL.US,5,20251223,201500,23.93,23.93,23.825,23.825,300,0
CDNL.US,5,20251223,202000,23.825,23.825,23.825,23.825,100,0
CDNL.US,5,20251223,203000,23.9,23.9,23.9,23.9,100,0
CDNL.US,5,20251223,203500,23.825,23.8299,23.825,23.8299,200,0
CDNL.US,5,20251223,204000,23.85,23.85,23.84,23.84,300,0
CDNL.US,5,20251223,204500,23.745,23.93,23.745,23.93,300,0
CDNL.US,5,20251223,205000,23.89,24.08,23.86,24.08,1100,0
CDNL.US,5,20251223,205500,23.8,24.08,23.8,24.08,1200,0
CDNL.US,5,20251223,210000,24,24.02,23.87,24.005,2100,0
CDNL.US,5,20251223,210500,23.82,24,23.75,23.75,10930,0
CDNL.US,5,20251223,211000,23.78,23.78,23.78,23.78,100,0
CDNL.US,5,20251223,211500,23.79,23.89,23.74,23.855,2214,0
CDNL.US,5,20251223,212000,24.015,24.015,23.75,23.75,3900,0
CDNL.US,5,20251223,212500,23.91,24,23.7,23.75,16698,0
CDNL.US,5,20251223,213000,23.55,23.85,23.55,23.84,1514,0
CDNL.US,5,20251223,213500,23.85,23.85,23.8,23.84,1489,0
CDNL.US,5,20251223,214000,23.74,23.9,23.74,23.88,1401,0
CDNL.US,5,20251223,214500,23.84,23.93,23.81,23.845,6158,0
CDNL.US,5,20251223,215000,23.76,23.88,23.7,23.74,4411,0
CDNL.US,5,20251223,215500,23.86,23.95,23.69,23.75,25223,0
CDNL.US,5,20251224,153000,23.42,23.8825,23.42,23.68,1181,0
CDNL.US,5,20251224,153500,23.68,24.065,23.65,23.815,2804,0
CDNL.US,5,20251224,154000,23.71,23.82,23.71,23.82,400,0
CDNL.US,5,20251224,154500,23.75,23.75,23.75,23.75,100,0
CDNL.US,5,20251224,155000,23.8,23.8,23.71,23.8,2300,0
CDNL.US,5,20251224,155500,23.81,23.97,23.8,23.97,900,0
CDNL.US,5,20251224,160000,23.855,23.855,23.75,23.75,500,0
CDNL.US,5,20251224,160500,23.855,23.855,23.855,23.855,496,0
CDNL.US,5,20251224,161500,23.89,24.05,23.88,24.04,1362,0
CDNL.US,5,20251224,162000,24.05,24.05,24.05,24.05,100,0
CDNL.US,5,20251224,162500,24.03,24.05,24.025,24.05,634,0
CDNL.US,5,20251224,163000,24.05,24.095,23.99,24.02,1155,0
CDNL.US,5,20251224,163500,24.07,24.07,24.07,24.07,100,0
CDNL.US,5,20251224,164000,24.07,24.07,24.07,24.07,223,0
CDNL.US,5,20251224,165000,24.08,24.08,24,24.0705,1700,0
CDNL.US,5,20251224,165500,24.07,24.07,24.07,24.07,100,0
CDNL.US,5,20251224,170000,23.97,24.08,23.97,24.08,1603,0
CDNL.US,5,20251224,170500,24,24.08,24,24.05,5380,0
CDNL.US,5,20251224,171500,23.98,23.99,23.98,23.99,200,0
CDNL.US,5,20251224,175500,23.99,23.99,23.97,23.97,1000,0
CDNL.US,5,20251224,180000,23.96,23.96,23.65,23.65,200,0
CDNL.US,5,20251224,184000,23.72,23.775,23.61,23.69,501,0
CDNL.US,5,20251224,184500,23.6,23.6,23.285,23.31,1149,0
CDNL.US,5,20251224,185000,23.505,23.505,23.34,23.45,700,0
CDNL.US,5,20251224,185500,23.405,23.72,23.405,23.595,2120,0
CDNL.US,5,20251224,190000,23.47,23.47,23.46,23.46,4596,0
CDNL.US,5,20251226,153000,23.4,23.45,23.39,23.39,1498,0
CDNL.US,5,20251226,153500,23.25,23.42,23.22,23.39,1114,0
CDNL.US,5,20251226,154000,23.3275,23.59,23.3275,23.52,5318,0
CDNL.US,5,20251226,154500,23.68,23.725,23.5,23.725,873,0
CDNL.US,5,20251226,155000,23.72,23.725,23.51,23.51,680,0
CDNL.US,5,20251226,155500,23.5,23.5,23.325,23.325,1100,0
CDNL.US,5,20251226,160000,23.38,23.38,23.38,23.38,100,0
CDNL.US,5,20251226,162500,23.52,23.52,23.52,23.52,200,0
CDNL.US,5,20251226,163000,23.52,23.54,23.52,23.54,200,0
CDNL.US,5,20251226,165000,23.565,23.565,23.565,23.565,200,0
CDNL.US,5,20251226,170500,23.595,23.595,23.595,23.595,100,0
CDNL.US,5,20251226,171000,23.475,23.475,23.475,23.475,100,0
CDNL.US,5,20251226,171500,23.568,23.568,23.568,23.568,420,0
CDNL.US,5,20251226,173500,23.595,23.595,23.595,23.595,100,0
CDNL.US,5,20251226,175000,23.595,23.595,23.595,23.595,100,0
CDNL.US,5,20251226,180000,23.48,23.5,23.4,23.45,2700,0
CDNL.US,5,20251226,181000,23.45,23.45,23.33,23.33,491,0
CDNL.US,5,20251226,182000,23.46,23.46,23.46,23.46,100,0
CDNL.US,5,20251226,184500,23.485,23.485,23.485,23.485,100,0
CDNL.US,5,20251226,185000,23.39,23.39,23.39,23.39,100,0
CDNL.US,5,20251226,190500,23.32,23.32,23.24,23.24,474,0
CDNL.US,5,20251226,191000,23.21,23.22,23.21,23.22,200,0
CDNL.US,5,20251226,191500,23.275,23.275,23.275,23.275,100,0
CDNL.US,5,20251226,195000,23.4,23.4,23.4,23.4,100,0
CDNL.US,5,20251226,195500,23.45,23.45,23.45,23.45,300,0
CDNL.US,5,20251226,200000,23.43,23.43,23.345,23.3699,402,0
CDNL.US,5,20251226,200500,23.39,23.39,23.39,23.39,100,0
CDNL.US,5,20251226,201500,23.455,23.455,23.455,23.455,100,0
CDNL.US,5,20251226,202000,23.36,23.36,23.34,23.36,500,0
CDNL.US,5,20251226,204000,23.39,23.39,23.39,23.39,100,0
CDNL.US,5,20251226,204500,23.39,23.39,23.39,23.39,100,0
CDNL.US,5,20251226,210000,23.31,23.355,23.268,23.355,2600,0
CDNL.US,5,20251226,210500,23.3351,23.575,23.274,23.55,7304,0
CDNL.US,5,20251226,211000,23.71,23.71,23.69,23.69,500,0
CDNL.US,5,20251226,211500,23.6576,23.6576,23.6576,23.6576,150,0
CDNL.US,5,20251226,212000,23.7,23.7,23.7,23.7,100,0
CDNL.US,5,20251226,212500,23.955,23.955,23.955,23.955,600,0
CDNL.US,5,20251226,213000,23.93,24.08,23.93,24.08,1200,0
CDNL.US,5,20251226,213500,24.02,24.02,23.8,23.85,1348,0
CDNL.US,5,20251226,214500,23.7,23.7,23.7,23.7,200,0
CDNL.US,5,20251226,215000,23.71,23.76,23.615,23.72,1802,0
CDNL.US,5,20251226,215500,23.65,23.71,23.49,23.62,11114,0
CDNL.US,5,20251229,153000,23.45,23.64,23.45,23.63,11621,0
CDNL.US,5,20251229,153500,23.55,23.55,23.55,23.55,800,0
CDNL.US,5,20251229,154500,23.5,23.5,23.5,23.5,100,0
CDNL.US,5,20251229,155000,23.27,23.64,23.27,23.305,1200,0
CDNL.US,5,20251229,155500,23.32,23.96,23.28,23.85,19819,0
CDNL.US,5,20251229,160000,23.865,24.04,23.67,23.67,664,0
CDNL.US,5,20251229,160500,23.93,24.04,23.83,24.02,8730,0
CDNL.US,5,20251229,161000,23.94,24.1,23.87,24.03,3382,0
CDNL.US,5,20251229,161500,23.96,23.96,23.735,23.735,900,0
CDNL.US,5,20251229,162000,23.91,23.91,23.63,23.86,500,0
CDNL.US,5,20251229,162500,23.61,23.77,23.52,23.77,2300,0
CDNL.US,5,20251229,163000,23.51,23.77,23.5,23.77,1460,0
CDNL.US,5,20251229,163500,23.64,23.75,23.6,23.69,2126,0
CDNL.US,5,20251229,164000,23.61,23.78,23.6,23.77,700,0
CDNL.US,5,20251229,164500,23.61,23.61,23.435,23.435,700,0
CDNL.US,5,20251229,165000,23.42,23.73,23.32,23.37,2000,0
CDNL.US,5,20251229,165500,23.315,23.72,23.315,23.65,600,0
CDNL.US,5,20251229,170000,23.32,23.53,23.32,23.32,400,0
CDNL.US,5,20251229,170500,23.33,23.72,23.325,23.325,600,0
CDNL.US,5,20251229,171000,23.34,23.71,23.32,23.375,900,0
CDNL.US,5,20251229,171500,23.375,23.7799,23.37,23.4,650,0
CDNL.US,5,20251229,172000,23.565,23.565,23.28,23.28,4772,0
CDNL.US,5,20251229,172500,23.25,23.42,23.095,23.235,854,0
CDNL.US,5,20251229,173000,23.17,23.37,23.07,23.07,500,0
CDNL.US,5,20251229,173500,23.39,23.39,22.955,22.955,1500,0
CDNL.US,5,20251229,174000,23.1,23.37,22.87,23.37,8100,0
CDNL.US,5,20251229,174500,23.04,23.19,22.99,23.01,500,0
CDNL.US,5,20251229,175000,23.195,23.334,22.99,23.08,2900,0
CDNL.US,5,20251229,175500,23.14,23.14,22.895,23.1,1258,0
CDNL.US,5,20251229,180000,23,23.07,22.89,22.975,1100,0
CDNL.US,5,20251229,180500,23.08,23.1,22.85,23.1,924,0
CDNL.US,5,20251229,181000,22.975,23.08,22.975,23.08,1000,0
CDNL.US,5,20251229,181500,22.975,23.1,22.975,22.975,700,0
CDNL.US,5,20251229,182000,22.975,23.08,22.975,22.975,900,0
CDNL.US,5,20251229,182500,23.1,23.1,22.975,23.08,400,0
CDNL.US,5,20251229,183000,22.9875,23.08,22.975,22.9925,1800,0
CDNL.US,5,20251229,183500,23.1,23.25,22.9925,23.08,5000,0
CDNL.US,5,20251229,184000,23.05,23.225,22.86,23.14,2700,0
CDNL.US,5,20251229,184500,22.985,23.14,22.96,22.9775,1100,0
CDNL.US,5,20251229,185000,23,23.1,23,23.1,400,0
CDNL.US,5,20251229,185500,23.07,23.1,22.975,22.9825,700,0
CDNL.US,5,20251229,190000,22.98,23.08,22.975,22.975,800,0
CDNL.US,5,20251229,190500,22.975,23.08,22.96,22.98,1312,0
CDNL.US,5,20251229,191000,22.96,23.07,22.94,23.03,2571,0
CDNL.US,5,20251229,191500,22.99,23.03,22.96,23,2803,0
CDNL.US,5,20251229,192000,22.965,23.03,22.96,22.99,1200,0
CDNL.US,5,20251229,192500,22.99,23.06,22.75,22.98,11610,0
CDNL.US,5,20251229,193000,22.8,22.97,22.77,22.77,500,0
CDNL.US,5,20251229,193500,22.77,22.98,22.75,22.98,1200,0
CDNL.US,5,20251229,194000,22.94,22.95,22.54,22.54,1191,0
CDNL.US,5,20251229,194500,22.735,22.97,22.735,22.785,1000,0
CDNL.US,5,20251229,195000,22.785,22.97,22.785,22.79,800,0
CDNL.US,5,20251229,195500,22.7875,22.96,22.7875,22.81,500,0
CDNL.US,5,20251229,200000,22.83,23.11,22.83,23.095,6100,0
CDNL.US,5,20251229,200500,23.09,23.15,22.93,23.09,1304,0
CDNL.US,5,20251229,201000,22.955,23.04,22.77,22.77,1062,0
CDNL.US,5,20251229,201500,23,23,22.6,22.6,29557,0
CDNL.US,5,20251229,202000,22.61,22.82,22.37,22.37,2039,0
CDNL.US,5,20251229,202500,22.37,22.54,22.22,22.29,3442,0
CDNL.US,5,20251229,203000,22.5,22.57,22.355,22.55,2400,0
CDNL.US,5,20251229,203500,22.685,22.915,22.46,22.915,900,0
CDNL.US,5,20251229,204000,22.9075,22.915,22.22,22.22,1701,0
CDNL.US,5,20251229,204500,22.56,22.56,22.27,22.4,668,0
CDNL.US,5,20251229,205000,22.4,22.55,22.22,22.4,1100,0
CDNL.US,5,20251229,205500,22.53,22.53,22.31,22.33,1100,0
CDNL.US,5,20251229,210000,22.5,22.5,22.25,22.33,2500,0
CDNL.US,5,20251229,210500,22.26,22.47,22.095,22.125,2500,0
CDNL.US,5,20251229,211000,22.12,22.38,22.09,22.2,3268,0
CDNL.US,5,20251229,211500,22.3,22.4,22.1,22.28,8989,0
CDNL.US,5,20251229,212000,22.28,22.59,22.27,22.49,4636,0
CDNL.US,5,20251229,212500,22.58,22.905,22.47,22.6,6768,0
CDNL.US,5,20251229,213000,22.66,22.84,22.5,22.83,4739,0
CDNL.US,5,20251229,213500,22.77,23.18,22.77,22.99,8296,0
CDNL.US,5,20251229,214000,23.01,23.01,22.86,22.86,3492,0
CDNL.US,5,20251229,214500,22.86,23.02,22.86,23.01,5843,0
CDNL.US,5,20251229,215000,23.01,24.73,23.01,24.345,48603,0
CDNL.US,5,20251229,215500,24.6,24.6,23.6,23.68,60403,0
CDNL.US,5,20251230,153000,23.31,23.31,23.041,23.06,14298,0
CDNL.US,5,20251230,153500,23.175,23.26,23,23,4272,0
CDNL.US,5,20251230,154000,23,23.01,22.98,22.98,400,0
CDNL.US,5,20251230,154500,23.09,23.1,22.7889,22.855,630,0
CDNL.US,5,20251230,155000,23.07,23.08,22.8929,22.8929,510,0
CDNL.US,5,20251230,155500,22.995,23.5,22.995,23.5,6713,0
CDNL.US,5,20251230,160000,23.2,23.2,23.2,23.2,100,0
CDNL.US,5,20251230,160500,23.07,23.07,23.07,23.07,3768,0
CDNL.US,5,20251230,161500,23.2,23.2,23.02,23.02,800,0
CDNL.US,5,20251230,162000,23.2,23.45,23.06,23.38,782,0
CDNL.US,5,20251230,162500,23.38,23.38,23.06,23.075,2018,0
CDNL.US,5,20251230,163000,23.075,23.2,23.075,23.2,500,0
CDNL.US,5,20251230,163500,23.07,23.21,22.925,22.925,691,0
CDNL.US,5,20251230,164000,23.21,23.21,23.055,23.18,800,0
CDNL.US,5,20251230,164500,23.055,23.25,23.055,23.25,1972,0
CDNL.US,5,20251230,165000,23.44,23.44,23.4,23.4,500,0
CDNL.US,5,20251230,165500,23.405,23.58,23.18,23.55,1429,0
CDNL.US,5,20251230,170000,23.52,24.205,23.51,24.205,17735,0
CDNL.US,5,20251230,170500,24.33,24.45,24.27,24.4495,1600,0
CDNL.US,5,20251230,171000,24.44,24.73,24.34,24.52,12012,0
CDNL.US,5,20251230,171500,24.51,24.51,24.26,24.5,2801,0
CDNL.US,5,20251230,172000,24.5,24.5,24.42,24.42,500,0
CDNL.US,5,20251230,172500,24.49,24.5,24.48,24.49,6029,0
CDNL.US,5,20251230,173000,24.49,24.49,24.28,24.47,2050,0
CDNL.US,5,20251230,173500,24.48,24.48,24.31,24.31,300,0
CDNL.US,5,20251230,174000,24.47,24.5,24.39,24.5,900,0
CDNL.US,5,20251230,174500,24.385,24.48,24.165,24.185,6226,0
CDNL.US,5,20251230,175000,24.185,24.23,24.025,24.065,3100,0
CDNL.US,5,20251230,175500,23.8,24.4084,23.8,24.4084,1800,0
CDNL.US,5,20251230,180000,24.08,24.35,24.08,24.205,900,0
CDNL.US,5,20251230,180500,24.205,24.46,24.2,24.2,3050,0
CDNL.US,5,20251230,181000,24.115,24.285,24.06,24.1,1100,0
CDNL.US,5,20251230,181500,24.07,24.275,24.07,24.09,1767,0
CDNL.US,5,20251230,182000,24.075,24.275,24.07,24.275,700,0
CDNL.US,5,20251230,182500,24.075,24.275,24.05,24.18,1100,0
CDNL.US,5,20251230,183000,24.275,24.275,23.945,24.1,4000,0
CDNL.US,5,20251230,183500,24.34,24.34,24.125,24.125,200,0
CDNL.US,5,20251230,184000,24.39,24.45,23.8003,24.22,5560,0
CDNL.US,5,20251230,184500,24.26,24.38,24.14,24.38,3991,0
CDNL.US,5,20251230,185000,24.295,24.4,24.19,24.39,5294,0
CDNL.US,5,20251230,185500,24.34,24.4,24.27,24.27,1400,0
CDNL.US,5,20251230,190000,24.37,24.37,24.165,24.165,500,0
CDNL.US,5,20251230,190500,24.165,24.3,24.165,24.3,600,0
CDNL.US,5,20251230,191000,24.3,24.3,24.18,24.18,700,0
CDNL.US,5,20251230,191500,24.3,24.3,24.2,24.3,600,0
CDNL.US,5,20251230,192000,24.185,24.3,24.16,24.28,900,0
CDNL.US,5,20251230,192500,24.3,24.3,24.095,24.095,2386,0
CDNL.US,5,20251230,193000,24.07,24.275,24.04,24.04,1100,0
CDNL.US,5,20251230,193500,24.0975,24.29,24.035,24.28,1200,0
CDNL.US,5,20251230,194000,24.215,24.26,24.065,24.26,400,0
CDNL.US,5,20251230,194500,24.07,24.29,24.07,24.27,700,0
CDNL.US,5,20251230,195000,24.09,24.255,24.08,24.255,900,0
CDNL.US,5,20251230,195500,24.12,24.36,24.11,24.255,3700,0
CDNL.US,5,20251230,200000,24.125,24.255,24.11,24.255,1718,0
CDNL.US,5,20251230,200500,24.255,24.255,24.14,24.255,1000,0
CDNL.US,5,20251230,201000,24.15,24.255,24.11,24.1575,1860,0
CDNL.US,5,20251230,201500,24.25,24.255,24.12,24.19,1776,0
CDNL.US,5,20251230,202000,24.255,24.255,23.95,24.24,4921,0
CDNL.US,5,20251230,202500,24.05,24.2,24.01,24.2,2800,0
CDNL.US,5,20251230,203000,24.2,24.235,24.11,24.11,2800,0
CDNL.US,5,20251230,203500,24.18,24.18,23.98,24,3100,0
CDNL.US,5,20251230,204000,24,24.14,23.87,24.025,900,0
CDNL.US,5,20251230,204500,24.09,24.2,23.975,24.06,1762,0
CDNL.US,5,20251230,205000,24.07,24.175,24.06,24.1,1800,0
CDNL.US,5,20251230,205500,24.1,24.2,24.1,24.1,818,0
CDNL.US,5,20251230,210000,24.1,24.1,23.875,23.875,2522,0
CDNL.US,5,20251230,210500,23.99,24.16,23.99,24.15,2924,0
CDNL.US,5,20251230,211000,24.1,24.1,23.915,23.915,6200,0
CDNL.US,5,20251230,211500,24.04,24.04,23.89,23.99,3849,0
CDNL.US,5,20251230,212000,23.99,24.1,23.965,24.025,3347,0
CDNL.US,5,20251230,212500,23.95,24.15,23.78,23.975,3777,0
CDNL.US,5,20251230,213000,23.79,24.12,23.79,23.975,1332,0
CDNL.US,5,20251230,213500,23.82,24.05,23.82,23.925,1136,0
CDNL.US,5,20251230,214000,23.8,24.14,23.8,23.97,1950,0
CDNL.US,5,20251230,214500,23.97,24.17,23.97,24,1716,0
CDNL.US,5,20251230,215000,23.975,24.15,23.85,24.08,2000,0
CDNL.US,5,20251230,215500,24.085,24.09,23.81,23.89,40121,0
CDNL.US,5,20251231,153000,23.8,23.8,23.8,23.8,603,0
CDNL.US,5,20251231,154000,23.4,23.5,23.39,23.5,400,0
CDNL.US,5,20251231,154500,23.64,23.64,23.64,23.64,100,0
CDNL.US,5,20251231,155000,23.7,23.7,23.3,23.3,900,0
CDNL.US,5,20251231,155500,23.455,23.455,23.455,23.455,200,0
CDNL.US,5,20251231,160000,23.215,23.24,23.105,23.15,2905,0
CDNL.US,5,20251231,160500,23.2,23.2,23.2,23.2,700,0
CDNL.US,5,20251231,161000,23.215,23.215,23.215,23.215,2467,0
CDNL.US,5,20251231,162000,23.01,23.08,23.01,23.03,439,0
CDNL.US,5,20251231,162500,22.95,22.95,22.95,22.95,300,0
CDNL.US,5,20251231,163000,22.95,22.95,22.95,22.95,300,0
CDNL.US,5,20251231,163500,22.95,22.95,22.8,22.8612,2432,0
CDNL.US,5,20251231,164000,22.88,23.1,22.88,23.1,1428,0
CDNL.US,5,20251231,164500,23.1,23.15,23.065,23.065,2400,0
CDNL.US,5,20251231,165000,23.215,23.215,22.97,23.03,5400,0
CDNL.US,5,20251231,165500,23.03,23.2,23.025,23.025,500,0
CDNL.US,5,20251231,170000,23.17,23.35,23.13,23.285,3687,0
CDNL.US,5,20251231,170500,23.19,23.395,23.19,23.395,1400,0
CDNL.US,5,20251231,171000,23.345,23.345,23.345,23.345,400,0
CDNL.US,5,20251231,171500,23.305,23.4,23.305,23.4,600,0
CDNL.US,5,20251231,172000,23.36,23.36,23.36,23.36,300,0
CDNL.US,5,20251231,172500,23.36,23.36,23.36,23.36,500,0
CDNL.US,5,20251231,173000,23.345,23.36,23.345,23.36,1216,0
CDNL.US,5,20251231,173500,23.36,23.36,23.24,23.245,1200,0
CDNL.US,5,20251231,175000,23.175,23.27,23.15,23.175,80604,0
CDNL.US,5,20251231,175500,23.145,23.3,23.12,23.12,851,0
CDNL.US,5,20251231,180000,23.3,23.68,23.3,23.5,6424,0
CDNL.US,5,20251231,181000,23.47,23.55,23.47,23.55,308,0
CDNL.US,5,20251231,181500,23.47,23.47,23.47,23.47,100,0
CDNL.US,5,20251231,182000,23.52,23.52,23.48,23.48,300,0
CDNL.US,5,20251231,182500,23.6,23.6,23.6,23.6,100,0
CDNL.US,5,20251231,183000,23.52,23.73,23.46,23.535,1743,0
CDNL.US,5,20251231,183500,23.53,23.53,23.53,23.53,100,0
CDNL.US,5,20251231,185000,23.69,23.7,23.53,23.59,2328,0
CDNL.US,5,20251231,190500,23.7,23.7,23.7,23.7,424,0
CDNL.US,5,20251231,191000,23.6204,23.86,23.6204,23.8032,3791,0
CDNL.US,5,20251231,191500,23.82,23.82,23.71,23.71,1200,0
CDNL.US,5,20251231,192500,23.88,23.88,23.88,23.88,300,0
CDNL.US,5,20251231,193000,24,24,23.96,24,500,0
CDNL.US,5,20251231,193500,24,24.055,23.82,24.055,4313,0
CDNL.US,5,20251231,194500,24.02,24.02,23.985,23.985,688,0
CDNL.US,5,20251231,195000,24.05,24.185,24.025,24.175,7737,0
CDNL.US,5,20251231,195500,24.03,24.03,23.715,23.77,4544,0
CDNL.US,5,20251231,200000,23.8655,24.06,23.8655,24.06,1993,0
CDNL.US,5,20251231,200500,24.015,24.16,23.975,24.005,3400,0
CDNL.US,5,20251231,201500,24.05,24.1,23.8,24.02,3860,0
CDNL.US,5,20251231,202000,24.0728,24.0728,24.0728,24.0728,898,0
CDNL.US,5,20251231,202500,23.87,24.217,23.855,23.86,2616,0
CDNL.US,5,20251231,203000,23.93,23.93,23.925,23.925,585,0
CDNL.US,5,20251231,203500,23.925,24.45,23.925,24.45,17420,0
CDNL.US,5,20251231,204000,24.335,24.45,24.25,24.4475,4278,0
CDNL.US,5,20251231,204500,24.31,24.31,24.085,24.085,1100,0
CDNL.US,5,20251231,205000,24.2,24.4,23.92,24.235,1764,0
CDNL.US,5,20251231,205500,24.2425,24.275,24.2425,24.275,200,0
CDNL.US,5,20251231,210000,24.22,24.32,24.2,24.305,1908,0
CDNL.US,5,20251231,210500,24.2385,24.29,24.2,24.215,1208,0
CDNL.US,5,20251231,211000,24.23,24.31,24.2,24.2,900,0
CDNL.US,5,20251231,211500,24.205,24.32,24.025,24.2,1858,0
CDNL.US,5,20251231,212000,24.22,24.22,24.22,24.22,112,0
CDNL.US,5,20251231,212500,24.11,24.11,24.02,24.02,200,0
CDNL.US,5,20251231,213000,24.11,24.11,24,24.01,1300,0
CDNL.US,5,20251231,213500,24.11,24.175,23.835,23.93,2834,0
CDNL.US,5,20251231,214000,24.12,24.12,24.12,24.12,100,0
CDNL.US,5,20251231,214500,24.08,24.08,24.03,24.05,1168,0
CDNL.US,5,20251231,215000,24.11,24.11,23.9,23.92,3218,0
CDNL.US,5,20251231,215500,24.11,24.21,23.9,24.18,17545,0
CDNL.US,5,20260102,153000,23.98,24.31,23.98,24.31,1064,0
CDNL.US,5,20260102,153500,23.99,24.13,23.98,24.13,700,0
CDNL.US,5,20260102,154000,24.22,24.32,24.22,24.32,300,0
CDNL.US,5,20260102,154500,23.845,23.99,23.845,23.99,300,0
CDNL.US,5,20260102,155000,23.72,23.72,23.6,23.6,200,0
CDNL.US,5,20260102,155500,23.565,24.125,23.565,24.005,5871,0
CDNL.US,5,20260102,161000,23.225,23.8663,23.225,23.8663,200,0
CDNL.US,5,20260102,161500,24.14,24.15,23.9225,23.9225,300,0
CDNL.US,5,20260102,162000,23.9025,23.9025,23.9025,23.9025,200,0
CDNL.US,5,20260102,162500,23.895,24,23.895,24,2684,0
CDNL.US,5,20260102,163000,24.08,24.27,23.525,23.6,6112,0
CDNL.US,5,20260102,163500,23.435,23.54,23.435,23.435,680,0
CDNL.US,5,20260102,164000,23.435,23.685,23.435,23.685,4679,0
CDNL.US,5,20260102,164500,23.685,23.685,23.355,23.57,1347,0
CDNL.US,5,20260102,165000,23.355,23.555,23.34,23.34,1730,0
CDNL.US,5,20260102,165500,23.375,23.565,23.34,23.5507,4274,0
CDNL.US,5,20260102,170000,23.46,23.46,23.25,23.26,700,0
CDNL.US,5,20260102,170500,23.26,23.35,23.14,23.285,6322,0
CDNL.US,5,20260102,171000,23.285,23.295,23.14,23.14,4919,0
CDNL.US,5,20260102,171500,23.365,23.39,23.085,23.1507,11054,0
CDNL.US,5,20260102,172000,23.115,23.2,22.6317,23.18,9307,0
CDNL.US,5,20260102,172500,22.81,23.36,22.6,23.2107,14342,0
CDNL.US,5,20260102,173000,23.2202,23.41,23.215,23.4,10841,0
CDNL.US,5,20260102,173500,23.4,23.94,23.38,23.85,8200,0
CDNL.US,5,20260102,174000,24.01,24.01,23.525,23.525,2734,0
CDNL.US,5,20260102,174500,23.285,23.285,23.285,23.285,100,0
CDNL.US,5,20260102,175000,23.21,23.25,22.99,23.01,44337,0
CDNL.US,5,20260102,175500,22.855,23.14,22.765,23.06,5447,0
CDNL.US,5,20260102,180000,23.02,23.02,23,23,600,0
CDNL.US,5,20260102,180500,22.955,22.955,22.955,22.955,100,0
CDNL.US,5,20260102,181000,22.97,22.97,22.925,22.925,210,0
CDNL.US,5,20260102,181500,22.73,22.73,22.73,22.73,100,0
CDNL.US,5,20260102,182000,22.85,22.85,22.75,22.75,628,0
CDNL.US,5,20260102,182500,22.8,22.8,22.8,22.8,100,0
CDNL.US,5,20260102,183000,22.5,22.62,22.41,22.6,6895,0
CDNL.US,5,20260102,183500,22.6,23.1,22.535,22.76,6531,0
CDNL.US,5,20260102,184000,22.71,22.97,22.7,22.96,4705,0
CDNL.US,5,20260102,184500,22.96,22.96,22.81,22.81,404,0
CDNL.US,5,20260102,185000,22.81,22.93,22.8,22.805,2080,0
CDNL.US,5,20260102,185500,22.8,22.8,22.8,22.8,500,0
CDNL.US,5,20260102,190000,22.8,22.81,22.63,22.63,3545,0
CDNL.US,5,20260102,190500,22.67,22.67,22.67,22.67,100,0
CDNL.US,5,20260102,191000,22.6,22.6,22.43,22.43,200,0
CDNL.US,5,20260102,191500,22.45,22.5325,22.42,22.5325,527,0
CDNL.US,5,20260102,192000,22.71,22.74,22.55,22.56,4247,0
CDNL.US,5,20260102,192500,22.6,22.752,22.6,22.752,660,0
CDNL.US,5,20260102,193000,22.66,22.66,22.65,22.65,600,0
CDNL.US,5,20260102,193500,22.65,22.65,22.55,22.65,5297,0
CDNL.US,5,20260102,194000,22.56,22.56,22.55,22.55,3273,0
CDNL.US,5,20260102,194500,22.55,22.56,22.55,22.56,1500,0
CDNL.US,5,20260102,195000,22.57,22.57,22.55,22.55,4753,0
CDNL.US,5,20260102,195500,22.41,22.41,22.27,22.35,1000,0
CDNL.US,5,20260102,200000,22.265,22.45,22.145,22.245,2870,0
CDNL.US,5,20260102,200500,22.48,22.48,22.245,22.245,300,0
CDNL.US,5,20260102,201000,22.25,22.25,22.25,22.25,400,0
CDNL.US,5,20260102,201500,22.33,22.3366,22.33,22.33,768,0
CDNL.US,5,20260102,202000,22.33,22.33,22.33,22.33,300,0
CDNL.US,5,20260102,202500,22.35,22.35,22.25,22.25,1164,0
CDNL.US,5,20260102,203000,22.25,22.36,22.25,22.35,670,0
CDNL.US,5,20260102,203500,22.31,22.46,22.245,22.245,1584,0
CDNL.US,5,20260102,204000,22.275,22.31,22.25,22.31,300,0
CDNL.US,5,20260102,204500,22.31,22.55,22.275,22.275,1507,0
CDNL.US,5,20260102,205000,22.275,22.275,22.275,22.275,400,0
CDNL.US,5,20260102,205500,22.29,22.42,22.29,22.3,1508,0
CDNL.US,5,20260102,210000,22.34,22.425,22.325,22.35,997,0
CDNL.US,5,20260102,210500,22.46,22.51,22.37,22.41,1200,0
CDNL.US,5,20260102,211000,22.325,22.41,22.325,22.325,699,0
CDNL.US,5,20260102,211500,22.325,22.375,22.325,22.325,1000,0
CDNL.US,5,20260102,212000,22.325,22.38,22.325,22.325,900,0
CDNL.US,5,20260102,212500,22.325,22.45,22.325,22.4,2753,0
CDNL.US,5,20260102,213000,22.4,22.4,22.385,22.385,807,0
CDNL.US,5,20260102,213500,22.385,22.41,22.33,22.4,1050,0
CDNL.US,5,20260102,214000,22.41,22.47,22.25,22.32,12356,0
CDNL.US,5,20260102,214500,22.265,22.31,22.245,22.245,3241,0
CDNL.US,5,20260102,215000,22.39,22.39,22.19,22.3,4540,0
CDNL.US,5,20260102,215500,22.33,22.66,22.25,22.62,64011,0
CDNL.US,5,20260105,153000,22.28,23.03,22.28,22.9196,8040,0
CDNL.US,5,20260105,153500,22.98,22.98,22.84,22.84,600,0
CDNL.US,5,20260105,154000,22.74,22.74,22.73,22.73,200,0
CDNL.US,5,20260105,154500,22.7,22.7,22.205,22.405,3519,0
CDNL.US,5,20260105,155000,22.425,22.435,22.425,22.435,300,0
CDNL.US,5,20260105,155500,22.725,22.725,22.435,22.435,17241,0
CDNL.US,5,20260105,160000,22.45,22.45,22.45,22.45,300,0
CDNL.US,5,20260105,160500,22.6,22.6,22.32,22.48,10739,0
CDNL.US,5,20260105,161000,22.3,22.31,22.3,22.31,400,0
CDNL.US,5,20260105,161500,22.35,22.35,22.325,22.35,400,0
CDNL.US,5,20260105,162000,22.4,22.4,22.325,22.325,200,0
CDNL.US,5,20260105,162500,22.345,22.345,22.345,22.345,200,0
CDNL.US,5,20260105,163000,22.37,22.37,22.37,22.37,400,0
CDNL.US,5,20260105,164000,22.4,22.4,22.16,22.16,1400,0
CDNL.US,5,20260105,164500,22.01,22.07,22,22,5742,0
CDNL.US,5,20260105,165000,22,22.07,22,22.02,12108,0
CDNL.US,5,20260105,165500,22.01,22.11,22,22.08,7482,0
CDNL.US,5,20260105,170000,22.01,22.01,22,22,2135,0
CDNL.US,5,20260105,170500,22,22.01,22,22.01,200,0
CDNL.US,5,20260105,171000,22.05,22.18,22.01,22.11,2992,0
CDNL.US,5,20260105,171500,22.05,22.08,22,22,3230,0
CDNL.US,5,20260105,172000,22,22.095,22,22.095,5799,0
CDNL.US,5,20260105,172500,22.1,22.16,22.01,22.16,24259,0
CDNL.US,5,20260105,173000,22.08,22.1489,22.08,22.1489,1500,0
CDNL.US,5,20260105,173500,22.01,22.08,22.01,22.08,1500,0
CDNL.US,5,20260105,174000,22.03,22.03,22.02,22.02,200,0
CDNL.US,5,20260105,174500,22.02,22.075,22.02,22.03,426,0
CDNL.US,5,20260105,175500,22.08,22.08,22.03,22.03,200,0
CDNL.US,5,20260105,180000,22.02,22.02,22.02,22.02,100,0
CDNL.US,5,20260105,180500,22.05,22.05,22.05,22.05,100,0
CDNL.US,5,20260105,181000,22.05,22.05,22.03,22.03,649,0
CDNL.US,5,20260105,181500,22.01,22.01,22.01,22.01,100,0
CDNL.US,5,20260105,182000,22.01,22.06,22.01,22.06,300,0
CDNL.US,5,20260105,182500,22.03,22.07,22.03,22.07,400,0
CDNL.US,5,20260105,183000,22.09,22.16,22.09,22.135,15748,0
CDNL.US,5,20260105,183500,22.11,22.35,22.1,22.34,10473,0
CDNL.US,5,20260105,184000,22.24,22.24,22.035,22.035,25200,0
CDNL.US,5,20260105,184500,22.125,22.125,22.03,22.03,200,0
CDNL.US,5,20260105,185500,22.035,22.1,22.035,22.05,5488,0
CDNL.US,5,20260105,190000,22.05,22.1,22.05,22.1,15100,0
CDNL.US,5,20260105,190500,22.105,22.16,22.105,22.15,400,0
CDNL.US,5,20260105,191000,22.05,22.05,22.05,22.05,100,0
CDNL.US,5,20260105,191500,22.05,22.2,22.05,22.1799,3204,0
CDNL.US,5,20260105,192000,22.575,22.575,22.09,22.09,200,0
CDNL.US,5,20260105,192500,22.5575,23,22.315,22.315,30300,0
CDNL.US,5,20260105,193000,22.25,22.52,22.25,22.52,200,0
CDNL.US,5,20260105,193500,22.52,22.52,22.25,22.26,300,0
CDNL.US,5,20260105,194000,22.37,22.37,22.37,22.37,100,0
CDNL.US,5,20260105,194500,22.15,22.15,22.15,22.15,200,0
CDNL.US,5,20260105,195000,22.15,22.15,22.15,22.15,100,0
CDNL.US,5,20260105,195500,22.15,22.29,22.15,22.25,503,0
CDNL.US,5,20260105,200000,22.25,22.39,22.15,22.16,800,0
CDNL.US,5,20260105,200500,22.16,22.16,22.16,22.16,100,0
CDNL.US,5,20260105,201000,22.16,22.18,22.16,22.18,1100,0
CDNL.US,5,20260105,201500,22.225,22.225,22.215,22.215,200,0
CDNL.US,5,20260105,202000,22.215,22.215,22.215,22.215,100,0
CDNL.US,5,20260105,202500,22.215,22.215,22.215,22.215,200,0
CDNL.US,5,20260105,203000,22.43,22.43,22.43,22.43,101,0
CDNL.US,5,20260105,203500,22.215,22.215,22.215,22.215,200,0
CDNL.US,5,20260105,204000,22.215,22.25,22.215,22.25,400,0
CDNL.US,5,20260105,204500,22.215,22.215,22.215,22.215,200,0
CDNL.US,5,20260105,205000,22.25,22.25,22.25,22.25,300,0
CDNL.US,5,20260105,205500,22.25,22.25,22.25,22.25,200,0
CDNL.US,5,20260105,210000,22.25,22.25,22.25,22.25,431,0
CDNL.US,5,20260105,210500,22.215,22.365,22.215,22.365,900,0
CDNL.US,5,20260105,211000,22.365,22.79,22.365,22.635,7808,0
CDNL.US,5,20260105,211500,22.52,22.83,22.48,22.78,4601,0
CDNL.US,5,20260105,212000,22.705,22.95,22.705,22.705,1100,0
CDNL.US,5,20260105,212500,22.83,22.83,22.78,22.78,396,0
CDNL.US,5,20260105,213000,22.85,22.855,22.85,22.855,300,0
CDNL.US,5,20260105,213500,22.69,22.69,22.69,22.69,100,0
CDNL.US,5,20260105,214000,22.83,23.1,22.46,22.62,48344,0
CDNL.US,5,20260105,214500,22.61,22.85,22.34,22.545,11383,0
CDNL.US,5,20260105,215000,22.545,22.72,22.39,22.645,14961,0
CDNL.US,5,20260105,215500,22.7,23,22.59,22.845,22438,0
CDNL.US,5,20260106,153000,22.66,23.1,22.66,22.855,12624,0
CDNL.US,5,20260106,153500,22.855,22.855,22.84,22.855,1763,0
CDNL.US,5,20260106,154000,22.86,22.86,22.86,22.86,300,0
CDNL.US,5,20260106,154500,22.365,22.86,22.365,22.4,1393,0
CDNL.US,5,20260106,155000,22.41,22.41,22.24,22.24,9118,0
CDNL.US,5,20260106,155500,22.3,22.51,22.07,22.105,93354,0
CDNL.US,5,20260106,160000,22.105,22.105,22,22.01,3280,0
CDNL.US,5,20260106,160500,22.01,22.2,22,22.09,4098,0
CDNL.US,5,20260106,161000,22.05,22.315,22.02,22.08,2926,0
CDNL.US,5,20260106,161500,22.09,22.29,22.035,22.11,1000,0
CDNL.US,5,20260106,162000,22.16,22.3527,22.16,22.3527,3875,0
CDNL.US,5,20260106,162500,22.295,22.4625,22.2,22.355,700,0
CDNL.US,5,20260106,163000,22.27,22.56,22.2,22.308,4304,0
CDNL.US,5,20260106,163500,22.14,22.18,22.09,22.1,600,0
CDNL.US,5,20260106,164000,22.11,22.11,22.11,22.11,200,0
CDNL.US,5,20260106,164500,22.12,22.26,22.09,22.09,90700,0
CDNL.US,5,20260106,165000,22.29,22.3187,22.08,22.25,4721,0
CDNL.US,5,20260106,165500,22.13,22.25,22.13,22.25,300,0
CDNL.US,5,20260106,170500,22.15,22.15,22.13,22.13,200,0
CDNL.US,5,20260106,171000,22.21,22.295,22.125,22.295,2405,0
CDNL.US,5,20260106,171500,22.14,22.49,22.14,22.49,200,0
CDNL.US,5,20260106,172000,22.185,22.2,22.105,22.105,1200,0
CDNL.US,5,20260106,172500,22.2,22.237,22.105,22.105,712,0
CDNL.US,5,20260106,173000,22.15,22.15,22.105,22.105,200,0
CDNL.US,5,20260106,173500,22.19,22.19,22.19,22.19,200,0
CDNL.US,5,20260106,174000,22.09,22.15,22.09,22.15,500,0
CDNL.US,5,20260106,174500,22.15,22.28,22.12,22.12,1244,0
CDNL.US,5,20260106,175000,22.09,22.09,22.09,22.09,100,0
CDNL.US,5,20260106,175500,22.29,22.29,22.1,22.1,1099,0
CDNL.US,5,20260106,180500,22.08,22.08,22.08,22.08,100,0
CDNL.US,5,20260106,181500,22.08,22.08,22.08,22.08,100,0
CDNL.US,5,20260106,182000,22.08,22.1,22.08,22.1,333,0
CDNL.US,5,20260106,182500,22.275,22.28,22.2,22.28,62304,0
CDNL.US,5,20260106,183000,22.49,22.5,22.3,22.325,49909,0
CDNL.US,5,20260106,183500,22.19,22.19,22.19,22.19,210,0
CDNL.US,5,20260106,184000,22.13,22.2,22.12,22.12,902,0
CDNL.US,5,20260106,184500,22.15,22.2,22.14,22.16,1852,0
CDNL.US,5,20260106,185000,22.15,22.2,22.12,22.13,1100,0
CDNL.US,5,20260106,185500,22.12,22.35,22.12,22.35,725,0
CDNL.US,5,20260106,190000,22.21,22.21,22.12,22.12,1001,0
CDNL.US,5,20260106,190500,22.15,22.15,22.14,22.14,200,0
CDNL.US,5,20260106,191000,22.2692,22.2692,22.14,22.14,747,0
CDNL.US,5,20260106,191500,22.19,22.3,22.12,22.27,2836,0
CDNL.US,5,20260106,192000,22.29,22.37,22.29,22.315,2815,0
CDNL.US,5,20260106,192500,22.4,22.4,22.2179,22.22,400,0
CDNL.US,5,20260106,193000,22.497,22.497,22.4025,22.4025,600,0
CDNL.US,5,20260106,193500,22.34,22.34,22.27,22.27,200,0
CDNL.US,5,20260106,194000,22.3,22.35,22.25,22.25,500,0
CDNL.US,5,20260106,194500,22.36,22.36,22.25,22.28,1598,0
CDNL.US,5,20260106,195000,22.29,22.47,22.2,22.2,1200,0
CDNL.US,5,20260106,195500,22.245,22.245,22.13,22.16,1194,0
CDNL.US,5,20260106,200000,22.15,22.15,22.15,22.15,200,0
CDNL.US,5,20260106,200500,22.23,22.24,22.14,22.24,500,0
CDNL.US,5,20260106,201000,22.34,22.34,22.17,22.18,500,0
CDNL.US,5,20260106,201500,22.185,22.34,22.185,22.34,1450,0
CDNL.US,5,20260106,202000,22.2,22.31,22.18,22.31,500,0
CDNL.US,5,20260106,202500,22.23,22.26,22.19,22.26,700,0
CDNL.US,5,20260106,203000,22.34,22.34,22.13,22.14,1100,0
CDNL.US,5,20260106,203500,22.2,22.2,22.11,22.11,800,0
CDNL.US,5,20260106,204000,22.165,22.35,22.11,22.23,1968,0
CDNL.US,5,20260106,204500,22.33,22.33,22.33,22.33,110,0
CDNL.US,5,20260106,205000,22.2,22.44,22.2,22.32,6316,0
CDNL.US,5,20260106,205500,22.34,22.34,22.25,22.25,1200,0
CDNL.US,5,20260106,210000,22.15,22.15,22.15,22.15,100,0
CDNL.US,5,20260106,210500,22.155,22.205,22.15,22.15,936,0
CDNL.US,5,20260106,211000,22.16,22.185,22.15,22.17,710,0
CDNL.US,5,20260106,211500,22.17,22.17,22.12,22.13,1100,0
CDNL.US,5,20260106,212000,22.09,22.13,22.06,22.07,1322,0
CDNL.US,5,20260106,212500,22.06,22.08,22,22.02,13695,0
CDNL.US,5,20260106,213000,22.03,22.07,22.02,22.04,1600,0
CDNL.US,5,20260106,213500,22.1,22.1,22.02,22.03,9118,0
CDNL.US,5,20260106,214000,22.03,22.11,22.02,22.03,1755,0
CDNL.US,5,20260106,214500,22.085,22.1,22.03,22.03,1711,0
CDNL.US,5,20260106,215000,22.02,22.07,22,22.035,8515,0
CDNL.US,5,20260106,215500,22.03,22.115,21.98,22.04,21843,0
CDNL.US,5,20260107,153000,22,22.44,22,22.44,27363,0
CDNL.US,5,20260107,153500,22.3,22.51,22,22.11,24666,0
CDNL.US,5,20260107,154000,22.17,22.17,22.04,22.05,300,0
CDNL.US,5,20260107,154500,22.05,22.17,22.01,22.02,1355,0
CDNL.US,5,20260107,155000,22.04,22.26,22.04,22.07,532,0
CDNL.US,5,20260107,155500,22.165,22.165,22.015,22.03,800,0
CDNL.US,5,20260107,160000,22.15,22.15,22.03,22.03,300,0
CDNL.US,5,20260107,160500,22.165,22.165,22.03,22.03,300,0
CDNL.US,5,20260107,161000,22.04,22.115,22.03,22.04,1101,0
CDNL.US,5,20260107,161500,22.115,22.16,22,22.06,10339,0
CDNL.US,5,20260107,162000,22.06,22.11,22,22.05,13311,0
CDNL.US,5,20260107,162500,22.04,22.04,22.04,22.04,100,0
CDNL.US,5,20260107,163000,22.04,22.1,22.04,22.05,609,0
CDNL.US,5,20260107,163500,22.065,22.065,22.02,22.02,1545,0
CDNL.US,5,20260107,164000,22.02,22.04,22,22,14965,0
CDNL.US,5,20260107,164500,22.03,22.06,22.02,22.025,1124,0
CDNL.US,5,20260107,165000,22.09,22.09,22.04,22.09,1619,0
CDNL.US,5,20260107,165500,22.14,22.175,22.05,22.175,1400,0
CDNL.US,5,20260107,170000,22.175,22.18,22.16,22.16,500,0
CDNL.US,5,20260107,170500,22.18,22.305,22.18,22.3,2375,0
CDNL.US,5,20260107,171000,22.26,22.335,22.18,22.335,1911,0
CDNL.US,5,20260107,171500,22.23,22.37,22.155,22.155,1400,0
CDNL.US,5,20260107,172000,22.155,22.31,22.155,22.245,4000,0
CDNL.US,5,20260107,172500,22.3,22.3,22.185,22.185,1300,0
CDNL.US,5,20260107,173000,22.29,22.45,22.16,22.45,1744,0
CDNL.US,5,20260107,173500,22.59,22.725,22.39,22.725,1600,0
CDNL.US,5,20260107,174000,22.695,22.695,22.6541,22.695,600,0
CDNL.US,5,20260107,174500,22.695,22.9,22.695,22.83,1357,0
CDNL.US,5,20260107,175000,22.83,22.9,22.7,22.83,105420,0
CDNL.US,5,20260107,175500,22.735,23.12,22.735,22.95,16126,0
CDNL.US,5,20260107,180000,22.95,23.19,22.84,22.84,15219,0
CDNL.US,5,20260107,180500,23.0025,23.21,22.93,23.02,27100,0
CDNL.US,5,20260107,181000,22.93,22.99,22.86,22.9,1100,0
CDNL.US,5,20260107,181500,22.92,23.02,22.7521,22.795,61325,0
CDNL.US,5,20260107,182000,22.7775,23.12,22.7775,22.815,3455,0
CDNL.US,5,20260107,182500,22.8,22.98,22.8,22.86,1298,0
CDNL.US,5,20260107,183000,22.8,22.8,22.8,22.8,200,0
CDNL.US,5,20260107,183500,22.85,22.855,22.85,22.855,900,0
CDNL.US,5,20260107,184000,22.855,22.86,22.8496,22.86,1880,0
CDNL.US,5,20260107,184500,22.86,23.06,22.86,22.995,2714,0
CDNL.US,5,20260107,185000,23.03,23.11,22.87,22.925,12466,0
CDNL.US,5,20260107,185500,22.96,22.96,22.805,22.81,3190,0
CDNL.US,5,20260107,190000,22.775,22.832,22.76,22.832,600,0
CDNL.US,5,20260107,190500,22.805,22.805,22.74,22.75,1000,0
CDNL.US,5,20260107,191000,22.805,22.82,22.72,22.82,1100,0
CDNL.US,5,20260107,191500,22.72,22.935,22.63,22.74,3395,0
CDNL.US,5,20260107,192000,22.75,22.75,22.74,22.74,400,0
CDNL.US,5,20260107,192500,22.74,22.89,22.74,22.89,500,0
CDNL.US,5,20260107,193000,22.8,23.215,22.77,23.21,3154,0
CDNL.US,5,20260107,193500,23.175,23.175,22.985,22.985,11009,0
CDNL.US,5,20260107,194000,22.985,23.115,22.985,22.985,21368,0
CDNL.US,5,20260107,194500,22.8701,23.2,22.8701,23.09,600,0
CDNL.US,5,20260107,195000,23.2,23.2,23.06,23.19,1249,0
CDNL.US,5,20260107,195500,23.06,23.25,23.06,23.1,7139,0
CDNL.US,5,20260107,200000,23.24,23.24,23.09,23.09,400,0
CDNL.US,5,20260107,200500,23.1,23.2,22.95,23.01,600,0
CDNL.US,5,20260107,201000,23.02,23.04,23,23,500,0
CDNL.US,5,20260107,201500,22.98,23.045,22.98,22.99,17200,0
CDNL.US,5,20260107,202000,22.935,23.08,22.86,23.08,600,0
CDNL.US,5,20260107,202500,22.925,23.05,22.885,22.885,1076,0
CDNL.US,5,20260107,203000,23.09,23.09,22.88,22.935,500,0
CDNL.US,5,20260107,203500,23.13,23.13,22.935,22.9525,700,0
CDNL.US,5,20260107,204000,23.09,23.09,22.89,23,1020,0
CDNL.US,5,20260107,204500,22.985,23.08,22.985,23,1847,0
CDNL.US,5,20260107,205000,23.2456,23.2456,23.03,23.03,467,0
CDNL.US,5,20260107,205500,22.85,23.1,22.85,23.07,1200,0
CDNL.US,5,20260107,210000,23.06,23.1,23,23.03,644,0
CDNL.US,5,20260107,210500,23.05,23.05,23.05,23.05,100,0
CDNL.US,5,20260107,211000,23.06,23.2,23.06,23.2,1235,0
CDNL.US,5,20260107,211500,23.13,23.5,23.13,23.45,9710,0
CDNL.US,5,20260107,212000,23.45,23.45,23.06,23.28,7731,0
CDNL.US,5,20260107,212500,23.06,23.397,23.06,23.397,700,0
CDNL.US,5,20260107,213000,23.29,23.3,23.29,23.29,500,0
CDNL.US,5,20260107,213500,23.2,23.44,23.19,23.3,3085,0
CDNL.US,5,20260107,214000,23.06,23.38,22.96,23.38,1600,0
CDNL.US,5,20260107,214500,23.085,23.31,23.06,23.3,4600,0
CDNL.US,5,20260107,215000,23.49,23.8,23.395,23.78,13665,0
CDNL.US,5,20260107,215500,23.685,23.685,23.4,23.64,50950,0
CDNL.US,5,20260108,153000,23.18,23.18,23.18,23.18,431,0
CDNL.US,5,20260108,154500,23.07,23.397,23.07,23.07,1511,0
CDNL.US,5,20260108,155000,23.07,23.22,22.83,23.04,600,0
CDNL.US,5,20260108,155500,23.09,23.09,22.93,22.93,15200,0
CDNL.US,5,20260108,160000,22.94,23.09,22.66,22.66,1055,0
CDNL.US,5,20260108,160500,22.79,22.85,22.675,22.675,3500,0
CDNL.US,5,20260108,161000,22.675,22.675,22.52,22.53,500,0
CDNL.US,5,20260108,161500,22.52,22.85,22.52,22.83,3473,0
CDNL.US,5,20260108,162000,22.6775,22.6775,22.675,22.675,300,0
CDNL.US,5,20260108,162500,22.675,22.82,22.675,22.675,400,0
CDNL.US,5,20260108,163000,22.79,23.01,22.765,23.01,2100,0
CDNL.US,5,20260108,163500,22.915,22.915,22.915,22.915,200,0
CDNL.US,5,20260108,164000,22.915,22.915,22.65,22.915,500,0
CDNL.US,5,20260108,164500,22.92,23,22.805,22.98,1702,0
CDNL.US,5,20260108,165000,22.97,23,22.805,22.855,974,0
CDNL.US,5,20260108,165500,22.995,22.995,22.855,22.855,300,0
CDNL.US,5,20260108,170000,22.855,22.99,22.85,22.85,800,0
CDNL.US,5,20260108,170500,22.98,22.98,22.85,22.85,742,0
CDNL.US,5,20260108,171000,22.85,22.95,22.825,22.825,1606,0
CDNL.US,5,20260108,171500,22.76,22.91,22.71,22.71,327,0
CDNL.US,5,20260108,172000,22.668,22.84,22.668,22.84,1050,0
CDNL.US,5,20260108,172500,22.71,23.09,22.71,23,2292,0
CDNL.US,5,20260108,173000,23.07,23.07,22.795,22.84,300,0
CDNL.US,5,20260108,173500,23.09,23.09,23.09,23.09,100,0
CDNL.US,5,20260108,174000,23.05,23.09,23.03,23.08,853,0
CDNL.US,5,20260108,174500,22.93,22.93,22.93,22.93,100,0
CDNL.US,5,20260108,175000,23.03,23.075,22.795,22.795,500,0
CDNL.US,5,20260108,175500,22.845,22.845,22.845,22.845,100,0
CDNL.US,5,20260108,180000,22.845,22.845,22.845,22.845,100,0
CDNL.US,5,20260108,180500,23.09,23.09,22.845,23.06,1205,0
CDNL.US,5,20260108,181000,23,23.01,22.92,22.92,500,0
CDNL.US,5,20260108,181500,22.92,22.92,22.92,22.92,100,0
CDNL.US,5,20260108,182000,22.92,22.92,22.92,22.92,200,0
CDNL.US,5,20260108,182500,22.77,23,22.75,22.75,1196,0
CDNL.US,5,20260108,183000,23,23,23,23,100,0
CDNL.US,5,20260108,183500,22.98,22.99,22.875,22.875,466,0
CDNL.US,5,20260108,184000,22.97,22.97,22.97,22.97,100,0
CDNL.US,5,20260108,185000,22.99,22.99,22.775,22.775,300,0
CDNL.US,5,20260108,185500,22.875,22.875,22.875,22.875,100,0
CDNL.US,5,20260108,190000,22.99,22.99,22.88,22.88,408,0
CDNL.US,5,20260108,190500,22.875,22.875,22.875,22.875,200,0
CDNL.US,5,20260108,191000,22.76,22.88,22.76,22.88,2973,0
CDNL.US,5,20260108,191500,22.93,22.93,22.93,22.93,800,0
CDNL.US,5,20260108,192000,22.9,22.9,22.9,22.9,100,0
CDNL.US,5,20260108,192500,22.88,23.09,22.88,22.955,2382,0
CDNL.US,5,20260108,193000,22.985,23.04,22.92,23,1100,0
CDNL.US,5,20260108,193500,22.975,22.975,22.975,22.975,300,0
CDNL.US,5,20260108,194000,22.975,23,22.975,23,448,0
CDNL.US,5,20260108,194500,23,23.12,22.98,23.12,3089,0
CDNL.US,5,20260108,195000,23.25,23.25,23.24,23.24,300,0
CDNL.US,5,20260108,195500,23.07,23.07,23.07,23.07,423,0
CDNL.US,5,20260108,200000,23.24,23.24,23.13,23.155,1430,0
CDNL.US,5,20260108,200500,23.085,23.085,23.085,23.085,100,0
CDNL.US,5,20260108,201000,23.085,23.085,23.085,23.085,100,0
CDNL.US,5,20260108,201500,23.085,23.125,22.965,23.05,1630,0
CDNL.US,5,20260108,202000,23.08,23.08,22.95,23.08,615,0
CDNL.US,5,20260108,202500,23.08,23.095,22.75,23.095,3507,0
CDNL.US,5,20260108,203500,23.05,23.05,23.05,23.05,100,0
CDNL.US,5,20260108,204000,23.0108,23.18,22.905,22.905,550,0
CDNL.US,5,20260108,204500,22.91,23.05,22.91,23.03,725,0
CDNL.US,5,20260108,205000,22.91,23.03,22.905,22.94,400,0
CDNL.US,5,20260108,205500,23,23,22.905,23,691,0
CDNL.US,5,20260108,210000,23,23,22.82,22.89,19742,0
CDNL.US,5,20260108,210500,22.72,22.72,22.375,22.375,2318,0
CDNL.US,5,20260108,211000,22.375,22.73,22.375,22.46,5376,0
CDNL.US,5,20260108,211500,22.46,22.69,22.46,22.46,700,0
CDNL.US,5,20260108,212000,22.46,22.9,22.45,22.735,3544,0
CDNL.US,5,20260108,212500,22.735,22.78,22.395,22.595,2722,0
CDNL.US,5,20260108,213000,22.495,22.63,22.39,22.39,2301,0
CDNL.US,5,20260108,213500,22.39,22.61,22.39,22.39,1900,0
CDNL.US,5,20260108,214000,22.485,22.49,22.36,22.43,4478,0
CDNL.US,5,20260108,214500,22.43,22.43,22.37,22.415,2726,0
CDNL.US,5,20260108,215000,22.415,22.585,22.415,22.58,4545,0
CDNL.US,5,20260108,215500,22.515,22.96,22.31,22.95,37602,0
