<TICKER>,<PER>,<DATE>,<TIME>,<OPEN>,<HIGH>,<LOW>,<CLOSE>,<VOL>,<OPENINT>
CIFG.US,5,20251212,153000,15,15.43,15,15.43,400,0
CIFG.US,5,20251212,153500,15.65,15.65,15.65,15.65,100,0
CIFG.US,5,20251212,154000,15.29,15.29,15.29,15.29,100,0
CIFG.US,5,20251212,160000,16.08,16.08,15.89,15.89,200,0
CIFG.US,5,20251212,160500,15.93,15.93,15.6,15.6,200,0
CIFG.US,5,20251212,162000,15.63,15.63,15.63,15.63,132,0
CIFG.US,5,20251212,162500,15.63,15.63,15.63,15.63,100,0
CIFG.US,5,20251212,163500,14.97,14.97,14.97,14.97,100,0
CIFG.US,5,20251212,165000,14.96,14.96,14.96,14.96,100,0
CIFG.US,5,20251212,170000,14.43,14.46,14.3,14.3,600,0
CIFG.US,5,20251212,191000,14.12,14.13,14.12,14.13,488,0
CIFG.US,5,20251212,191500,13.76,13.76,13.76,13.76,200,0
CIFG.US,5,20251212,192000,13.821,13.83,13.821,13.83,488,0
CIFG.US,5,20251212,192500,14.015,14.17,14.015,14.17,488,0
CIFG.US,5,20251212,194500,14.23,14.23,14.04,14.04,488,0
CIFG.US,5,20251215,153000,11.56,11.56,11.54,11.54,200,0
CIFG.US,5,20251215,155000,9.82,9.82,9.51,9.61,300,0
CIFG.US,5,20251215,161500,9.42,9.43,9.42,9.43,400,0
CIFG.US,5,20251215,164000,9.34,9.45,9.34,9.45,12949,0
CIFG.US,5,20251215,165000,10.09,10.09,9.47,9.47,13100,0
CIFG.US,5,20251215,170500,9.65,9.79,9.625,9.79,773,0
CIFG.US,5,20251215,171000,9.86,9.86,9.86,9.86,954,0
CIFG.US,5,20251215,172000,10.049,10.049,10.049,10.049,388,0
CIFG.US,5,20251215,172500,10.02,10.02,10.02,10.02,300,0
CIFG.US,5,20251215,175000,9.62,9.62,9.62,9.62,500,0
CIFG.US,5,20251215,181000,9.589,9.589,9.51,9.51,1288,0
CIFG.US,5,20251215,182500,9.535,9.7,9.535,9.67,600,0
CIFG.US,5,20251215,192000,9.38,9.38,9.38,9.38,100,0
CIFG.US,5,20251215,194500,9.33,9.33,9.33,9.33,288,0
CIFG.US,5,20251215,195500,9.4601,9.4601,9.4601,9.4601,273,0
CIFG.US,5,20251215,202500,9.83,9.83,9.83,9.83,100,0
CIFG.US,5,20251215,203000,9.75,9.75,9.7449,9.7449,389,0
CIFG.US,5,20251215,212000,9.29,9.29,9.22,9.22,988,0
CIFG.US,5,20251215,213500,9.065,9.065,9.01,9.01,200,0
CIFG.US,5,20251215,215000,9.014,9.06,9.014,9.06,14700,0
CIFG.US,5,20251215,215500,9.1681,9.1681,9.1681,9.1681,100,0
CIFG.US,5,20251216,155000,8.969,8.969,8.969,8.969,1000,0
CIFG.US,5,20251216,160500,8.79,8.79,8.79,8.79,3700,0
CIFG.US,5,20251216,161000,8.52,8.545,8.49,8.525,5956,0
CIFG.US,5,20251216,163500,8.2,8.2,8.2,8.2,14695,0
CIFG.US,5,20251216,165000,8.369,8.37,8.369,8.37,688,0
CIFG.US,5,20251216,165500,8.2453,8.2453,8.2453,8.2453,389,0
CIFG.US,5,20251216,181500,8.2953,8.2953,8.2953,8.2953,101,0
CIFG.US,5,20251216,182000,8.27,8.27,8.27,8.27,1800,0
CIFG.US,5,20251216,182500,8.21,8.21,8.21,8.21,310,0
CIFG.US,5,20251216,192000,7.9,7.9,7.81,7.81,1297,0
CIFG.US,5,20251216,195000,8.27,8.27,8.27,8.27,978,0
CIFG.US,5,20251216,202500,8.5,8.5,8.5,8.5,100,0
CIFG.US,5,20251216,204000,8.5069,8.5069,8.5069,8.5069,1200,0
CIFG.US,5,20251216,204500,8.58,8.58,8.58,8.58,100,0
CIFG.US,5,20251216,205500,8.93,8.93,8.93,8.93,100,0
CIFG.US,5,20251216,210000,9.32,9.32,9.3185,9.3185,1000,0
CIFG.US,5,20251216,211500,8.96,8.96,8.96,8.96,100,0
CIFG.US,5,20251216,212000,9.1592,9.1592,9.1592,9.1592,373,0
CIFG.US,5,20251216,212500,9.27,9.27,9.27,9.27,100,0
CIFG.US,5,20251216,213000,9.36,9.41,9.28,9.41,1800,0
CIFG.US,5,20251216,214500,9.321,9.33,9.321,9.33,999,0
CIFG.US,5,20251216,215000,9.54,9.54,9.54,9.54,100,0
CIFG.US,5,20251216,215500,9.44,9.44,9.44,9.44,200,0
CIFG.US,5,20251217,153000,10.39,10.47,10.35,10.45,1135,0
CIFG.US,5,20251217,153500,10.23,10.23,10.0888,10.0888,1500,0
CIFG.US,5,20251217,154000,9.815,9.815,9.815,9.815,100,0
CIFG.US,5,20251217,154500,9.63,9.63,9.58,9.58,200,0
CIFG.US,5,20251217,155000,9.56,9.56,9.56,9.56,100,0
CIFG.US,5,20251217,155500,10.119,10.2573,10.119,10.2573,801,0
CIFG.US,5,20251217,160000,10.34,10.34,10.34,10.34,488,0
CIFG.US,5,20251217,161000,10.3239,10.3239,10.21,10.25,939,0
CIFG.US,5,20251217,161500,10.4116,10.4116,10.32,10.32,788,0
CIFG.US,5,20251217,163500,10.2267,10.23,10.2267,10.23,3447,0
CIFG.US,5,20251217,164500,9.9607,10.03,9.951,10.03,1100,0
CIFG.US,5,20251217,170000,9.36,9.39,9.36,9.39,200,0
CIFG.US,5,20251217,170500,9.58,9.58,9.58,9.58,100,0
CIFG.US,5,20251217,171000,9.51,9.51,9.51,9.51,377,0
CIFG.US,5,20251217,172000,9.24,9.24,9.24,9.24,1000,0
CIFG.US,5,20251217,174000,9.38,9.38,9.38,9.38,100,0
CIFG.US,5,20251217,174500,9.39,9.39,9.39,9.39,100,0
CIFG.US,5,20251217,175000,9.46,9.55,9.46,9.55,200,0
CIFG.US,5,20251217,175500,9.82,9.87,9.82,9.84,1288,0
CIFG.US,5,20251217,180000,9.73,9.73,9.5,9.511,1743,0
CIFG.US,5,20251217,180500,9.54,9.54,9.54,9.54,100,0
CIFG.US,5,20251217,181500,9.92,9.92,9.92,9.92,211,0
CIFG.US,5,20251217,182500,9.92,9.92,9.92,9.92,100,0
CIFG.US,5,20251217,183000,9.9795,9.98,9.9795,9.98,1000,0
CIFG.US,5,20251217,183500,9.99,9.99,9.99,9.99,100,0
CIFG.US,5,20251217,190000,9.99,9.99,9.99,9.99,311,0
CIFG.US,5,20251217,191500,9.65,9.65,9.62,9.65,1262,0
CIFG.US,5,20251217,193000,9.83,9.83,9.83,9.83,100,0
CIFG.US,5,20251217,193500,9.6602,9.6602,9.6602,9.6602,100,0
CIFG.US,5,20251217,201500,9.49,9.49,9.49,9.49,100,0
CIFG.US,5,20251217,210000,9.35,9.37,9.35,9.37,200,0
CIFG.US,5,20251217,212500,9.3037,9.3037,9.3037,9.3037,377,0
CIFG.US,5,20251217,213000,9.28,9.28,9.11,9.11,600,0
CIFG.US,5,20251217,214000,9.0171,9.02,9.0171,9.02,200,0
CIFG.US,5,20251217,214500,9.0693,9.0693,9.06,9.06,600,0
CIFG.US,5,20251217,215000,9.01,9.03,8.76,8.76,3855,0
CIFG.US,5,20251217,215500,8.642,8.642,8.641,8.641,600,0
CIFG.US,5,20251218,153000,9.9901,10.51,9.9901,10.39,9320,0
CIFG.US,5,20251218,153500,10.25,10.25,10.21,10.21,300,0
CIFG.US,5,20251218,154000,10.2,10.2,10.02,10.02,307,0
CIFG.US,5,20251218,154500,10.01,10.01,10.01,10.01,100,0
CIFG.US,5,20251218,155500,9.75,9.92,9.75,9.92,1100,0
CIFG.US,5,20251218,161000,9.45,9.45,9.38,9.38,1800,0
CIFG.US,5,20251218,162500,9.68,9.68,9.68,9.68,500,0
CIFG.US,5,20251218,163500,9.93,10.08,9.93,10.08,10312,0
CIFG.US,5,20251218,164500,10.0395,10.04,10.0395,10.04,930,0
CIFG.US,5,20251218,170000,9.56,9.56,9.54,9.54,1100,0
CIFG.US,5,20251218,170500,9.5593,9.56,9.5593,9.56,3609,0
CIFG.US,5,20251218,171000,9.53,9.53,9.5,9.5,630,0
CIFG.US,5,20251218,173000,9.6307,9.6307,9.63,9.63,3609,0
CIFG.US,5,20251218,174500,9.72,9.8599,9.72,9.84,1200,0
CIFG.US,5,20251218,180000,9.61,9.61,9.61,9.61,100,0
CIFG.US,5,20251218,181000,9.4,9.4,9.341,9.341,1100,0
CIFG.US,5,20251218,195000,9.6,9.6,9.6,9.6,3547,0
CIFG.US,5,20251218,195500,9.7,9.7,9.6977,9.6977,960,0
CIFG.US,5,20251218,201000,9.61,9.61,9.61,9.61,100,0
CIFG.US,5,20251218,201500,9.58,9.58,9.58,9.58,1074,0
CIFG.US,5,20251218,202500,9.58,9.58,9.58,9.58,200,0
CIFG.US,5,20251218,203500,9.57,9.57,9.57,9.57,100,0
CIFG.US,5,20251218,204500,9.3605,9.3605,9.36,9.36,3500,0
CIFG.US,5,20251218,210000,9.44,9.44,9.44,9.44,100,0
CIFG.US,5,20251218,214000,9.55,9.55,9.55,9.55,5080,0
CIFG.US,5,20251218,215500,9.65,9.65,9.64,9.64,400,0
CIFG.US,5,20251219,153000,10.08,10.13,10.08,10.13,2473,0
CIFG.US,5,20251219,161500,10.5,10.5,10.5,10.5,2300,0
CIFG.US,5,20251219,162000,10.64,10.64,10.64,10.64,400,0
CIFG.US,5,20251219,162500,10.6,10.6,10.51,10.51,1500,0
CIFG.US,5,20251219,163000,10.56,10.56,10.56,10.56,5000,0
CIFG.US,5,20251219,165500,10.739,10.859,10.739,10.859,1100,0
CIFG.US,5,20251219,171000,10.91,11.03,10.91,11.03,600,0
CIFG.US,5,20251219,172000,11.1495,11.199,11.1495,11.199,1448,0
CIFG.US,5,20251219,172500,11.22,11.22,11.22,11.22,100,0
CIFG.US,5,20251219,173000,11.2825,11.2825,11.2825,11.2825,927,0
CIFG.US,5,20251219,173500,11.22,11.22,11.22,11.22,2000,0
CIFG.US,5,20251219,174000,11.0599,11.06,11.0599,11.0599,813,0
CIFG.US,5,20251219,175000,10.79,10.79,10.79,10.79,100,0
CIFG.US,5,20251219,175500,10.697,10.697,10.6,10.6,846,0
CIFG.US,5,20251219,180500,10.8781,10.8781,10.8781,10.8781,434,0
CIFG.US,5,20251219,182000,10.88,10.88,10.88,10.88,2213,0
CIFG.US,5,20251219,183500,10.85,10.88,10.85,10.87,1300,0
CIFG.US,5,20251219,192000,10.78,10.78,10.78,10.78,200,0
CIFG.US,5,20251219,194000,10.65,10.65,10.65,10.65,4405,0
CIFG.US,5,20251219,195000,10.64,10.64,10.64,10.64,200,0
CIFG.US,5,20251219,205000,10.7578,10.7578,10.7578,10.7578,500,0
CIFG.US,5,20251219,210000,10.83,10.83,10.83,10.83,100,0
CIFG.US,5,20251219,210500,10.859,10.859,10.82,10.82,867,0
CIFG.US,5,20251219,215000,10.98,10.98,10.98,10.98,100,0
CIFG.US,5,20251219,215500,10.9806,10.9806,10.9806,10.9806,500,0
CIFG.US,5,20251222,153000,11.65,11.8187,11.39,11.39,1903,0
CIFG.US,5,20251222,153500,11.725,11.725,11.41,11.41,355,0
CIFG.US,5,20251222,154000,11.455,11.455,11.455,11.455,100,0
CIFG.US,5,20251222,154500,11.6699,11.6699,11.6699,11.6699,141,0
CIFG.US,5,20251222,155000,11.87,11.87,11.87,11.87,100,0
CIFG.US,5,20251222,160000,11.96,12.02,11.96,12.02,900,0
CIFG.US,5,20251222,160500,12.149,12.149,12.149,12.149,1000,0
CIFG.US,5,20251222,161000,12.238,12.238,12.04,12.04,1050,0
CIFG.US,5,20251222,161500,12.11,12.11,12.11,12.11,150,0
CIFG.US,5,20251222,162500,12.12,12.139,12.119,12.139,2165,0
CIFG.US,5,20251222,163000,11.96,11.96,11.9,11.9,743,0
CIFG.US,5,20251222,164000,11.7373,11.7373,11.7,11.7,655,0
CIFG.US,5,20251222,165000,11.7,11.7,11.69,11.69,1993,0
CIFG.US,5,20251222,165500,11.78,11.78,11.75,11.75,400,0
CIFG.US,5,20251222,171500,11.95,11.95,11.95,11.95,1578,0
CIFG.US,5,20251222,172500,11.85,11.89,11.85,11.89,1628,0
CIFG.US,5,20251222,173000,11.89,11.89,11.89,11.89,235,0
CIFG.US,5,20251222,180000,12.21,12.21,12.21,12.21,1288,0
CIFG.US,5,20251222,180500,12.04,12.04,12.04,12.04,200,0
CIFG.US,5,20251222,181000,12.04,12.04,12.04,12.04,100,0
CIFG.US,5,20251222,182500,11.89,11.89,11.89,11.89,150,0
CIFG.US,5,20251222,183000,11.85,11.85,11.85,11.85,200,0
CIFG.US,5,20251222,185500,12.12,12.12,12.12,12.12,451,0
CIFG.US,5,20251222,190500,11.89,11.89,11.89,11.89,150,0
CIFG.US,5,20251222,191500,11.805,11.805,11.7,11.7,450,0
CIFG.US,5,20251222,192000,11.6001,11.6001,11.6,11.6,200,0
CIFG.US,5,20251222,192500,11.6,11.6,11.6,11.6,451,0
CIFG.US,5,20251222,200000,11.58,11.6,11.58,11.6,200,0
CIFG.US,5,20251222,203500,11.56,11.56,11.515,11.515,200,0
CIFG.US,5,20251222,204000,11.41,11.41,11.36,11.38,1300,0
CIFG.US,5,20251222,212000,11.26,11.26,11.25,11.25,1214,0
CIFG.US,5,20251222,214000,11.26,11.26,11.25,11.25,250,0
CIFG.US,5,20251222,214500,11.29,11.29,11.29,11.29,150,0
CIFG.US,5,20251222,215500,11.08,11.08,11.08,11.08,1000,0
CIFG.US,5,20251223,153000,10.53,10.625,10.52,10.625,485,0
CIFG.US,5,20251223,153500,11.15,11.15,11.15,11.15,343,0
CIFG.US,5,20251223,154500,11.6,11.6,11.6,11.6,100,0
CIFG.US,5,20251223,155000,11.66,11.66,11.66,11.66,245,0
CIFG.US,5,20251223,155500,11.16,11.16,11.16,11.16,100,0
CIFG.US,5,20251223,161500,10.97,10.97,10.97,10.97,300,0
CIFG.US,5,20251223,162000,11.39,11.39,11.278,11.278,315,0
CIFG.US,5,20251223,162500,11.2879,11.2879,11.2879,11.2879,165,0
CIFG.US,5,20251223,163000,11.25,11.25,11.25,11.25,100,0
CIFG.US,5,20251223,164000,11.42,11.42,11.42,11.42,100,0
CIFG.US,5,20251223,173500,11.03,11.03,11.03,11.03,100,0
CIFG.US,5,20251223,175000,11.13,11.16,11.13,11.16,200,0
CIFG.US,5,20251223,180500,11.33,11.33,11.33,11.33,100,0
CIFG.US,5,20251223,181500,11.09,11.09,11.09,11.09,455,0
CIFG.US,5,20251223,184500,11.02,11.02,11.02,11.02,100,0
CIFG.US,5,20251223,185000,10.88,10.88,10.88,10.88,100,0
CIFG.US,5,20251223,202500,10.54,10.54,10.54,10.54,100,0
CIFG.US,5,20251223,204500,10.27,10.27,10.27,10.27,100,0
CIFG.US,5,20251223,215500,10.52,10.56,10.52,10.55,19954,0
CIFG.US,5,20251224,153500,10.58,10.58,10.58,10.58,100,0
CIFG.US,5,20251224,154000,11.11,11.11,11.11,11.11,100,0
CIFG.US,5,20251224,154500,10.68,10.68,10.68,10.68,200,0
CIFG.US,5,20251224,161000,10.43,10.43,10.43,10.43,100,0
CIFG.US,5,20251224,161500,10.56,10.56,10.56,10.56,100,0
CIFG.US,5,20251224,163500,10.51,10.56,10.51,10.56,700,0
CIFG.US,5,20251224,164000,10.6,10.6,10.6,10.6,100,0
CIFG.US,5,20251224,164500,10.58,10.58,10.58,10.58,300,0
CIFG.US,5,20251224,165500,10.58,10.58,10.58,10.58,1000,0
CIFG.US,5,20251224,175000,10.64,10.64,10.64,10.64,10000,0
CIFG.US,5,20251224,180000,10.78,10.78,10.78,10.78,1300,0
CIFG.US,5,20251224,181500,11.07,11.07,11.06,11.07,2000,0
CIFG.US,5,20251224,183000,10.955,10.955,10.955,10.955,1000,0
CIFG.US,5,20251224,184500,10.99,10.99,10.99,10.99,1000,0
CIFG.US,5,20251224,185000,10.82,10.82,10.82,10.82,100,0
CIFG.US,5,20251224,185500,10.95,10.95,10.95,10.95,1250,0
CIFG.US,5,20251226,153000,11.03,11.03,11.03,11.03,102,0
CIFG.US,5,20251226,153500,10.58,10.58,10.58,10.58,100,0
CIFG.US,5,20251226,154500,10.05,10.06,10.05,10.06,200,0
CIFG.US,5,20251226,155000,10.09,10.2,10,10,1084,0
CIFG.US,5,20251226,155500,10.1002,10.1002,10.1002,10.1002,130,0
CIFG.US,5,20251226,160000,9.81,9.81,9.76,9.76,550,0
CIFG.US,5,20251226,172500,10.17,10.195,10.17,10.1704,1000,0
CIFG.US,5,20251226,175500,10.235,10.235,10.235,10.235,500,0
CIFG.US,5,20251226,181000,10.1287,10.1287,10.1287,10.1287,442,0
CIFG.US,5,20251226,182000,10.07,10.07,10.07,10.07,100,0
CIFG.US,5,20251226,194500,9.975,9.975,9.975,9.975,100,0
CIFG.US,5,20251226,203500,9.9,9.96,9.9,9.96,1400,0
CIFG.US,5,20251226,204000,9.98,9.98,9.93,9.98,7400,0
CIFG.US,5,20251226,204500,9.96,9.96,9.96,9.96,383,0
CIFG.US,5,20251226,205500,9.96,9.98,9.83,9.89,11211,0
CIFG.US,5,20251229,153000,8.96,8.96,8.96,8.96,1208,0
CIFG.US,5,20251229,153500,9.8,9.8,9.775,9.775,1664,0
CIFG.US,5,20251229,155500,9.79,9.79,9.79,9.79,100,0
CIFG.US,5,20251229,160000,9.71,9.7108,9.551,9.5635,1980,0
CIFG.US,5,20251229,161500,9.6196,9.6199,9.6196,9.6199,1183,0
CIFG.US,5,20251229,162000,9.43,9.43,9.4001,9.4001,6121,0
CIFG.US,5,20251229,162500,9.42,9.42,9.42,9.42,1000,0
CIFG.US,5,20251229,175500,9.3234,9.33,9.3234,9.33,600,0
CIFG.US,5,20251229,193500,9.235,9.235,9.235,9.235,150,0
CIFG.US,5,20251230,155500,9.35,9.35,9.35,9.35,200,0
CIFG.US,5,20251230,161000,8.86,8.86,8.86,8.86,100,0
CIFG.US,5,20251230,162000,8.975,8.975,8.975,8.975,500,0
CIFG.US,5,20251230,163500,9.5099,9.5099,9.5099,9.5099,500,0
CIFG.US,5,20251230,170500,9.41,9.41,9.41,9.41,100,0
CIFG.US,5,20251230,172000,9.46,9.46,9.46,9.46,100,0
CIFG.US,5,20251230,173500,9.3037,9.3037,9.3037,9.3037,500,0
CIFG.US,5,20251230,190000,9.265,9.265,9.265,9.265,275,0
CIFG.US,5,20251230,203000,9.17,9.17,9.17,9.17,100,0
CIFG.US,5,20251230,203500,9.14,9.14,9.14,9.14,100,0
CIFG.US,5,20251230,204000,9.16,9.16,9.16,9.16,100,0
CIFG.US,5,20251230,204500,9.14,9.14,9.14,9.14,100,0
CIFG.US,5,20251230,205000,9.028,9.0408,9.028,9.0408,930,0
CIFG.US,5,20251230,214000,8.9,8.9,8.9,8.9,100,0
CIFG.US,5,20251231,154500,8.9398,8.9398,8.9398,8.9398,286,0
CIFG.US,5,20251231,160000,8.85,8.85,8.85,8.85,100,0
CIFG.US,5,20251231,161000,8.78,8.78,8.78,8.78,655,0
CIFG.US,5,20251231,162500,8.7899,8.8202,8.7899,8.8202,207,0
CIFG.US,5,20251231,163000,8.88,8.88,8.88,8.88,100,0
CIFG.US,5,20251231,185000,9.18,9.18,9.18,9.18,100,0
CIFG.US,5,20251231,192000,9.13,9.13,9.13,9.13,100,0
CIFG.US,5,20251231,205500,8.95,8.95,8.95,8.95,100,0
CIFG.US,5,20251231,213000,8.8203,8.8203,8.8203,8.8203,1000,0
CIFG.US,5,20251231,214000,8.76,8.76,8.76,8.76,100,0
CIFG.US,5,20251231,215500,9,9,9,9,500,0
CIFG.US,5,20260102,153000,9.19,9.19,9.12,9.12,480,0
CIFG.US,5,20260102,153500,9.07,9.07,9.07,9.07,100,0
CIFG.US,5,20260102,160000,9.9,9.9,9.9,9.9,3000,0
CIFG.US,5,20260102,161000,9.86,9.86,9.86,9.86,100,0
CIFG.US,5,20260102,162500,9.98,9.98,9.98,9.98,100,0
CIFG.US,5,20260102,163000,10.12,10.42,10.1,10.34,16956,0
CIFG.US,5,20260102,163500,10.35,10.425,10.19,10.23,36185,0
CIFG.US,5,20260102,164500,10.61,10.61,10.61,10.61,1500,0
CIFG.US,5,20260102,165000,10.49,10.62,10.49,10.62,1000,0
CIFG.US,5,20260102,165500,10.44,10.44,10.41,10.41,500,0
CIFG.US,5,20260102,170500,10.3539,10.3539,10.3539,10.3539,200,0
CIFG.US,5,20260102,172000,10.59,10.59,10.59,10.59,500,0
CIFG.US,5,20260102,183500,10.8099,10.8099,10.8,10.8,1000,0
CIFG.US,5,20260102,185500,10.59,10.6,10.56,10.6,1582,0
CIFG.US,5,20260102,191000,10.5199,10.52,10.48,10.48,6672,0
CIFG.US,5,20260102,193500,10.57,10.57,10.57,10.57,6172,0
CIFG.US,5,20260102,201500,10.63,10.63,10.63,10.63,1000,0
CIFG.US,5,20260102,204500,10.83,10.84,10.83,10.84,500,0
CIFG.US,5,20260102,215000,10.7,10.7,10.66,10.67,4600,0
CIFG.US,5,20260102,215500,10.64,10.64,10.64,10.64,500,0
CIFG.US,5,20260105,153000,11.22,11.77,11.22,11.77,1205,0
CIFG.US,5,20260105,153500,11.82,11.82,11.82,11.82,1500,0
CIFG.US,5,20260105,154500,11.97,11.97,11.9,11.9,300,0
CIFG.US,5,20260105,155000,12.11,12.16,12.06,12.1,600,0
CIFG.US,5,20260105,160000,11.98,11.98,11.78,11.9742,1300,0
CIFG.US,5,20260105,160500,11.9,11.9,11.9,11.9,100,0
CIFG.US,5,20260105,163000,12.24,12.24,12.24,12.24,100,0
CIFG.US,5,20260105,163500,12.56,12.56,12.56,12.56,900,0
CIFG.US,5,20260105,165000,12.358,12.358,12.358,12.358,100,0
CIFG.US,5,20260105,170000,12.72,12.74,12.72,12.74,222,0
CIFG.US,5,20260105,170500,12.5195,12.5195,12.5195,12.5195,286,0
CIFG.US,5,20260105,171000,12.62,12.63,12.62,12.62,9948,0
CIFG.US,5,20260105,171500,12.708,12.708,12.708,12.708,1500,0
CIFG.US,5,20260105,173000,12.51,12.51,12.51,12.51,200,0
CIFG.US,5,20260105,180000,13.026,13.026,13.026,13.026,100,0
CIFG.US,5,20260105,180500,12.96,12.96,12.96,12.96,100,0
CIFG.US,5,20260105,181500,12.96,12.985,12.96,12.985,287,0
CIFG.US,5,20260105,182000,12.72,12.72,12.72,12.72,200,0
CIFG.US,5,20260105,193500,13.04,13.05,13.04,13.05,400,0
CIFG.US,5,20260105,194000,13.07,13.21,13.01,13.18,2880,0
CIFG.US,5,20260105,194500,13.19,13.33,13.19,13.33,400,0
CIFG.US,5,20260105,200000,13.375,13.375,13.375,13.375,1000,0
CIFG.US,5,20260105,200500,13.37,13.37,13.37,13.37,400,0
CIFG.US,5,20260105,202500,13.3763,13.385,13.3763,13.385,435,0
CIFG.US,5,20260105,203000,13.4078,13.4078,13.4078,13.4078,189,0
CIFG.US,5,20260105,203500,13.25,13.25,13.25,13.25,200,0
CIFG.US,5,20260105,211000,13.6,13.6,13.53,13.6,1850,0
CIFG.US,5,20260105,211500,13.18,13.18,13.18,13.18,100,0
CIFG.US,5,20260105,214000,13.2308,13.2308,13.2308,13.2308,100,0
CIFG.US,5,20260105,214500,13.1556,13.1556,13.1556,13.1556,101,0
CIFG.US,5,20260105,215000,13.0911,13.0911,12.98,12.98,250,0
CIFG.US,5,20260105,215500,13.16,13.17,13.16,13.17,7292,0
CIFG.US,5,20260106,153000,13.14,13.14,13,13,509,0
CIFG.US,5,20260106,154000,13.101,13.11,13.07,13.0799,3661,0
CIFG.US,5,20260106,154500,13.04,13.08,12.97,12.97,300,0
CIFG.US,5,20260106,155500,12.88,12.88,12.86,12.86,400,0
CIFG.US,5,20260106,160000,12.9,12.91,12.9,12.91,403,0
CIFG.US,5,20260106,160500,12.87,12.87,12.87,12.87,100,0
CIFG.US,5,20260106,162000,12.7976,12.7976,12.7976,12.7976,390,0
CIFG.US,5,20260106,162500,12.71,12.74,12.71,12.74,257,0
CIFG.US,5,20260106,163000,12.49,12.5605,12.45,12.5605,4100,0
CIFG.US,5,20260106,163500,12.5587,12.6432,12.5587,12.6432,302,0
CIFG.US,5,20260106,164000,12.5899,12.5899,12.5899,12.5899,1175,0
CIFG.US,5,20260106,164500,12.5,12.5,12.39,12.3929,2100,0
CIFG.US,5,20260106,165500,12.435,12.435,12.435,12.435,100,0
CIFG.US,5,20260106,171000,12.4,12.4,12.4,12.4,100,0
CIFG.US,5,20260106,172000,12.275,12.39,12.275,12.39,575,0
CIFG.US,5,20260106,182500,11.56,11.56,11.36,11.36,10029,0
CIFG.US,5,20260106,183000,11.53,11.53,11.52,11.52,200,0
CIFG.US,5,20260106,183500,11.32,11.32,11.32,11.32,100,0
CIFG.US,5,20260106,184500,11.1,11.1,11.1,11.1,100,0
CIFG.US,5,20260106,185500,10.72,10.75,10.72,10.75,1000,0
CIFG.US,5,20260106,190500,10.6836,10.6836,10.6301,10.6301,250,0
CIFG.US,5,20260106,191000,10.78,11.1199,10.78,11.1199,300,0
CIFG.US,5,20260106,192000,11.23,11.3,11.23,11.23,700,0
CIFG.US,5,20260106,192500,11.2587,11.29,11.221,11.29,1527,0
CIFG.US,5,20260106,193000,11.41,11.44,11.41,11.44,300,0
CIFG.US,5,20260106,193500,11.65,11.65,11.43,11.43,600,0
CIFG.US,5,20260106,194000,11.49,11.49,11.49,11.49,1000,0
CIFG.US,5,20260106,194500,11.59,11.62,11.5851,11.5851,6250,0
CIFG.US,5,20260106,195000,11.57,11.57,11.57,11.57,100,0
CIFG.US,5,20260106,200500,11.6337,11.6337,11.6337,11.6337,500,0
CIFG.US,5,20260106,203500,12.18,12.18,12.18,12.18,161,0
CIFG.US,5,20260106,204000,12.22,12.22,12.22,12.22,100,0
CIFG.US,5,20260106,205500,12.27,12.27,12.27,12.27,250,0
CIFG.US,5,20260106,210500,12.565,12.72,12.565,12.7,450,0
CIFG.US,5,20260106,211000,12.6,12.6793,12.6,12.6793,200,0
CIFG.US,5,20260106,211500,12.63,12.63,12.62,12.62,202,0
CIFG.US,5,20260106,212000,12.67,12.67,12.67,12.67,100,0
CIFG.US,5,20260106,213000,12.54,12.67,12.54,12.67,550,0
CIFG.US,5,20260106,213500,12.58,12.58,12.58,12.58,100,0
CIFG.US,5,20260106,214500,12.49,12.49,12.49,12.49,200,0
CIFG.US,5,20260107,153000,11.24,11.5699,11.24,11.5699,962,0
CIFG.US,5,20260107,153500,11.71,11.86,11.63,11.8199,4274,0
CIFG.US,5,20260107,154000,12.21,12.31,12.21,12.31,1800,0
CIFG.US,5,20260107,154500,12.07,12.0701,12,12,1621,0
CIFG.US,5,20260107,155000,11.8,11.8,11.78,11.79,406,0
CIFG.US,5,20260107,155500,11.9516,12,11.9516,11.99,1000,0
CIFG.US,5,20260107,160500,11.73,11.73,11.73,11.73,200,0
CIFG.US,5,20260107,162000,11.51,11.51,11.51,11.51,100,0
CIFG.US,5,20260107,162500,11.54,11.54,11.54,11.54,100,0
CIFG.US,5,20260107,163500,11.4521,11.4521,11.4521,11.4521,100,0
CIFG.US,5,20260107,164000,11.76,11.76,11.76,11.76,100,0
CIFG.US,5,20260107,170000,11.733,11.733,11.598,11.598,4000,0
CIFG.US,5,20260107,170500,11.74,11.745,11.7161,11.7161,1561,0
CIFG.US,5,20260107,172500,11.67,11.67,11.67,11.67,100,0
CIFG.US,5,20260107,174500,11.75,11.75,11.75,11.75,1288,0
CIFG.US,5,20260107,184500,11.48,11.48,11.48,11.48,100,0
CIFG.US,5,20260107,185000,11.3813,11.5,11.3813,11.5,1376,0
CIFG.US,5,20260107,185500,11.52,11.52,11.52,11.52,1200,0
CIFG.US,5,20260107,192000,11.2193,11.2193,11.14,11.14,1329,0
CIFG.US,5,20260107,193500,11.18,11.18,11.18,11.18,100,0
CIFG.US,5,20260107,200000,10.958,10.958,10.958,10.958,100,0
CIFG.US,5,20260107,201500,10.99,10.99,10.99,10.99,100,0
CIFG.US,5,20260107,202000,11.08,11.08,11.035,11.035,500,0
CIFG.US,5,20260107,203000,11.2,11.2,11.2,11.2,4000,0
CIFG.US,5,20260107,210000,11.0999,11.0999,10.945,10.945,4100,0
CIFG.US,5,20260107,211000,10.87,10.87,10.87,10.87,300,0
CIFG.US,5,20260107,211500,10.71,10.71,10.71,10.71,100,0
CIFG.US,5,20260107,212000,10.79,10.79,10.7101,10.7101,5670,0
CIFG.US,5,20260107,212500,10.71,10.71,10.71,10.71,307,0
CIFG.US,5,20260107,213000,10.57,10.57,10.57,10.57,1749,0
CIFG.US,5,20260107,214000,10.57,10.57,10.57,10.57,644,0
CIFG.US,5,20260107,215000,10.545,10.58,10.545,10.58,3261,0
CIFG.US,5,20260108,153000,9.93,9.93,9.8,9.8,3600,0
CIFG.US,5,20260108,153500,10.16,10.16,10.07,10.15,1534,0
CIFG.US,5,20260108,154000,10.15,10.15,10.15,10.15,1215,0
CIFG.US,5,20260108,154500,10.22,10.63,10.22,10.63,727,0
CIFG.US,5,20260108,161000,10.46,10.51,10.46,10.51,200,0
CIFG.US,5,20260108,162000,10.22,10.35,10.22,10.35,683,0
CIFG.US,5,20260108,163500,10.78,10.78,10.78,10.78,100,0
CIFG.US,5,20260108,164000,10.36,10.36,10.36,10.36,100,0
CIFG.US,5,20260108,164500,10.35,10.35,10.35,10.35,500,0
CIFG.US,5,20260108,165000,10.46,10.46,10.46,10.46,100,0
CIFG.US,5,20260108,170000,10.7199,10.76,10.7199,10.76,540,0
CIFG.US,5,20260108,170500,10.69,10.69,10.637,10.637,200,0
CIFG.US,5,20260108,171000,10.8,10.8,10.8,10.8,500,0
CIFG.US,5,20260108,173000,11.045,11.045,11.045,11.045,100,0
CIFG.US,5,20260108,173500,11.099,11.099,11.099,11.099,100,0
CIFG.US,5,20260108,174500,11.075,11.1,11.035,11.1,1809,0
CIFG.US,5,20260108,175000,11.16,11.16,11.13,11.13,1300,0
CIFG.US,5,20260108,175500,11.1676,11.1676,11.1676,11.1676,178,0
CIFG.US,5,20260108,180000,11.3,11.3,11.3,11.3,100,0
CIFG.US,5,20260108,180500,11.26,11.26,11.22,11.22,700,0
CIFG.US,5,20260108,181500,11.2,11.2,11.1876,11.1876,481,0
CIFG.US,5,20260108,183000,10.79,10.79,10.79,10.79,200,0
CIFG.US,5,20260108,183500,10.81,10.82,10.75,10.82,1200,0
CIFG.US,5,20260108,190000,11.16,11.16,11.16,11.16,200,0
CIFG.US,5,20260108,191000,11.16,11.16,11.16,11.16,544,0
CIFG.US,5,20260108,191500,11.205,11.26,11.16,11.26,650,0
CIFG.US,5,20260108,192000,11.32,11.32,11.32,11.32,300,0
CIFG.US,5,20260108,201000,11.23,11.23,11.2271,11.2271,300,0
CIFG.US,5,20260108,210000,10.7036,10.7036,10.7036,10.7036,1000,0
CIFG.US,5,20260108,210500,10.68,10.68,10.68,10.68,100,0
CIFG.US,5,20260108,211000,10.67,10.67,10.67,10.67,100,0
CIFG.US,5,20260108,211500,10.62,10.62,10.62,10.62,100,0
CIFG.US,5,20260108,212000,10.68,10.68,10.68,10.68,100,0
CIFG.US,5,20260108,212500,10.595,10.595,10.595,10.595,1000,0
CIFG.US,5,20260108,213000,10.7493,10.7493,10.7493,10.7493,300,0
CIFG.US,5,20260108,213500,10.759,10.83,10.73,10.73,28020,0
CIFG.US,5,20260108,215000,10.81,10.81,10.81,10.81,100,0
