<TICKER>,<PER>,<DATE>,<TIME>,<OPEN>,<HIGH>,<LOW>,<CLOSE>,<VOL>,<OPENINT>
DNMXW.US,5,20251119,170500,0.4,0.4,0.35,0.35,7769,0
DNMXW.US,5,20251119,172000,0.32,0.32,0.32,0.32,5000,0
DNMXW.US,5,20251119,172500,0.35,0.35,0.3499,0.35,10800,0
DNMXW.US,5,20251119,215500,0.35,0.35,0.35,0.35,2500,0
DNMXW.US,5,20251120,160000,0.35,0.35,0.35,0.35,15553,0
DNMXW.US,5,20251120,173000,0.3505,0.3604,0.3505,0.36,7500,0
DNMXW.US,5,20251120,180000,0.3505,0.3505,0.3505,0.3505,319,0
DNMXW.US,5,20251120,182000,0.3505,0.3505,0.3505,0.3505,1500,0
DNMXW.US,5,20251120,183500,0.3504,0.3504,0.3504,0.3504,1500,0
DNMXW.US,5,20251120,184000,0.3504,0.3504,0.3504,0.3504,3000,0
DNMXW.US,5,20251120,194500,0.3505,0.3505,0.3504,0.3504,1200,0
DNMXW.US,5,20251120,195500,0.3501,0.3501,0.3501,0.3501,100,0
DNMXW.US,5,20251120,211000,0.3444,0.3444,0.3444,0.3444,1000,0
DNMXW.US,5,20251120,212500,0.346,0.3461,0.346,0.3461,1200,0
DNMXW.US,5,20251121,153500,0.354,0.354,0.33,0.33,11900,0
DNMXW.US,5,20251121,161500,0.3008,0.31,0.29,0.29,158593,0
DNMXW.US,5,20251121,162500,0.4206,0.4206,0.4206,0.4206,100,0
DNMXW.US,5,20251121,164500,0.39,0.42,0.3862,0.4199,165181,0
DNMXW.US,5,20251121,165500,0.39,0.39,0.39,0.39,100,0
DNMXW.US,5,20251121,170000,0.395,0.395,0.3785,0.39,4900,0
DNMXW.US,5,20251121,171000,0.42,0.42,0.42,0.42,100,0
DNMXW.US,5,20251124,155500,0.4,0.4,0.4,0.4,100,0
DNMXW.US,5,20251124,164000,0.4,0.4,0.4,0.4,100,0
DNMXW.US,5,20251124,173500,0.4,0.4,0.4,0.4,100,0
DNMXW.US,5,20251124,181500,0.4,0.4,0.4,0.4,200,0
DNMXW.US,5,20251126,215000,0.3424,0.3424,0.3424,0.3424,100,0
DNMXW.US,5,20251126,215500,0.41,0.418,0.4,0.4,1400,0
DNMXW.US,5,20251128,163500,0.4155,0.44,0.4155,0.44,1300,0
DNMXW.US,5,20251128,164000,0.44999,0.44999,0.43,0.43,1200,0
DNMXW.US,5,20251128,164500,0.43,0.4308,0.43,0.4308,300,0
DNMXW.US,5,20251128,165000,0.43,0.43,0.43,0.43,100,0
DNMXW.US,5,20251201,160000,0.41,0.41,0.41,0.41,100,0
DNMXW.US,5,20251202,161000,0.4,0.4,0.4,0.4,2366,0
DNMXW.US,5,20251202,161500,0.4,0.4,0.4,0.4,100,0
DNMXW.US,5,20251203,174500,0.37,0.37,0.3699,0.3699,4368,0
DNMXW.US,5,20251203,175000,0.4,0.4,0.38,0.38,2349,0
DNMXW.US,5,20251203,175500,0.37,0.37,0.37,0.37,100,0
DNMXW.US,5,20251203,183500,0.3501,0.37,0.35,0.37,5436,0
DNMXW.US,5,20251203,191000,0.37,0.38,0.37,0.38,56944,0
DNMXW.US,5,20251203,191500,0.4,0.4,0.4,0.4,700,0
DNMXW.US,5,20251203,192500,0.39,0.39,0.39,0.39,100,0
DNMXW.US,5,20251204,160500,0.37,0.37,0.37,0.37,850,0
DNMXW.US,5,20251204,182500,0.37,0.37,0.37,0.37,1500,0
DNMXW.US,5,20251204,191500,0.363,0.363,0.363,0.363,650,0
DNMXW.US,5,20251204,192000,0.363,0.363,0.36,0.36,2900,0
DNMXW.US,5,20251204,193500,0.37,0.37,0.37,0.37,100,0
DNMXW.US,5,20251204,203500,0.36,0.36,0.36,0.36,100,0
DNMXW.US,5,20251204,204000,0.36,0.36,0.36,0.36,100,0
DNMXW.US,5,20251204,211500,0.3582,0.3582,0.3582,0.3582,100,0
DNMXW.US,5,20251204,212500,0.36,0.36,0.36,0.36,1700,0
DNMXW.US,5,20251204,213000,0.37,0.377,0.37,0.37,124500,0
DNMXW.US,5,20251204,213500,0.37,0.37,0.37,0.37,323850,0
DNMXW.US,5,20251204,214000,0.37,0.37,0.37,0.37,58000,0
DNMXW.US,5,20251204,214500,0.37,0.37,0.37,0.37,100,0
DNMXW.US,5,20251205,153000,0.37,0.37,0.37,0.37,100,0
DNMXW.US,5,20251205,153500,0.37,0.37,0.3658,0.37,1432,0
DNMXW.US,5,20251205,154000,0.37,0.37,0.3699,0.37,100044,0
DNMXW.US,5,20251205,161500,0.37,0.37,0.37,0.37,100,0
DNMXW.US,5,20251205,171500,0.37,0.37,0.36694,0.37,2000,0
DNMXW.US,5,20251205,173500,0.365,0.365,0.361,0.361,400,0
DNMXW.US,5,20251208,175000,0.3699,0.37,0.3699,0.37,200,0
DNMXW.US,5,20251208,210500,0.37,0.37,0.37,0.37,800,0
DNMXW.US,5,20251208,211000,0.37,0.37,0.37,0.37,100,0
DNMXW.US,5,20251208,212000,0.37,0.37,0.37,0.37,100,0
DNMXW.US,5,20251208,212500,0.37,0.37,0.37,0.37,100,0
DNMXW.US,5,20251209,181500,0.37,0.37,0.37,0.37,18200,0
DNMXW.US,5,20251209,182500,0.37,0.37,0.37,0.37,100,0
DNMXW.US,5,20251209,213500,0.37,0.37,0.36995,0.36995,200,0
DNMXW.US,5,20251210,155000,0.351101,0.37,0.351101,0.37,300,0
DNMXW.US,5,20251211,154500,0.37,0.37,0.3699,0.3699,10000,0
DNMXW.US,5,20251211,201000,0.3645,0.3645,0.3645,0.3645,625,0
DNMXW.US,5,20251211,201500,0.37,0.37,0.37,0.37,900,0
DNMXW.US,5,20251211,210000,0.37,0.37,0.37,0.37,50000,0
DNMXW.US,5,20251211,215500,0.37,0.37,0.37,0.37,700,0
DNMXW.US,5,20251212,153000,0.37,0.37,0.37,0.37,200,0
DNMXW.US,5,20251212,155000,0.37,0.37,0.3699,0.3699,200,0
DNMXW.US,5,20251212,155500,0.37,0.37,0.3699,0.3699,200,0
DNMXW.US,5,20251212,160000,0.3699,0.3699,0.3699,0.3699,100,0
DNMXW.US,5,20251212,162500,0.37,0.37,0.36999,0.37,1270,0
DNMXW.US,5,20251212,163000,0.37,0.37,0.3657,0.37,1400,0
DNMXW.US,5,20251212,170000,0.37,0.37,0.37,0.37,100,0
DNMXW.US,5,20251215,160500,0.3699,0.3699,0.3699,0.3699,100,0
DNMXW.US,5,20251222,172000,0.352,0.352,0.352,0.352,800,0
DNMXW.US,5,20251223,154000,0.352,0.352,0.351,0.351,7000,0
DNMXW.US,5,20251223,214500,0.36,0.36,0.36,0.36,125,0
DNMXW.US,5,20251224,160000,0.3519,0.3519,0.347,0.347,4450,0
DNMXW.US,5,20251224,172500,0.35,0.35,0.35,0.35,100,0
DNMXW.US,5,20251226,212500,0.35,0.35,0.35,0.35,7050,0
DNMXW.US,5,20251226,215000,0.37,0.37,0.37,0.37,100,0
DNMXW.US,5,20251230,153000,0.32,0.32,0.32,0.32,500,0
DNMXW.US,5,20251230,183500,0.33,0.33,0.32,0.324,1100,0
DNMXW.US,5,20251230,195000,0.33,0.33,0.33,0.33,200,0
DNMXW.US,5,20251230,215500,0.358,0.358,0.358,0.358,255,0
DNMXW.US,5,20260102,183000,0.35,0.3674,0.35,0.3674,1700,0
DNMXW.US,5,20260102,213500,0.36,0.36,0.36,0.36,100,0
DNMXW.US,5,20260105,170000,0.35,0.35,0.35,0.35,100,0
DNMXW.US,5,20260105,170500,0.32,0.32,0.315,0.32,9752,0
DNMXW.US,5,20260105,171000,0.32,0.32,0.3199,0.3199,3500,0
DNMXW.US,5,20260105,171500,0.32,0.32,0.3163,0.3199,50200,0
DNMXW.US,5,20260105,172500,0.32,0.32,0.32,0.32,100,0
DNMXW.US,5,20260105,173000,0.32,0.334,0.3193,0.3199,27450,0
DNMXW.US,5,20260105,173500,0.32,0.328,0.32,0.32,75167,0
DNMXW.US,5,20260105,174000,0.3465,0.3496,0.345,0.345,5251,0
DNMXW.US,5,20260105,182000,0.3303,0.3415,0.32,0.326728,6400,0
DNMXW.US,5,20260105,182500,0.33495,0.33495,0.32,0.3248,11200,0
DNMXW.US,5,20260105,183000,0.32,0.326728,0.32,0.32,7000,0
DNMXW.US,5,20260105,184500,0.32,0.3305,0.32,0.32,1800,0
DNMXW.US,5,20260105,185500,0.32,0.3331,0.32,0.3201,4000,0
DNMXW.US,5,20260105,190000,0.32,0.3234,0.32,0.3201,1100,0
DNMXW.US,5,20260105,192500,0.3205,0.3301,0.32,0.32,1600,0
DNMXW.US,5,20260105,193000,0.3202,0.3202,0.3202,0.3202,100,0
DNMXW.US,5,20260105,202000,0.3201,0.3202,0.32,0.32,1300,0
DNMXW.US,5,20260105,203500,0.3202,0.3202,0.3202,0.3202,100,0
DNMXW.US,5,20260105,204500,0.3202,0.3202,0.32,0.32,700,0
DNMXW.US,5,20260105,215000,0.3202,0.3202,0.3202,0.3202,300,0
DNMXW.US,5,20260106,210000,0.35,0.35,0.3168,0.3168,200,0
DNMXW.US,5,20260106,211500,0.3476,0.3476,0.32,0.3384,325,0
DNMXW.US,5,20260106,212000,0.3238,0.346,0.315,0.346,4429,0
DNMXW.US,5,20260106,213000,0.318,0.318,0.318,0.318,100,0
DNMXW.US,5,20260106,215000,0.32,0.3201,0.32,0.3201,700,0
DNMXW.US,5,20260106,215500,0.3474,0.3474,0.33,0.3301,1000,0
DNMXW.US,5,20260107,172000,0.35,0.35,0.33,0.33,153100,0
DNMXW.US,5,20260107,172500,0.33,0.33,0.33,0.33,180,0
DNMXW.US,5,20260107,173500,0.332,0.34,0.332,0.34,5742,0
DNMXW.US,5,20260107,174000,0.34,0.344,0.34,0.3401,10600,0
DNMXW.US,5,20260107,174500,0.3441,0.346,0.34,0.3401,1500,0
DNMXW.US,5,20260107,175000,0.34,0.34,0.34,0.34,500,0
DNMXW.US,5,20260107,175500,0.352,0.352,0.352,0.352,100,0
DNMXW.US,5,20260107,183000,0.3401,0.3453,0.34,0.3453,1600,0
DNMXW.US,5,20260107,183500,0.34,0.34,0.34,0.34,100,0
DNMXW.US,5,20260107,192000,0.351998,0.351998,0.351998,0.351998,100,0
DNMXW.US,5,20260107,193000,0.34,0.34,0.34,0.34,100,0
DNMXW.US,5,20260107,202500,0.352,0.352,0.352,0.352,2200,0
DNMXW.US,5,20260107,203000,0.353,0.353,0.353,0.353,2000,0
DNMXW.US,5,20260107,213000,0.336,0.354,0.336,0.3468,10565,0
DNMXW.US,5,20260107,213500,0.3468,0.3468,0.3468,0.3468,100,0
DNMXW.US,5,20260107,214000,0.3468,0.3468,0.3468,0.3468,100,0
DNMXW.US,5,20260107,214500,0.3469,0.347,0.3468,0.347,300,0
DNMXW.US,5,20260108,153000,0.37,0.37,0.37,0.37,809,0
