<TICKER>,<PER>,<DATE>,<TIME>,<OPEN>,<HIGH>,<LOW>,<CLOSE>,<VOL>,<OPENINT>
EVOX.US,5,20251204,153000,9.9,9.901,9.9,9.9,1400,0
EVOX.US,5,20251204,153500,9.9,9.91,9.9,9.91,51454,0
EVOX.US,5,20251204,161500,9.9,9.9,9.9,9.9,1000,0
EVOX.US,5,20251204,175000,9.91,9.91,9.91,9.91,1195,0
EVOX.US,5,20251204,184000,9.91,9.91,9.91,9.91,116659,0
EVOX.US,5,20251204,210000,9.91,9.91,9.9,9.9,4586,0
EVOX.US,5,20251204,211500,9.9,9.9,9.9,9.9,4520,0
EVOX.US,5,20251205,193500,9.8999,9.8999,9.8999,9.8999,150,0
EVOX.US,5,20251208,160500,9.9,9.91,9.9,9.9,14086,0
EVOX.US,5,20251208,172000,9.895,9.9,9.895,9.9,1000,0
EVOX.US,5,20251208,190500,9.895,9.895,9.89,9.89,7200,0
EVOX.US,5,20251208,191000,9.89,9.89,9.89,9.89,358,0
EVOX.US,5,20251208,191500,9.89,9.89,9.89,9.89,1500,0
EVOX.US,5,20251208,202000,9.89,9.89,9.89,9.89,1300,0
EVOX.US,5,20251208,202500,9.89,9.89,9.89,9.89,100,0
EVOX.US,5,20251208,203000,9.9,9.9,9.89,9.89,174300,0
EVOX.US,5,20251208,203500,9.89,9.89,9.89,9.89,4800,0
EVOX.US,5,20251208,204000,9.89,9.89,9.89,9.89,91000,0
EVOX.US,5,20251208,204500,9.89,9.89,9.89,9.89,800600,0
EVOX.US,5,20251210,153000,9.89,9.89,9.89,9.89,8030,0
EVOX.US,5,20251210,154500,9.89,9.89,9.89,9.89,100,0
EVOX.US,5,20251210,155500,9.89,9.89,9.89,9.89,200,0
EVOX.US,5,20251210,171000,9.89,9.89,9.89,9.89,200,0
EVOX.US,5,20251210,171500,9.89,9.89,9.89,9.89,400,0
EVOX.US,5,20251210,172000,9.89,9.89,9.89,9.89,2800,0
EVOX.US,5,20251210,174000,9.9,9.9,9.9,9.9,50000,0
EVOX.US,5,20251210,212500,9.89,9.89,9.89,9.89,1769,0
EVOX.US,5,20251210,213000,9.89,9.89,9.89,9.89,100,0
EVOX.US,5,20251210,214000,9.89,9.89,9.89,9.89,100,0
EVOX.US,5,20251211,155500,9.9,9.9,9.9,9.9,100,0
EVOX.US,5,20251211,184000,9.89,9.89,9.89,9.89,719,0
EVOX.US,5,20251211,190000,9.89,9.89,9.89,9.89,660,0
EVOX.US,5,20251211,202500,9.89,9.89,9.89,9.89,38375,0
EVOX.US,5,20251211,215500,9.89,9.89,9.89,9.89,162,0
EVOX.US,5,20251212,205000,9.89,9.89,9.89,9.89,130,0
EVOX.US,5,20251212,211500,9.89,9.89,9.89,9.89,1250,0
EVOX.US,5,20251212,213000,9.89,9.89,9.89,9.89,100,0
EVOX.US,5,20251212,214500,9.89,9.89,9.89,9.89,100,0
EVOX.US,5,20251212,215000,9.895,9.9,9.895,9.9,20399,0
EVOX.US,5,20251212,215500,9.895,9.895,9.89,9.89,1244,0
EVOX.US,5,20251215,153000,9.89,9.89,9.89,9.89,1000,0
EVOX.US,5,20251216,153000,9.9,9.9,9.88,9.88,22442,0
EVOX.US,5,20251216,165000,9.89,9.89,9.89,9.89,100,0
EVOX.US,5,20251216,170500,9.885,9.89,9.885,9.89,5000,0
EVOX.US,5,20251216,172500,9.89,9.89,9.89,9.89,11148,0
EVOX.US,5,20251216,173000,9.89,9.89,9.89,9.89,5000,0
EVOX.US,5,20251216,214500,9.89,9.89,9.89,9.89,1000,0
EVOX.US,5,20251217,153000,9.885,9.885,9.88,9.88,10000,0
EVOX.US,5,20251219,205500,9.88,9.88,9.88,9.88,155,0
EVOX.US,5,20251219,215000,9.885,9.89,9.88,9.885,14640,0
EVOX.US,5,20251222,162000,9.89,9.89,9.89,9.89,326266,0
EVOX.US,5,20251222,170500,9.89,9.89,9.89,9.89,218800,0
EVOX.US,5,20251222,180000,9.88,9.88,9.88,9.88,391,0
EVOX.US,5,20251222,181500,9.89,9.89,9.89,9.89,29800,0
EVOX.US,5,20251222,185500,9.883,9.883,9.883,9.883,127,0
EVOX.US,5,20251222,210000,9.89,9.89,9.89,9.89,39000,0
EVOX.US,5,20251222,215500,9.88,9.88,9.88,9.88,1283,0
EVOX.US,5,20251223,211500,9.88,9.88,9.88,9.88,44700,0
EVOX.US,5,20251223,215500,9.88,9.88,9.88,9.88,100,0
EVOX.US,5,20251224,190000,9.87,9.87,9.87,9.87,223,0
EVOX.US,5,20251229,153000,9.88,9.88,9.88,9.88,200,0
EVOX.US,5,20251229,204500,9.885,9.885,9.885,9.885,100,0
EVOX.US,5,20251229,210500,9.89,9.89,9.88,9.88,7700,0
EVOX.US,5,20251230,180500,9.88,9.88,9.88,9.88,8200,0
EVOX.US,5,20251230,184000,9.87,9.87,9.87,9.87,140,0
EVOX.US,5,20251230,184500,9.87,9.87,9.87,9.87,140,0
EVOX.US,5,20251230,185000,9.87,9.87,9.87,9.87,140,0
EVOX.US,5,20251230,190000,9.88,9.88,9.88,9.88,100,0
EVOX.US,5,20251230,194500,9.87,9.87,9.87,9.87,317,0
EVOX.US,5,20251230,205000,9.8703,9.8703,9.86,9.87,7221,0
EVOX.US,5,20251230,205500,9.87,9.87,9.87,9.87,1379,0
EVOX.US,5,20251230,210500,9.88,9.88,9.88,9.88,1000,0
EVOX.US,5,20251230,215500,9.88,9.88,9.88,9.88,408,0
EVOX.US,5,20251231,183500,9.875,9.88,9.875,9.88,70000,0
EVOX.US,5,20251231,192500,9.87,9.88,9.87,9.88,100652,0
EVOX.US,5,20251231,203000,9.87,9.87,9.87,9.87,100,0
EVOX.US,5,20251231,210500,9.88,9.88,9.88,9.88,489,0
EVOX.US,5,20251231,212500,9.88,9.88,9.875,9.88,5897,0
EVOX.US,5,20251231,215500,9.87,9.87,9.87,9.87,225,0
EVOX.US,5,20260102,153000,9.86,9.89,9.86,9.89,1800,0
EVOX.US,5,20260102,165500,9.88,9.88,9.88,9.88,1000,0
EVOX.US,5,20260102,172000,9.875,9.875,9.87,9.87,747,0
EVOX.US,5,20260102,182000,9.88,9.88,9.88,9.88,100,0
EVOX.US,5,20260102,190000,9.875,9.875,9.875,9.875,100,0
EVOX.US,5,20260102,203000,9.875,9.875,9.875,9.875,100,0
EVOX.US,5,20260102,211500,9.88,9.88,9.875,9.875,2000,0
EVOX.US,5,20260102,213000,9.88,9.88,9.875,9.88,46344,0
EVOX.US,5,20260102,213500,9.88,9.88,9.88,9.88,7563,0
EVOX.US,5,20260102,214000,9.87,9.87,9.87,9.87,200,0
EVOX.US,5,20260102,214500,9.87,9.87,9.87,9.87,200,0
EVOX.US,5,20260102,215000,9.87,9.87,9.87,9.87,200,0
EVOX.US,5,20260102,215500,9.87,9.88,9.87,9.87,2672,0
EVOX.US,5,20260105,153000,9.89,9.89,9.89,9.89,100,0
EVOX.US,5,20260105,160000,9.885,9.89,9.885,9.89,5500,0
EVOX.US,5,20260105,201000,9.885,9.885,9.885,9.885,100,0
EVOX.US,5,20260105,210500,9.885,9.885,9.885,9.885,100,0
EVOX.US,5,20260105,211500,9.885,9.89,9.885,9.89,3000,0
EVOX.US,5,20260105,214000,9.89,9.89,9.89,9.89,1000,0
EVOX.US,5,20260105,214500,9.88,9.88,9.88,9.88,200,0
EVOX.US,5,20260105,215500,9.885,9.885,9.88,9.88,17020,0
EVOX.US,5,20260106,154500,9.88,9.89,9.88,9.89,25400,0
EVOX.US,5,20260106,160000,9.885,9.885,9.88,9.88,627,0
EVOX.US,5,20260106,161000,9.88,9.88,9.88,9.88,12500,0
EVOX.US,5,20260106,162000,9.8788,9.8799,9.8756,9.8756,700,0
EVOX.US,5,20260106,164000,9.8799,9.8799,9.8756,9.8799,1000,0
EVOX.US,5,20260106,165000,9.88,9.88,9.88,9.88,100,0
EVOX.US,5,20260106,191000,9.875,9.875,9.875,9.875,200,0
EVOX.US,5,20260106,192000,9.87,9.87,9.87,9.87,100,0
EVOX.US,5,20260106,195000,9.88,9.88,9.88,9.88,200,0
EVOX.US,5,20260106,211500,9.88,9.88,9.875,9.88,1124,0
EVOX.US,5,20260107,153000,9.8821,9.8867,9.88,9.8817,1200,0
EVOX.US,5,20260107,155500,9.88,9.88,9.88,9.88,800,0
EVOX.US,5,20260107,161500,9.875,9.88,9.875,9.88,105000,0
EVOX.US,5,20260107,162500,9.88,9.88,9.88,9.88,200,0
EVOX.US,5,20260107,164000,9.88,9.88,9.88,9.88,100,0
EVOX.US,5,20260107,165500,9.88,9.88,9.88,9.88,10000,0
EVOX.US,5,20260107,172000,9.885,9.89,9.885,9.89,400,0
EVOX.US,5,20260107,173000,9.88,9.88,9.88,9.88,100,0
EVOX.US,5,20260107,175000,9.89,9.89,9.89,9.89,100,0
EVOX.US,5,20260107,175500,9.89,9.89,9.89,9.89,300,0
EVOX.US,5,20260107,182500,9.89,9.89,9.89,9.89,100,0
EVOX.US,5,20260107,183500,9.89,9.89,9.89,9.89,300,0
EVOX.US,5,20260107,190000,9.89,9.89,9.89,9.89,100,0
EVOX.US,5,20260107,191500,9.89,9.89,9.89,9.89,300,0
EVOX.US,5,20260107,193500,9.89,9.89,9.89,9.89,100,0
EVOX.US,5,20260107,195500,9.89,9.89,9.89,9.89,300,0
EVOX.US,5,20260107,200500,9.89,9.89,9.89,9.89,100,0
EVOX.US,5,20260107,203000,9.89,9.89,9.89,9.89,100,0
EVOX.US,5,20260107,203500,9.885,9.885,9.88,9.88,18100,0
EVOX.US,5,20260107,204000,9.885,9.885,9.885,9.885,400,0
EVOX.US,5,20260107,204500,9.88,9.88,9.88,9.88,12906,0
EVOX.US,5,20260107,211000,9.88,9.88,9.88,9.88,2000,0
EVOX.US,5,20260107,211500,9.88,9.88,9.88,9.88,100,0
EVOX.US,5,20260107,213000,9.88,9.88,9.88,9.88,500,0
EVOX.US,5,20260107,214500,9.88,9.88,9.88,9.88,400,0
EVOX.US,5,20260107,215000,9.88,9.88,9.88,9.88,600,0
EVOX.US,5,20260107,215500,9.88,9.88,9.88,9.88,714,0
EVOX.US,5,20260108,153000,9.88,9.88,9.88,9.88,700,0
EVOX.US,5,20260108,170500,9.88,9.88,9.88,9.88,698,0
EVOX.US,5,20260108,175000,9.88,9.88,9.88,9.88,24962,0
EVOX.US,5,20260108,190000,9.885,9.885,9.88,9.88,5244,0
EVOX.US,5,20260108,194500,9.875,9.875,9.875,9.875,141,0
EVOX.US,5,20260108,201000,9.875,9.875,9.875,9.875,300,0
EVOX.US,5,20260108,204000,9.875,9.875,9.875,9.875,300,0
EVOX.US,5,20260108,205500,9.875,9.875,9.875,9.875,300,0
EVOX.US,5,20260108,211000,9.88,9.88,9.875,9.88,780,0
EVOX.US,5,20260108,211500,9.88,9.88,9.88,9.88,1000,0
EVOX.US,5,20260108,213000,9.88,9.88,9.88,9.88,300,0
EVOX.US,5,20260108,214500,9.88,9.88,9.88,9.88,49920,0
EVOX.US,5,20260108,215000,9.88,9.885,9.88,9.88,105613,0
EVOX.US,5,20260108,215500,9.885,9.9,9.885,9.89,15598,0
