<TICKER>,<PER>,<DATE>,<TIME>,<OPEN>,<HIGH>,<LOW>,<CLOSE>,<VOL>,<OPENINT>
FACT.US,5,20250813,153000,10.29,10.29,10.29,10.29,759,0
FACT.US,5,20250813,204000,10.28,10.28,10.26,10.26,1100,0
FACT.US,5,20250814,153000,10.32,10.32,10.31,10.31,5000,0
FACT.US,5,20250814,204000,10.31,10.31,10.31,10.31,100,0
FACT.US,5,20250815,163000,10.2898,10.2898,10.28,10.28,6257,0
FACT.US,5,20250815,182500,10.28,10.28,10.28,10.28,10300,0
FACT.US,5,20250819,171500,10.28,10.28,10.28,10.28,237,0
FACT.US,5,20250819,214000,10.3,10.3,10.3,10.3,100,0
FACT.US,5,20250821,155000,10.28,10.28,10.28,10.28,4200,0
FACT.US,5,20250821,155500,10.28,10.28,10.28,10.28,800,0
FACT.US,5,20250821,192500,10.29,10.29,10.29,10.29,82200,0
FACT.US,5,20250821,211000,10.29,10.29,10.29,10.29,25000,0
FACT.US,5,20250825,212500,10.2904,10.2904,10.2904,10.2904,1000,0
FACT.US,5,20250826,171000,10.3,10.3,10.3,10.3,606,0
FACT.US,5,20250827,185000,10.3,10.3,10.3,10.3,100,0
FACT.US,5,20250902,201500,10.28,10.28,10.28,10.28,1000,0
FACT.US,5,20250904,184500,10.28,10.28,10.28,10.28,4000,0
FACT.US,5,20250908,200000,10.28,10.28,10.28,10.28,9000,0
FACT.US,5,20250912,210500,10.2924,10.2924,10.2924,10.2924,400,0
FACT.US,5,20250919,201000,10.29,10.29,10.29,10.29,1000,0
FACT.US,5,20250922,204000,10.29,10.29,10.29,10.29,2000,0
FACT.US,5,20250922,213500,10.29,10.29,10.29,10.29,1000,0
FACT.US,5,20250923,154000,10.29,10.3,10.29,10.2927,1300,0
FACT.US,5,20250925,211500,10.29,10.29,10.29,10.29,100,0
FACT.US,5,20250926,213500,10.28,10.29,10.28,10.28,11542,0
FACT.US,5,20250926,214000,10.28,10.28,10.28,10.28,3558,0
FACT.US,5,20250929,212000,10.3,10.3,10.3,10.3,800,0
FACT.US,5,20250930,163500,10.28,10.28,10.28,10.28,1000,0
FACT.US,5,20250930,164000,10.28,10.28,10.28,10.28,2000,0
FACT.US,5,20250930,164500,10.28,10.28,10.28,10.28,8000,0
FACT.US,5,20250930,165000,10.28,10.28,10.28,10.28,20000,0
FACT.US,5,20250930,165500,10.29,10.29,10.29,10.29,3500,0
FACT.US,5,20250930,172000,10.3,10.3,10.3,10.3,25000,0
FACT.US,5,20250930,193500,10.31,10.31,10.31,10.31,1500,0
FACT.US,5,20250930,205000,10.32,10.32,10.32,10.32,101388,0
FACT.US,5,20250930,210000,10.33,10.34,10.32,10.34,4984,0
FACT.US,5,20251001,203000,10.31,10.31,10.31,10.31,3600,0
FACT.US,5,20251002,154500,10.301,10.301,10.3,10.3,19600,0
FACT.US,5,20251002,174500,10.3,10.3,10.3,10.3,5340,0
FACT.US,5,20251002,194500,10.305,10.305,10.3,10.3,9600,0
FACT.US,5,20251002,195000,10.305,10.305,10.305,10.305,5000,0
FACT.US,5,20251002,203000,10.305,10.305,10.3,10.305,11711,0
FACT.US,5,20251003,153000,10.31,10.31,10.31,10.31,1000,0
FACT.US,5,20251006,165000,10.305,10.305,10.3,10.3,14100,0
FACT.US,5,20251006,212000,10.305,10.305,10.305,10.305,100,0
FACT.US,5,20251007,153500,10.31,10.31,10.31,10.31,53750,0
FACT.US,5,20251007,160000,10.3,10.3,10.3,10.3,112,0
FACT.US,5,20251007,162000,10.3,10.3,10.3,10.3,100,0
FACT.US,5,20251013,190000,10.3054,10.3054,10.3054,10.3054,400,0
FACT.US,5,20251015,153000,10.31,10.31,10.31,10.31,100,0
FACT.US,5,20251021,215500,10.33,10.33,10.33,10.33,1281,0
FACT.US,5,20251022,181500,10.34,10.34,10.34,10.34,250,0
FACT.US,5,20251027,161500,10.34,10.34,10.32,10.34,8020,0
FACT.US,5,20251027,170000,10.34,10.34,10.34,10.34,100,0
FACT.US,5,20251027,171500,10.35,10.4,10.35,10.4,7408,0
FACT.US,5,20251027,190500,10.4,10.4,10.4,10.4,387,0
FACT.US,5,20251029,200500,10.38,10.38,10.38,10.38,100,0
FACT.US,5,20251029,201500,10.38,10.38,10.38,10.38,100,0
FACT.US,5,20251031,183500,10.36,10.36,10.36,10.36,1079,0
FACT.US,5,20251031,191500,10.355,10.36,10.355,10.36,500,0
FACT.US,5,20251031,204000,10.3772,10.39,10.36,10.39,5000,0
FACT.US,5,20251103,210000,10.36,10.3698,10.33,10.33,5000,0
FACT.US,5,20251105,155500,10.34,10.34,10.34,10.34,16776,0
FACT.US,5,20251118,155500,10.34,10.34,10.34,10.34,1100,0
FACT.US,5,20251118,160000,10.34,10.34,10.34,10.34,1900,0
FACT.US,5,20251119,154500,10.38,10.39,10.38,10.39,2000,0
FACT.US,5,20251119,161000,10.39,10.39,10.39,10.39,500,0
FACT.US,5,20251119,162000,10.4,10.4,10.4,10.4,2600,0
FACT.US,5,20251120,155000,10.39,10.39,10.3739,10.3739,5000,0
FACT.US,5,20251120,160000,10.35,10.35,10.35,10.35,500,0
FACT.US,5,20251120,171000,10.35,10.35,10.35,10.35,1500,0
FACT.US,5,20251121,155000,10.39,10.39,10.39,10.39,454,0
FACT.US,5,20251121,164000,10.36,10.36,10.36,10.36,1000,0
FACT.US,5,20251124,180000,10.3889,10.3889,10.3889,10.3889,1000,0
FACT.US,5,20251124,192000,10.38,10.38,10.38,10.38,400,0
FACT.US,5,20251126,185000,10.3699,10.37,10.355,10.355,2500,0
FACT.US,5,20251128,190000,10.35,10.35,10.35,10.35,486,0
FACT.US,5,20251201,214500,10.365,10.365,10.365,10.365,2500,0
FACT.US,5,20251202,153000,10.41,10.41,10.41,10.41,1414,0
FACT.US,5,20251202,163000,10.4,10.4,10.4,10.4,100,0
FACT.US,5,20251202,163500,10.4,10.4,10.4,10.4,15000,0
FACT.US,5,20251202,165500,10.4,10.4,10.4,10.4,1019,0
FACT.US,5,20251202,171500,10.4,10.4,10.4,10.4,1000,0
FACT.US,5,20251202,180500,10.4,10.4,10.4,10.4,10740,0
FACT.US,5,20251202,194000,10.39,10.39,10.39,10.39,931,0
FACT.US,5,20251202,204000,10.4,10.4,10.4,10.4,100,0
FACT.US,5,20251202,205500,10.38,10.38,10.38,10.38,8900,0
FACT.US,5,20251202,210000,10.38,10.385,10.38,10.385,200,0
FACT.US,5,20251203,155500,10.39,10.39,10.39,10.39,1000,0
FACT.US,5,20251203,161500,10.38,10.38,10.38,10.38,207,0
FACT.US,5,20251203,162000,10.38,10.38,10.38,10.38,3300,0
FACT.US,5,20251203,162500,10.38,10.38,10.38,10.38,1793,0
FACT.US,5,20251203,163000,10.38,10.38,10.38,10.38,2500,0
FACT.US,5,20251203,170000,10.3751,10.3751,10.3751,10.3751,300,0
FACT.US,5,20251203,172000,10.38,10.38,10.38,10.38,2500,0
FACT.US,5,20251203,174500,10.38,10.38,10.38,10.38,2500,0
FACT.US,5,20251203,194500,10.38,10.38,10.38,10.38,5500,0
FACT.US,5,20251203,213000,10.38,10.38,10.38,10.38,50000,0
FACT.US,5,20251204,190500,10.38,10.39,10.38,10.38,20000,0
FACT.US,5,20251205,153500,10.39,10.39,10.39,10.39,100,0
FACT.US,5,20251205,155500,10.38,10.38,10.38,10.38,500,0
FACT.US,5,20251205,172500,10.375,10.375,10.375,10.375,1000,0
FACT.US,5,20251208,184000,10.3733,10.3733,10.3733,10.3733,1000,0
FACT.US,5,20251208,184500,10.3755,10.3755,10.3755,10.3755,500,0
FACT.US,5,20251208,185500,10.37,10.37,10.37,10.37,100,0
FACT.US,5,20251208,193500,10.38,10.38,10.38,10.38,100,0
FACT.US,5,20251208,212000,10.38,10.38,10.38,10.38,2000,0
FACT.US,5,20251209,160500,10.37,10.37,10.37,10.37,100,0
FACT.US,5,20251209,161000,10.39,10.39,10.39,10.39,100,0
FACT.US,5,20251209,172000,10.37,10.371,10.36,10.3663,36800,0
FACT.US,5,20251209,172500,10.37,10.37,10.36,10.37,122360,0
FACT.US,5,20251209,173000,10.36,10.36,10.36,10.36,34000,0
FACT.US,5,20251209,180500,10.37,10.37,10.37,10.37,1000,0
FACT.US,5,20251209,183000,10.36,10.36,10.36,10.36,100,0
FACT.US,5,20251209,185500,10.37,10.37,10.37,10.37,300,0
FACT.US,5,20251209,191500,10.36,10.36,10.36,10.36,100,0
FACT.US,5,20251209,204500,10.36,10.36,10.36,10.36,100,0
FACT.US,5,20251209,205000,10.37,10.37,10.37,10.37,100,0
FACT.US,5,20251209,211000,10.36,10.36,10.36,10.36,1565,0
FACT.US,5,20251209,213000,10.36,10.36,10.36,10.36,100,0
FACT.US,5,20251210,162500,10.38,10.38,10.38,10.38,100,0
FACT.US,5,20251210,165000,10.36,10.36,10.36,10.36,100000,0
FACT.US,5,20251210,171500,10.37,10.38,10.37,10.38,1000,0
FACT.US,5,20251210,172500,10.37,10.37,10.37,10.37,50000,0
FACT.US,5,20251211,160500,10.36,10.36,10.36,10.36,100,0
FACT.US,5,20251211,161000,10.38,10.38,10.38,10.38,100,0
FACT.US,5,20251211,215000,10.37,10.37,10.37,10.37,33834,0
FACT.US,5,20251211,215500,10.37,10.37,10.37,10.37,500,0
FACT.US,5,20251212,154000,10.38,10.38,10.38,10.38,100,0
FACT.US,5,20251215,160000,10.37,10.37,10.37,10.37,25000,0
FACT.US,5,20251215,163000,10.37,10.375,10.37,10.37,1100,0
FACT.US,5,20251215,170500,10.375,10.375,10.375,10.375,6400,0
FACT.US,5,20251215,192000,10.38,10.38,10.3799,10.38,300,0
FACT.US,5,20251215,213500,10.38,10.38,10.38,10.38,533,0
FACT.US,5,20251216,155000,10.37,10.37,10.37,10.37,2000,0
FACT.US,5,20251216,163000,10.39,10.39,10.39,10.39,100,0
FACT.US,5,20251216,190000,10.39,10.39,10.39,10.39,2600,0
FACT.US,5,20251217,154500,10.37,10.37,10.37,10.37,2346,0
FACT.US,5,20251217,191500,10.39,10.39,10.39,10.39,200000,0
FACT.US,5,20251217,193500,10.38,10.38,10.38,10.38,275000,0
FACT.US,5,20251217,194000,10.385,10.385,10.385,10.385,100,0
FACT.US,5,20251217,215500,10.39,10.39,10.39,10.39,138,0
FACT.US,5,20251219,153000,10.3824,10.4,10.3824,10.4,300,0
FACT.US,5,20251222,153000,10.4,10.4,10.4,10.4,122,0
FACT.US,5,20251222,211000,10.38,10.39,10.38,10.39,7700,0
FACT.US,5,20251224,153000,10.4,10.4,10.4,10.4,100,0
FACT.US,5,20251224,163000,10.39,10.39,10.39,10.39,1000,0
FACT.US,5,20251229,171500,10.3977,10.3977,10.3972,10.3972,215,0
FACT.US,5,20251229,173500,10.39,10.39,10.39,10.39,24990,0
FACT.US,5,20251229,212500,10.39,10.39,10.39,10.39,756,0
FACT.US,5,20251230,175500,10.4,10.4,10.4,10.4,25000,0
FACT.US,5,20251230,203000,10.4,10.4,10.4,10.4,35975,0
FACT.US,5,20251231,153500,10.4,10.4,10.4,10.4,122,0
FACT.US,5,20251231,171500,10.405,10.405,10.405,10.405,250,0
FACT.US,5,20251231,181000,10.41,10.41,10.41,10.41,1468,0
FACT.US,5,20251231,215000,10.41,10.41,10.41,10.41,147000,0
FACT.US,5,20260102,153500,10.4199,10.4199,10.4199,10.4199,100,0
FACT.US,5,20260102,160000,10.41,10.41,10.4,10.4,1488,0
FACT.US,5,20260102,161500,10.42,10.42,10.42,10.42,100,0
FACT.US,5,20260102,175500,10.42,10.42,10.42,10.42,5000,0
FACT.US,5,20260102,204000,10.42,10.42,10.42,10.42,100,0
FACT.US,5,20260102,214000,10.42,10.42,10.42,10.42,100,0
FACT.US,5,20260102,215500,10.41,10.41,10.41,10.41,1388,0
FACT.US,5,20260105,184500,10.42,10.42,10.42,10.42,500,0
FACT.US,5,20260105,211000,10.42,10.44,10.42,10.44,1474,0
FACT.US,5,20260106,191000,10.44,10.44,10.44,10.44,115,0
FACT.US,5,20260108,165500,10.4399,10.45,10.4399,10.45,21604,0
FACT.US,5,20260108,170000,10.45,10.4599,10.445,10.45,26000,0
FACT.US,5,20260108,170500,10.4531,10.464,10.45,10.45,27085,0
FACT.US,5,20260108,171000,10.45,10.46,10.45,10.45,1200,0
FACT.US,5,20260108,171500,10.45,10.7,10.45,10.49,71994,0
FACT.US,5,20260108,172000,10.4985,10.6,10.46,10.57,361307,0
FACT.US,5,20260108,172500,10.5495,10.5495,10.49,10.51,176858,0
FACT.US,5,20260108,173000,10.5,10.5,10.47,10.48,32993,0
FACT.US,5,20260108,173500,10.48,10.49,10.47,10.48,25783,0
FACT.US,5,20260108,174000,10.4724,10.485,10.47,10.48,20659,0
FACT.US,5,20260108,174500,10.4899,10.4899,10.4899,10.4899,100,0
FACT.US,5,20260108,175000,10.49,10.53,10.49,10.5,36265,0
FACT.US,5,20260108,175500,10.5,10.5001,10.48,10.4801,9323,0
FACT.US,5,20260108,180500,10.485,10.485,10.47,10.485,7500,0
FACT.US,5,20260108,181000,10.49,10.53,10.49,10.53,37124,0
FACT.US,5,20260108,181500,10.5201,10.53,10.51,10.51,2900,0
FACT.US,5,20260108,182000,10.5138,10.5138,10.5,10.51,1364,0
FACT.US,5,20260108,182500,10.51,10.51,10.51,10.51,5100,0
FACT.US,5,20260108,183000,10.5,10.5,10.5,10.5,12636,0
FACT.US,5,20260108,183500,10.515,10.515,10.515,10.515,100,0
FACT.US,5,20260108,184000,10.51,10.51,10.5,10.5,1100,0
FACT.US,5,20260108,184500,10.5,10.52,10.5,10.5,800,0
FACT.US,5,20260108,185000,10.51,10.52,10.5,10.5,11882,0
FACT.US,5,20260108,185500,10.5,10.5001,10.5,10.5,1100,0
FACT.US,5,20260108,190000,10.5,10.5,10.5,10.5,600,0
FACT.US,5,20260108,190500,10.52,10.52,10.51,10.52,11200,0
FACT.US,5,20260108,191000,10.52,10.5301,10.52,10.5301,26000,0
FACT.US,5,20260108,191500,10.5393,10.5393,10.53,10.53,48898,0
FACT.US,5,20260108,192000,10.53,10.53,10.51,10.51,467,0
FACT.US,5,20260108,192500,10.51,10.51,10.51,10.51,4933,0
FACT.US,5,20260108,193000,10.52,10.52,10.52,10.52,10100,0
FACT.US,5,20260108,193500,10.52,10.52,10.51,10.51,367,0
FACT.US,5,20260108,194000,10.52,10.5201,10.52,10.5201,600,0
FACT.US,5,20260108,194500,10.51,10.51,10.51,10.51,3970,0
FACT.US,5,20260108,195000,10.51,10.51,10.5,10.5,10330,0
FACT.US,5,20260108,195500,10.52,10.53,10.52,10.53,10100,0
FACT.US,5,20260108,200000,10.53,10.53,10.5,10.5,500,0
FACT.US,5,20260108,200500,10.52,10.53,10.52,10.5299,102050,0
FACT.US,5,20260108,201000,10.515,10.53,10.515,10.53,10600,0
FACT.US,5,20260108,201500,10.5089,10.515,10.5089,10.515,500,0
FACT.US,5,20260108,202000,10.52,10.52,10.52,10.52,145993,0
FACT.US,5,20260108,202500,10.53,10.53,10.515,10.515,1800,0
FACT.US,5,20260108,204000,10.52,10.52,10.52,10.52,5000,0
FACT.US,5,20260108,204500,10.51,10.52,10.51,10.52,10100,0
FACT.US,5,20260108,205000,10.52,10.52,10.515,10.515,500,0
FACT.US,5,20260108,210000,10.512,10.512,10.512,10.512,2000,0
FACT.US,5,20260108,210500,10.5101,10.5101,10.5101,10.5101,121,0
FACT.US,5,20260108,211000,10.52,10.52,10.5199,10.52,8500,0
FACT.US,5,20260108,212000,10.515,10.515,10.51,10.515,500,0
FACT.US,5,20260108,213500,10.5192,10.52,10.5146,10.5146,6190,0
FACT.US,5,20260108,214500,10.515,10.515,10.51,10.515,5952,0
FACT.US,5,20260108,215000,10.515,10.515,10.515,10.515,100,0
FACT.US,5,20260108,215500,10.51,10.52,10.51,10.52,70708,0
