<TICKER>,<PER>,<DATE>,<TIME>,<OPEN>,<HIGH>,<LOW>,<CLOSE>,<VOL>,<OPENINT>
FGNXP.US,5,20250813,153500,19.6692,19.6692,19.6692,19.6692,167,0
FGNXP.US,5,20250813,163500,20.9,20.9,20.9,20.9,1645,0
FGNXP.US,5,20250813,164000,20.9,20.9,20.51,20.51,344,0
FGNXP.US,5,20250813,170500,20.51,20.51,20.51,20.51,200,0
FGNXP.US,5,20250813,171000,20.51,20.51,20.5,20.5,200,0
FGNXP.US,5,20250813,182500,20.5,20.5,20.49,20.5,500,0
FGNXP.US,5,20250813,210000,20.418,20.418,20.418,20.418,165,0
FGNXP.US,5,20250813,215000,20.45,20.45,20.45,20.45,100,0
FGNXP.US,5,20250814,164000,21.769,21.769,21.085,21.67,931,0
FGNXP.US,5,20250814,165500,20.9,20.9,20.9,20.9,1500,0
FGNXP.US,5,20250814,170000,20.9,20.9,20.85,20.85,1476,0
FGNXP.US,5,20250814,170500,20.85,21.03,20.85,21.03,995,0
FGNXP.US,5,20250814,172000,21.03,21.03,21.03,21.03,100,0
FGNXP.US,5,20250814,180500,20.9295,20.9295,20.85,20.8515,400,0
FGNXP.US,5,20250814,181000,20.85,20.9047,20.85,20.9047,254,0
FGNXP.US,5,20250814,185500,20.7835,20.7835,20.7835,20.7835,145,0
FGNXP.US,5,20250814,194500,20.65,20.6501,20.65,20.6501,1000,0
FGNXP.US,5,20250814,210000,20.0828,20.65,20.03,20.03,300,0
FGNXP.US,5,20250815,174000,20.29,20.29,20.29,20.29,400,0
FGNXP.US,5,20250815,204500,20.3,20.3,20.3,20.3,200,0
FGNXP.US,5,20250815,210500,20.9,20.9,20.8,20.8,500,0
FGNXP.US,5,20250818,184000,20.265,20.265,20.21,20.21,300,0
FGNXP.US,5,20250818,195500,20.3521,20.5,20.3521,20.5,800,0
FGNXP.US,5,20250818,200000,20.85,20.85,20.85,20.85,148,0
FGNXP.US,5,20250818,201500,20.85,20.85,20.85,20.85,100,0
FGNXP.US,5,20250818,205500,20.665,20.665,20.665,20.665,100,0
FGNXP.US,5,20250818,210500,20.665,20.665,20.665,20.665,100,0
FGNXP.US,5,20250818,214000,20.745,20.745,20.68,20.68,1016,0
FGNXP.US,5,20250818,214500,20.68,20.68,20.68,20.68,200,0
FGNXP.US,5,20250819,174000,20.05,20.05,19.54,19.54,400,0
FGNXP.US,5,20250819,184000,20,20,20,20,265,0
FGNXP.US,5,20250819,185000,20.01,20.01,19.9,19.9,1235,0
FGNXP.US,5,20250819,212500,19.95,19.95,19.95,19.95,1000,0
FGNXP.US,5,20250819,215000,20,20,19.854,19.9999,2330,0
FGNXP.US,5,20250819,215500,20.46,20.46,20.46,20.46,100,0
FGNXP.US,5,20250820,170000,20.6924,21.07,20.48,20.48,1400,0
FGNXP.US,5,20250820,170500,20.1,20.1,20.1,20.1,100,0
FGNXP.US,5,20250820,171000,20.29,20.29,20.29,20.29,300,0
FGNXP.US,5,20250820,171500,20.3052,20.3052,20.3052,20.3052,100,0
FGNXP.US,5,20250820,185500,20.15,20.2,20.15,20.2,200,0
FGNXP.US,5,20250820,190000,20.45,20.45,20.375,20.375,289,0
FGNXP.US,5,20250820,191000,20.27,20.27,20.26,20.26,1790,0
FGNXP.US,5,20250820,191500,20.1,20.1,20.1,20.1,100,0
FGNXP.US,5,20250820,193000,20.1,20.1,20.1,20.1,196,0
FGNXP.US,5,20250820,215500,20.48,20.48,20.48,20.48,100,0
FGNXP.US,5,20250821,162500,20.46,20.5,20.46,20.5,300,0
FGNXP.US,5,20250821,182500,21.4203,21.4203,21.4203,21.4203,625,0
FGNXP.US,5,20250821,210500,20.585,20.71,20.5,20.5806,400,0
FGNXP.US,5,20250821,212000,20.5476,20.5476,20.07,20.19,1891,0
FGNXP.US,5,20250821,215500,20.49,20.49,20.49,20.49,100,0
FGNXP.US,5,20250822,160500,20.2984,20.2984,20.2984,20.2984,171,0
FGNXP.US,5,20250822,163500,20.09,20.12,20.09,20.12,200,0
FGNXP.US,5,20250822,164000,20.12,20.22,20.12,20.22,200,0
FGNXP.US,5,20250822,165000,22,22,21.101,21.101,200,0
FGNXP.US,5,20250822,165500,20.3001,20.3001,20.3001,20.3001,100,0
FGNXP.US,5,20250822,194500,20.68,20.68,20.68,20.68,200,0
FGNXP.US,5,20250822,195500,20.6902,20.6902,20.6902,20.6902,100,0
FGNXP.US,5,20250822,200000,20.771,20.771,20.771,20.771,100,0
FGNXP.US,5,20250822,200500,21,21,21,21,200,0
FGNXP.US,5,20250822,202000,21.18,21.18,21.18,21.18,100,0
FGNXP.US,5,20250822,202500,21.18,21.18,21.18,21.18,100,0
FGNXP.US,5,20250822,210000,20.5,21,20.5,21,200,0
FGNXP.US,5,20250822,213500,21.99,21.99,21.99,21.99,100,0
FGNXP.US,5,20250825,153000,21.86,21.86,21.86,21.86,100,0
FGNXP.US,5,20250825,153500,21.84,21.84,21.84,21.84,100,0
FGNXP.US,5,20250825,164000,20.3714,20.51,20.3714,20.51,200,0
FGNXP.US,5,20250825,173000,21.0516,21.0516,21.0516,21.0516,100,0
FGNXP.US,5,20250825,175000,20.6,20.6,20.6,20.6,100,0
FGNXP.US,5,20250825,181500,20.49,20.5,20.49,20.5,200,0
FGNXP.US,5,20250825,184500,21.01,21.01,21.01,21.01,100,0
FGNXP.US,5,20250825,203000,20.885,20.885,20.7525,20.7525,200,0
FGNXP.US,5,20250825,210000,20.8603,20.8603,20.78,20.78,200,0
FGNXP.US,5,20250825,214500,20.75,20.75,20.75,20.75,100,0
FGNXP.US,5,20250825,215500,20.835,21,20.835,20.97,500,0
FGNXP.US,5,20250826,155500,21.1,21.1001,21.1,21.1001,1525,0
FGNXP.US,5,20250826,175500,20.575,20.575,20.3601,20.56,400,0
FGNXP.US,5,20250826,180000,20.79,20.79,20.79,20.79,100,0
FGNXP.US,5,20250826,183500,20.79,20.79,20.79,20.79,200,0
FGNXP.US,5,20250826,185500,21.4698,21.4698,20.68,20.68,400,0
FGNXP.US,5,20250826,190500,20.94,20.94,20.94,20.94,100,0
FGNXP.US,5,20250826,192000,21,21,21,21,100,0
FGNXP.US,5,20250826,195000,21,21,21,21,200,0
FGNXP.US,5,20250826,195500,20.95,20.95,20.95,20.95,900,0
FGNXP.US,5,20250826,215500,21,21,21,21,100,0
FGNXP.US,5,20250827,161000,21.1773,21.1773,21.1773,21.1773,268,0
FGNXP.US,5,20250827,161500,21.11,21.11,21.11,21.11,100,0
FGNXP.US,5,20250827,195000,20.5,20.5,20.5,20.5,300,0
FGNXP.US,5,20250827,195500,20.7,20.7,20.7,20.7,200,0
FGNXP.US,5,20250827,202000,20.55,20.55,20.5,20.5,200,0
FGNXP.US,5,20250827,211000,20.63,20.63,20.63,20.63,100,0
FGNXP.US,5,20250827,212500,20.6,20.6,20.5124,20.5124,820,0
FGNXP.US,5,20250827,213000,20.68,20.68,20.5124,20.68,2880,0
FGNXP.US,5,20250827,215500,20.9,20.9,20.9,20.9,100,0
FGNXP.US,5,20250828,160500,20.39,20.4,20.25,20.25,1820,0
FGNXP.US,5,20250828,164000,21,21,21,21,100,0
FGNXP.US,5,20250828,181500,21,21,20.7129,20.7129,200,0
FGNXP.US,5,20250828,182000,20.91,20.91,20.91,20.91,100,0
FGNXP.US,5,20250828,210500,20.805,20.805,20.805,20.805,1195,0
FGNXP.US,5,20250828,213000,20.89,20.89,20.89,20.89,100,0
FGNXP.US,5,20250828,215000,20.7001,20.91,20.7001,20.91,500,0
FGNXP.US,5,20250828,215500,20.7,20.7,20.7,20.7,100,0
FGNXP.US,5,20250829,165500,20.75,20.75,20.75,20.75,800,0
FGNXP.US,5,20250829,170500,20.35,20.35,20.35,20.35,200,0
FGNXP.US,5,20250829,171000,20.13,20.13,20.01,20.01,200,0
FGNXP.US,5,20250829,174000,20.46,20.46,20.46,20.46,100,0
FGNXP.US,5,20250829,175000,20.155,20.155,20.155,20.155,100,0
FGNXP.US,5,20250829,182000,20.21,20.21,20.21,20.21,100,0
FGNXP.US,5,20250829,183000,20.21,20.21,20.21,20.21,100,0
FGNXP.US,5,20250829,191000,20.0725,20.0725,20.0725,20.0725,1237,0
FGNXP.US,5,20250829,191500,20.49,20.49,20.49,20.49,100,0
FGNXP.US,5,20250829,212500,19.705,19.705,19.705,19.705,100,0
FGNXP.US,5,20250829,214000,20.41,20.41,20.41,20.41,100,0
FGNXP.US,5,20250902,153000,18.85,19.73,18.85,19.73,2552,0
FGNXP.US,5,20250902,160000,19.73,19.73,19.73,19.73,100,0
FGNXP.US,5,20250902,162000,19.64,19.64,19.64,19.64,100,0
FGNXP.US,5,20250902,164500,19.25,19.63,19.23,19.63,400,0
FGNXP.US,5,20250902,170500,19.77,19.77,19.5584,19.5584,200,0
FGNXP.US,5,20250902,171000,19.56,19.56,19.3501,19.53,400,0
FGNXP.US,5,20250902,172000,19.77,19.77,19.53,19.53,200,0
FGNXP.US,5,20250902,191500,19.1501,19.1501,19.1501,19.1501,100,0
FGNXP.US,5,20250902,193500,19.41,19.53,19.41,19.53,200,0
FGNXP.US,5,20250902,195000,19.53,19.53,19.53,19.53,200,0
FGNXP.US,5,20250902,200500,19.53,19.53,19.53,19.53,100,0
FGNXP.US,5,20250902,203000,19.6228,19.6228,19.6114,19.6114,382,0
FGNXP.US,5,20250902,205000,19.5076,19.5076,19.5076,19.5076,200,0
FGNXP.US,5,20250902,215000,19.6688,19.6688,19.55,19.55,380,0
FGNXP.US,5,20250902,215500,19.6688,19.77,19.45,19.77,600,0
FGNXP.US,5,20250903,164000,20,20,20,20,100,0
FGNXP.US,5,20250903,165000,18.8501,19.435,18.8501,19.435,1525,0
FGNXP.US,5,20250903,170000,19.5,19.5,19.5,19.5,100,0
FGNXP.US,5,20250903,171500,20,20,20,20,100,0
FGNXP.US,5,20250903,175000,19.5403,19.8018,19.5,19.8018,400,0
FGNXP.US,5,20250903,213500,19.185,19.5,19.185,19.5,300,0
FGNXP.US,5,20250903,214000,19.21,19.49,19.21,19.49,300,0
FGNXP.US,5,20250903,215000,19.37,19.37,19.35,19.35,200,0
FGNXP.US,5,20250904,153000,18.31,18.31,18.31,18.31,1500,0
FGNXP.US,5,20250904,153500,19.1014,19.1014,19.1014,19.1014,100,0
FGNXP.US,5,20250904,161000,19.5,19.5,19.5,19.5,100,0
FGNXP.US,5,20250905,195500,19.2,19.2,19,19.146,438,0
FGNXP.US,5,20250905,212000,19.4,19.4,19.4,19.4,100,0
FGNXP.US,5,20250905,214000,19.25,19.25,19.25,19.25,100,0
FGNXP.US,5,20250905,215500,19.15,19.15,19.15,19.15,100,0
FGNXP.US,5,20250908,164000,19.16,19.16,19.16,19.16,375,0
FGNXP.US,5,20250908,174500,18.8215,18.8215,18.8215,18.8215,100,0
FGNXP.US,5,20250908,182000,18.915,18.915,18.915,18.915,100,0
FGNXP.US,5,20250908,183500,18.83,19,18.5335,18.5335,500,0
FGNXP.US,5,20250908,184500,18.81,18.81,18.81,18.81,100,0
FGNXP.US,5,20250908,191000,18.85,18.8501,18.85,18.8501,200,0
FGNXP.US,5,20250908,194500,18.695,18.695,18.695,18.695,100,0
FGNXP.US,5,20250908,211500,18.85,18.85,18.85,18.85,100,0
FGNXP.US,5,20250909,175500,18.616,18.616,18.5926,18.5926,200,0
FGNXP.US,5,20250909,183000,18.4,18.4,18.15,18.15,736,0
FGNXP.US,5,20250909,192500,17.0458,17.5,17.0458,17.5,650,0
FGNXP.US,5,20250909,193000,17.5,17.5,17.5,17.5,200,0
FGNXP.US,5,20250909,193500,17.5,17.5,17.5,17.5,700,0
FGNXP.US,5,20250909,194500,18,18,18,18,200,0
FGNXP.US,5,20250909,205000,18.15,18.15,18.15,18.15,100,0
FGNXP.US,5,20250909,215000,18.01,18.01,18,18,200,0
FGNXP.US,5,20250909,215500,18,18,18,18,100,0
FGNXP.US,5,20250910,161000,17.5,17.8763,17.5,17.6,1300,0
FGNXP.US,5,20250910,162000,17.6408,17.6408,17.6408,17.6408,300,0
FGNXP.US,5,20250910,172500,17.79,17.97,17.79,17.97,424,0
FGNXP.US,5,20250911,165500,17.65,17.65,17.6301,17.6301,200,0
FGNXP.US,5,20250911,170500,17.7935,17.7935,17.7935,17.7935,141,0
FGNXP.US,5,20250911,173500,17.838,17.838,17.7001,17.7001,275,0
FGNXP.US,5,20250911,181500,17.9999,18,17.9999,18,2300,0
FGNXP.US,5,20250911,182000,18,18,17.85,17.85,1405,0
FGNXP.US,5,20250911,182500,18,18,17.955,17.955,2584,0
FGNXP.US,5,20250911,201000,18.01,18.01,18.01,18.01,500,0
FGNXP.US,5,20250911,202000,18.309,18.309,18.309,18.309,350,0
FGNXP.US,5,20250911,210500,18.64,18.64,18.64,18.64,100,0
FGNXP.US,5,20250911,214000,18.7,18.7499,18.7,18.7499,206,0
FGNXP.US,5,20250911,214500,18.0101,18.8,18.0101,18.8,200,0
FGNXP.US,5,20250911,215000,18.8,18.8,18.4019,18.4019,400,0
FGNXP.US,5,20250911,215500,18.75,18.75,18.75,18.75,100,0
FGNXP.US,5,20250912,154000,18.115,18.115,18.115,18.115,200,0
FGNXP.US,5,20250912,154500,18.2145,18.2145,18.2145,18.2145,800,0
FGNXP.US,5,20250912,161500,18.59,18.59,18.59,18.59,100,0
FGNXP.US,5,20250912,201000,18.2001,18.3999,18.2,18.3999,300,0
FGNXP.US,5,20250915,160000,18.115,18.115,18.115,18.115,359,0
FGNXP.US,5,20250915,162000,18.5218,18.5218,18.5218,18.5218,150,0
FGNXP.US,5,20250915,163500,18.5,18.5,18.5,18.5,100,0
FGNXP.US,5,20250915,165000,18,18,17.9405,17.9405,333,0
FGNXP.US,5,20250915,173500,18.27,18.27,18.27,18.27,100,0
FGNXP.US,5,20250915,191000,18.084,18.084,18.01,18.01,398,0
FGNXP.US,5,20250915,201000,18.3,18.3,18.3,18.3,100,0
FGNXP.US,5,20250915,212500,18.3,18.3,18.3,18.3,200,0
FGNXP.US,5,20250916,174500,18.38,18.38,18.38,18.38,256,0
FGNXP.US,5,20250916,183000,18.248,18.248,18.248,18.248,200,0
FGNXP.US,5,20250916,203000,18.225,18.225,18.225,18.225,1000,0
FGNXP.US,5,20250916,215500,18.39,18.39,18.39,18.39,101,0
FGNXP.US,5,20250917,153000,18.14,18.14,18.14,18.14,101,0
FGNXP.US,5,20250917,160000,18.4,18.41,18.4,18.41,200,0
FGNXP.US,5,20250917,160500,18.3,18.3,18.3,18.3,200,0
FGNXP.US,5,20250917,163500,18.3605,18.3605,18.3011,18.3097,300,0
FGNXP.US,5,20250917,164000,18.3,18.3,18.3,18.3,100,0
FGNXP.US,5,20250917,213000,18.3,18.3,18.3,18.3,100,0
FGNXP.US,5,20250917,213500,18.41,18.41,18.41,18.41,100,0
FGNXP.US,5,20250918,163500,18.41,18.41,18.41,18.41,3493,0
FGNXP.US,5,20250918,164000,18.41,18.41,18.39,18.41,5800,0
FGNXP.US,5,20250918,171500,18.41,18.41,18.41,18.41,100,0
FGNXP.US,5,20250918,174000,18.41,18.41,18.25,18.25,660,0
FGNXP.US,5,20250918,174500,18.1874,18.41,18.1501,18.1884,1472,0
FGNXP.US,5,20250918,175500,18.3,18.3,18.15,18.28,339,0
FGNXP.US,5,20250918,180000,18.41,18.41,18.293,18.293,774,0
FGNXP.US,5,20250918,180500,18.28,18.41,18.1501,18.41,1200,0
FGNXP.US,5,20250918,182000,18.319,18.41,18.1853,18.293,1499,0
FGNXP.US,5,20250918,185000,18.4099,18.4099,18.285,18.285,357,0
FGNXP.US,5,20250918,193500,18.16,18.2823,18.16,18.2801,600,0
FGNXP.US,5,20250918,203000,18.2636,18.293,18.2636,18.293,600,0
FGNXP.US,5,20250918,214500,18.2795,18.2795,18.2795,18.2795,100,0
FGNXP.US,5,20250919,162500,18.1,18.1,18.1,18.1,100,0
FGNXP.US,5,20250919,163500,17.84,17.84,17.84,17.84,100,0
FGNXP.US,5,20250919,173500,18.03,18.03,18.03,18.03,100,0
FGNXP.US,5,20250919,182000,18.0793,18.0793,18.0793,18.0793,200,0
FGNXP.US,5,20250919,184500,18.05,18.05,18.05,18.05,100,0
FGNXP.US,5,20250919,185000,17.9,17.9,17.9,17.9,100,0
FGNXP.US,5,20250919,194500,18,18,18,18,100,0
FGNXP.US,5,20250919,215000,18.09,18.09,18.09,18.09,100,0
FGNXP.US,5,20250922,170000,17.92,18.1851,17.92,18.1851,1000,0
FGNXP.US,5,20250922,172000,18.01,18.01,18.01,18.01,100,0
FGNXP.US,5,20250922,173500,18.01,18.01,18.01,18.01,700,0
FGNXP.US,5,20250922,194500,18.1049,18.1049,18.01,18.01,600,0
FGNXP.US,5,20250922,204000,17.84,17.84,17.84,17.84,100,0
FGNXP.US,5,20250922,204500,17.84,17.84,17.84,17.84,200,0
FGNXP.US,5,20250922,205000,17.9392,17.9392,17.9392,17.9392,100,0
FGNXP.US,5,20250922,210000,17.9392,17.9392,17.9392,17.9392,100,0
FGNXP.US,5,20250922,211500,17.84,17.84,17.84,17.84,300,0
FGNXP.US,5,20250922,212500,17.84,17.84,17.84,17.84,100,0
FGNXP.US,5,20250922,214000,17.84,17.84,17.84,17.84,100,0
FGNXP.US,5,20250922,215000,17.962,17.962,17.962,17.962,100,0
FGNXP.US,5,20250922,215500,17.99,17.99,17.99,17.99,101,0
FGNXP.US,5,20250923,153000,17.63,17.63,17.63,17.63,100,0
FGNXP.US,5,20250923,154500,18.1439,18.1439,18.1439,18.1439,100,0
FGNXP.US,5,20250923,160000,18,18,18,18,100,0
FGNXP.US,5,20250923,164000,18.002,18.2,18.002,18.2,328,0
FGNXP.US,5,20250923,164500,18.2,18.2,18.2,18.2,200,0
FGNXP.US,5,20250923,193000,17.894,17.894,17.894,17.894,200,0
FGNXP.US,5,20250923,195000,17.894,17.894,17.894,17.894,100,0
FGNXP.US,5,20250923,211000,17.63,17.63,17.63,17.63,100,0
FGNXP.US,5,20250923,212500,17.9,17.9871,17.9,17.9871,827,0
FGNXP.US,5,20250923,214000,17.999,17.999,17.999,17.999,182,0
FGNXP.US,5,20250924,153000,18.2,18.2,18.2,18.2,100,0
FGNXP.US,5,20250924,160500,17.8,17.8,17.8,17.8,100,0
FGNXP.US,5,20250924,172500,17.75,17.75,17.75,17.75,100,0
FGNXP.US,5,20250924,175000,17.75,17.75,17.72,17.72,578,0
FGNXP.US,5,20250924,183000,17.7077,17.75,17.7077,17.75,500,0
FGNXP.US,5,20250924,183500,17.7077,17.7077,17.7077,17.7077,200,0
FGNXP.US,5,20250924,184500,17.7,17.7,17.7,17.7,100,0
FGNXP.US,5,20250924,185000,17.75,17.75,17.75,17.75,100,0
FGNXP.US,5,20250924,192500,17.7,17.7,17.7,17.7,900,0
FGNXP.US,5,20250924,193000,17.69,17.7,17.69,17.7,1270,0
FGNXP.US,5,20250924,204000,17.75,17.75,17.75,17.75,100,0
FGNXP.US,5,20250924,205000,17.76,17.76,17.76,17.76,100,0
FGNXP.US,5,20250924,210500,17.74,17.74,17.6,17.6,1055,0
FGNXP.US,5,20250924,212000,17.355,17.355,17.355,17.355,100,0
FGNXP.US,5,20250924,215500,17.13,17.59,17.13,17.59,200,0
FGNXP.US,5,20250925,164000,17.38,17.4295,17.35,17.35,400,0
FGNXP.US,5,20250925,182500,17.39,17.39,17.39,17.39,210,0
FGNXP.US,5,20250925,192000,17.15,17.15,17.15,17.15,200,0
FGNXP.US,5,20250925,193000,17.1,17.11,17.1,17.1,4611,0
FGNXP.US,5,20250925,195000,17.195,17.195,17.195,17.195,103,0
FGNXP.US,5,20250925,200500,17.25,17.25,17.25,17.25,100,0
FGNXP.US,5,20250925,202000,17.39,17.39,17.39,17.39,392,0
FGNXP.US,5,20250925,203500,17.5,17.5,17.4,17.5,700,0
FGNXP.US,5,20250925,205500,17.51,17.51,17.51,17.51,100,0
FGNXP.US,5,20250925,215000,17.75,17.75,17.75,17.75,100,0
FGNXP.US,5,20250926,153000,17.75,17.75,17.75,17.75,118,0
FGNXP.US,5,20250926,161000,18,18,18,18,300,0
FGNXP.US,5,20250926,162500,18.0775,18.0775,18.025,18.025,600,0
FGNXP.US,5,20250926,163000,17.8504,18.0731,17.8504,18.0731,450,0
FGNXP.US,5,20250926,164500,17.99,18,17.99,18,544,0
FGNXP.US,5,20250926,170500,18.2,18.2,18.2,18.2,400,0
FGNXP.US,5,20250926,171000,18.15,18.2,18.15,18.2,200,0
FGNXP.US,5,20250926,172500,18.2,18.2,18.2,18.2,1300,0
FGNXP.US,5,20250926,173000,18.2,18.2,18.2,18.2,2500,0
FGNXP.US,5,20250926,173500,18.1784,18.1784,18.1784,18.1784,150,0
FGNXP.US,5,20250926,174000,18.175,18.175,18.175,18.175,500,0
FGNXP.US,5,20250926,174500,18.18,18.2,18.175,18.1787,4602,0
FGNXP.US,5,20250926,175000,18.5596,18.5596,18.55,18.55,400,0
FGNXP.US,5,20250926,180500,18.625,18.6564,18.625,18.625,750,0
FGNXP.US,5,20250926,181000,18.51,18.51,18.51,18.51,250,0
FGNXP.US,5,20250926,182500,18.65,18.65,18.65,18.65,255,0
FGNXP.US,5,20250926,183500,18.782,18.85,18.782,18.84,308,0
FGNXP.US,5,20250926,204000,19.35,19.35,19,19,550,0
FGNXP.US,5,20250926,205000,19,19,19,19,100,0
FGNXP.US,5,20250926,215500,18.87,18.87,18.85,18.85,876,0
FGNXP.US,5,20250929,153000,18.53,18.53,18.53,18.53,104,0
FGNXP.US,5,20250929,162000,19.1898,19.1898,19.1898,19.1898,200,0
FGNXP.US,5,20250929,162500,18.8748,19.1699,18.593,18.593,1100,0
FGNXP.US,5,20250929,213000,19.05,19.4999,19.05,19.4999,582,0
FGNXP.US,5,20250929,213500,19.2312,19.2312,19.2312,19.2312,100,0
FGNXP.US,5,20250930,165500,19.49,19.49,19.49,19.49,100,0
FGNXP.US,5,20250930,175000,19.1358,19.1358,19.1358,19.1358,1000,0
FGNXP.US,5,20250930,191000,19.25,19.25,19.25,19.25,200,0
FGNXP.US,5,20250930,213500,19.24,19.24,19.24,19.24,277,0
FGNXP.US,5,20250930,214000,19.0401,19.0401,19.0401,19.0401,150,0
FGNXP.US,5,20250930,215000,19.315,19.315,19.315,19.315,500,0
FGNXP.US,5,20251001,180000,19.4146,19.4146,19.4146,19.4146,1000,0
FGNXP.US,5,20251001,195000,19.45,19.5,19.45,19.5,700,0
FGNXP.US,5,20251001,211500,19.5344,19.5344,19.5344,19.5344,607,0
FGNXP.US,5,20251001,212500,19.5353,19.5353,19.5353,19.5353,250,0
FGNXP.US,5,20251001,214000,19.5543,19.5543,19.5543,19.5543,100,0
FGNXP.US,5,20251001,215500,19.59,19.87,19.59,19.87,200,0
FGNXP.US,5,20251002,153000,19.5,19.5,19.5,19.5,100,0
FGNXP.US,5,20251002,210000,19,19,19,19,200,0
FGNXP.US,5,20251002,210500,19.02,19.02,19,19,200,0
FGNXP.US,5,20251002,211000,19,19,19,19,200,0
FGNXP.US,5,20251003,163500,18.56,18.56,18.56,18.56,300,0
FGNXP.US,5,20251003,184000,18.9737,18.9737,18.9737,18.9737,540,0
FGNXP.US,5,20251003,215000,18.9,18.9,18.9,18.9,100,0
FGNXP.US,5,20251003,215500,18.9999,18.9999,18.9999,18.9999,300,0
FGNXP.US,5,20251006,160000,18.98,18.98,18.98,18.98,250,0
FGNXP.US,5,20251006,180500,18.735,18.735,18.735,18.735,400,0
FGNXP.US,5,20251006,192500,18.7592,18.7615,18.7592,18.7615,400,0
FGNXP.US,5,20251006,194000,18.99,18.99,18.99,18.99,100,0
FGNXP.US,5,20251006,195500,18.8089,18.8089,18.8089,18.8089,100,0
FGNXP.US,5,20251006,210500,18.97,19,18.97,19,257,0
FGNXP.US,5,20251007,153000,19.16,19.16,19.16,19.16,100,0
FGNXP.US,5,20251007,163000,18.8655,18.8655,18.8655,18.8655,100,0
FGNXP.US,5,20251008,161000,18.8923,18.8923,18.8923,18.8923,100,0
FGNXP.US,5,20251008,193000,19.2095,19.2095,19.2095,19.2095,234,0
FGNXP.US,5,20251008,215500,19.21,19.21,19.21,19.21,100,0
FGNXP.US,5,20251010,180000,18.9628,18.9628,18.9628,18.9628,100,0
FGNXP.US,5,20251010,181500,19.0225,19.0225,19.0225,19.0225,100,0
FGNXP.US,5,20251010,194000,18.9,18.93,18.9,18.9,7400,0
FGNXP.US,5,20251010,194500,18.9,18.93,18.9,18.93,369,0
FGNXP.US,5,20251010,195000,18.9,18.9,18.9,18.9,500,0
FGNXP.US,5,20251013,160000,19,19,19,19,100,0
FGNXP.US,5,20251013,161000,18.7476,18.7476,18.7476,18.7476,100,0
FGNXP.US,5,20251013,161500,19,19,19,19,100,0
FGNXP.US,5,20251013,180000,18.9999,18.9999,18.9999,18.9999,225,0
FGNXP.US,5,20251013,203000,18.51,18.54,18.51,18.51,444,0
FGNXP.US,5,20251013,211500,18.9425,18.9425,18.9425,18.9425,200,0
FGNXP.US,5,20251013,212000,18.75,18.75,18.75,18.75,100,0
FGNXP.US,5,20251013,212500,18.8,18.8,18.8,18.8,100,0
FGNXP.US,5,20251014,153500,18.5,18.9002,18.5,18.9002,898,0
FGNXP.US,5,20251014,154000,18.3986,18.3986,18.39,18.39,216,0
FGNXP.US,5,20251014,154500,18.04,18.4623,17.7077,18.175,2521,0
FGNXP.US,5,20251014,160500,18.29,18.29,18.29,18.29,100,0
FGNXP.US,5,20251014,205000,18,18,18,18,200,0
FGNXP.US,5,20251014,213000,18,18,17.9961,17.9961,280,0
FGNXP.US,5,20251014,214500,17.96,17.97,17.96,17.97,300,0
FGNXP.US,5,20251014,215000,17.98,18,17.96,17.96,500,0
FGNXP.US,5,20251015,172000,18.425,18.425,18.425,18.425,1120,0
FGNXP.US,5,20251015,191500,18.1107,18.1107,18.1107,18.1107,535,0
FGNXP.US,5,20251015,195500,18.09,18.09,18.09,18.09,100,0
FGNXP.US,5,20251015,205000,18.43,18.43,18.43,18.43,100,0
FGNXP.US,5,20251015,214000,18.15,18.15,18.15,18.15,100,0
FGNXP.US,5,20251016,153000,18.23,18.23,18.23,18.23,150,0
FGNXP.US,5,20251016,155500,18.1,18.185,18,18.185,659,0
FGNXP.US,5,20251016,165000,18.43,18.43,18.43,18.43,150,0
FGNXP.US,5,20251016,165500,18.315,18.315,18.315,18.315,500,0
FGNXP.US,5,20251016,215500,18.43,18.43,18.43,18.43,100,0
FGNXP.US,5,20251017,155500,18.2,18.2,18.2,18.2,100,0
FGNXP.US,5,20251017,162000,18.2023,18.2023,18.2023,18.2023,100,0
FGNXP.US,5,20251017,163500,18.33,18.33,18.33,18.33,100,0
FGNXP.US,5,20251017,172000,18.2,18.2,18.2,18.2,100,0
FGNXP.US,5,20251017,172500,18,18.05,18,18.05,600,0
FGNXP.US,5,20251017,181000,17.11,17.11,17.11,17.11,100,0
FGNXP.US,5,20251017,185500,17.9921,17.9921,17.9921,17.9921,100,0
FGNXP.US,5,20251017,211000,17.9,17.9,17.9,17.9,4600,0
FGNXP.US,5,20251020,200000,18.2234,18.2234,18.2234,18.2234,211,0
FGNXP.US,5,20251021,154000,18.42,18.42,18.42,18.42,100,0
FGNXP.US,5,20251021,155500,18.42,18.42,18.42,18.42,100,0
FGNXP.US,5,20251021,162500,18.39,18.39,18.39,18.39,100,0
FGNXP.US,5,20251021,170000,18.39,18.39,18.39,18.39,200,0
FGNXP.US,5,20251021,171500,17.9413,17.9413,17.9413,17.9413,500,0
FGNXP.US,5,20251021,175500,18.39,18.39,18.38,18.38,200,0
FGNXP.US,5,20251021,185500,18.38,18.38,18.38,18.38,100,0
FGNXP.US,5,20251021,192000,18.38,18.38,18.38,18.38,100,0
FGNXP.US,5,20251021,194500,18.38,18.38,18.38,18.38,100,0
FGNXP.US,5,20251021,201500,18.38,18.38,18.38,18.38,100,0
FGNXP.US,5,20251021,205000,18.38,18.38,18.38,18.38,100,0
FGNXP.US,5,20251021,211500,17.6383,17.6383,17.6383,17.6383,500,0
FGNXP.US,5,20251021,215000,18.37,18.37,18.37,18.37,100,0
FGNXP.US,5,20251022,162000,18.3699,18.3699,18.3699,18.3699,188,0
FGNXP.US,5,20251022,171500,17.5708,17.5708,17.53,17.53,1126,0
FGNXP.US,5,20251022,172000,17.9995,17.9995,17.9995,17.9995,100,0
FGNXP.US,5,20251022,172500,18.23,18.23,18.23,18.23,200,0
FGNXP.US,5,20251022,174000,17.8057,17.84,17.8,17.8,968,0
FGNXP.US,5,20251022,180000,18.19,18.19,18.17,18.17,200,0
FGNXP.US,5,20251023,153000,17.8156,17.8156,17.8156,17.8156,143,0
FGNXP.US,5,20251023,162500,18.11,18.11,18.11,18.11,100,0
FGNXP.US,5,20251023,163500,18.239,18.239,18.239,18.239,3036,0
FGNXP.US,5,20251023,173500,18.18,18.2,18.18,18.2,2750,0
FGNXP.US,5,20251023,174000,18.17,18.2,18.17,18.2,2750,0
FGNXP.US,5,20251023,181000,18.37,18.43,18.17,18.17,2444,0
FGNXP.US,5,20251023,183500,18,18.3,17.98,18.2079,4255,0
FGNXP.US,5,20251023,191500,18.38,18.85,18.38,18.74,1708,0
FGNXP.US,5,20251023,192000,18.99,19,18.95,18.9999,754,0
FGNXP.US,5,20251023,192500,19.13,19.99,19,19.99,1583,0
FGNXP.US,5,20251023,204500,18.7,18.7,18.7,18.7,451,0
FGNXP.US,5,20251023,205500,18.8301,18.8301,18.8301,18.8301,1998,0
FGNXP.US,5,20251023,210500,19.02,19.02,19,19,1200,0
FGNXP.US,5,20251023,211000,19.46,19.49,19.284,19.284,1436,0
FGNXP.US,5,20251023,211500,18.9228,18.9228,18.9228,18.9228,1350,0
FGNXP.US,5,20251023,215500,18.99,18.99,18.99,18.99,100,0
FGNXP.US,5,20251024,164000,20,20,20,20,100,0
FGNXP.US,5,20251024,174000,19.75,19.75,19.75,19.75,500,0
FGNXP.US,5,20251024,174500,19.75,19.75,19.75,19.75,200,0
FGNXP.US,5,20251024,175000,19.5001,19.5001,19.5,19.5,200,0
FGNXP.US,5,20251027,145000,19.35,19.35,19.35,19.35,100,0
FGNXP.US,5,20251027,161000,19.75,19.75,19.75,19.75,100,0
FGNXP.US,5,20251027,165000,19.5,19.5,19.5,19.5,100,0
FGNXP.US,5,20251027,173000,19.5,19.5,19.5,19.5,100,0
FGNXP.US,5,20251027,180500,19.5,19.5,19.5,19.5,100,0
FGNXP.US,5,20251027,184000,19.2,19.2,19.2,19.2,100,0
FGNXP.US,5,20251027,192500,19,19,19,19,100,0
FGNXP.US,5,20251027,202000,19,19,19,19,2300,0
FGNXP.US,5,20251027,202500,20.8034,20.8034,20.8034,20.8034,100,0
FGNXP.US,5,20251028,143000,20.9,20.9,20.75,20.75,200,0
FGNXP.US,5,20251028,151500,20.7501,20.7501,20.75,20.75,200,0
FGNXP.US,5,20251028,161500,19.31,19.31,19.18,19.31,400,0
FGNXP.US,5,20251028,162500,19.1499,19.15,19.1499,19.15,500,0
FGNXP.US,5,20251029,190000,18.7258,19.15,18.7258,19.15,1405,0
FGNXP.US,5,20251031,151500,20.22,20.22,20.22,20.22,100,0
FGNXP.US,5,20251031,163500,19,19,19,19,100,0
FGNXP.US,5,20251031,174500,18.5647,19,18.5647,19,500,0
FGNXP.US,5,20251031,190000,19,19,19,19,200,0
FGNXP.US,5,20251031,190500,19,19,19,19,100,0
FGNXP.US,5,20251103,155500,19.1222,19.1222,19.1222,19.1222,100,0
FGNXP.US,5,20251103,175000,19.11,19.11,19.11,19.11,100,0
FGNXP.US,5,20251104,204500,19.7,19.7,19.2563,19.2563,200,0
FGNXP.US,5,20251104,213000,19.4558,19.4558,19.4558,19.4558,774,0
FGNXP.US,5,20251105,153000,20,20.3492,20,20.3492,350,0
FGNXP.US,5,20251105,185000,19.9999,19.9999,19.9999,19.9999,100,0
FGNXP.US,5,20251105,191000,19.57,19.57,19.57,19.57,100,0
FGNXP.US,5,20251106,185500,19.1803,19.1803,19.1803,19.1803,134,0
FGNXP.US,5,20251106,191000,19.32,19.32,19.17,19.17,602,0
FGNXP.US,5,20251106,194500,18.91,18.91,18.9,18.9,500,0
FGNXP.US,5,20251107,185500,18.01,18.03,18,18,900,0
FGNXP.US,5,20251107,190000,18.24,18.25,18.24,18.25,400,0
FGNXP.US,5,20251107,195000,18.89,18.89,18.89,18.89,100,0
FGNXP.US,5,20251107,200500,18.9,18.9,18.9,18.9,100,0
FGNXP.US,5,20251107,211500,18.9,18.9,18.9,18.9,200,0
FGNXP.US,5,20251107,215000,18.9,18.9,18.9,18.9,200,0
FGNXP.US,5,20251107,215500,18.9,18.9,18.9,18.9,200,0
FGNXP.US,5,20251110,153000,18.5,18.89,18.5,18.89,1853,0
FGNXP.US,5,20251110,153500,18.5,18.5,18.5,18.5,225,0
FGNXP.US,5,20251110,154500,19.7942,19.7942,19.7942,19.7942,100,0
FGNXP.US,5,20251110,155000,19.8,19.8,19.8,19.8,606,0
FGNXP.US,5,20251110,165500,17.81,17.81,17.81,17.81,1937,0
FGNXP.US,5,20251110,170000,19.4999,19.4999,19.4999,19.4999,100,0
FGNXP.US,5,20251110,180000,17.7901,17.7901,17.7901,17.7901,100,0
FGNXP.US,5,20251110,180500,19.48,19.48,19.48,19.48,100,0
FGNXP.US,5,20251111,170500,17.7354,17.7354,17.7354,17.7354,448,0
FGNXP.US,5,20251111,171500,18.2544,18.2544,18.2544,18.2544,100,0
FGNXP.US,5,20251111,174500,18.765,18.765,18.765,18.765,100,0
FGNXP.US,5,20251111,190500,18.8,18.8,18.8,18.8,100,0
FGNXP.US,5,20251111,195500,18.9,18.9,18.9,18.9,100,0
FGNXP.US,5,20251112,155500,18.9,18.9,18.9,18.9,300,0
FGNXP.US,5,20251112,201000,19.77,19.77,19.77,19.77,100,0
FGNXP.US,5,20251117,172000,19.5393,19.5393,19.5393,19.5393,900,0
FGNXP.US,5,20251117,181500,19.25,19.25,19.25,19.25,300,0
FGNXP.US,5,20251118,155500,18.55,18.5836,18.54,18.5836,660,0
FGNXP.US,5,20251118,160500,18.7625,18.7625,18.7625,18.7625,100,0
FGNXP.US,5,20251118,164000,18.9,18.9,18.9,18.9,200,0
FGNXP.US,5,20251118,164500,18.8,18.8,18.8,18.8,1000,0
FGNXP.US,5,20251118,172000,18.89,18.89,18.89,18.89,300,0
FGNXP.US,5,20251118,173000,19.058,19.13,19.01,19.01,600,0
FGNXP.US,5,20251118,173500,18.925,18.925,18.925,18.925,100,0
FGNXP.US,5,20251118,190000,18.85,18.85,18.85,18.85,100,0
FGNXP.US,5,20251118,190500,18.92,18.92,18.92,18.92,201,0
FGNXP.US,5,20251118,193500,18.75,18.75,18.75,18.75,100,0
FGNXP.US,5,20251118,194500,19,19,19,19,100,0
FGNXP.US,5,20251118,195500,18.9,18.9,18.9,18.9,100,0
FGNXP.US,5,20251118,201500,18.75,18.75,18.75,18.75,100,0
FGNXP.US,5,20251118,204500,18.56,18.56,18.54,18.54,200,0
FGNXP.US,5,20251118,205500,18.8,18.8,18.8,18.8,271,0
FGNXP.US,5,20251118,210000,18.85,18.85,18.85,18.85,100,0
FGNXP.US,5,20251118,211000,18.8,18.8,18.8,18.8,329,0
FGNXP.US,5,20251118,212000,18.73,18.73,18.73,18.73,100,0
FGNXP.US,5,20251118,213000,18.6,18.6,18.6,18.6,100,0
FGNXP.US,5,20251118,213500,18.61,18.61,18.61,18.61,100,0
FGNXP.US,5,20251118,214000,18.64,18.64,18.64,18.64,100,0
FGNXP.US,5,20251118,214500,18.61,18.61,18.61,18.61,100,0
FGNXP.US,5,20251118,215000,18.62,18.62,18.62,18.62,100,0
FGNXP.US,5,20251118,215500,18.62,18.64,18.61,18.64,300,0
FGNXP.US,5,20251119,194000,19.082,19.082,18.8,18.8,2800,0
FGNXP.US,5,20251120,153000,18.5,18.8,18.5,18.8,501,0
FGNXP.US,5,20251120,175000,18.85,18.85,18.85,18.85,5100,0
FGNXP.US,5,20251120,175500,18.85,18.85,18.85,18.85,2573,0
FGNXP.US,5,20251120,180000,18.85,18.85,18.85,18.85,1000,0
FGNXP.US,5,20251120,181000,18.85,18.85,18.8,18.8,1040,0
FGNXP.US,5,20251120,190000,18.8,18.8,18.8,18.8,100,0
FGNXP.US,5,20251120,195000,18.886,18.886,18.8,18.8,1400,0
FGNXP.US,5,20251121,160000,18.15,18.15,18.15,18.15,100,0
FGNXP.US,5,20251121,160500,19.0245,19.0245,19.0245,19.0245,100,0
FGNXP.US,5,20251121,161000,18.15,18.945,18.15,18.945,200,0
FGNXP.US,5,20251124,160500,18.82,19.6569,18.82,19.6569,300,0
FGNXP.US,5,20251125,174500,19.86,19.89,19.85,19.89,1187,0
FGNXP.US,5,20251125,212000,19.5,19.5,19.5,19.5,200,0
FGNXP.US,5,20251125,214000,19.4662,19.4662,19.4662,19.4662,100,0
FGNXP.US,5,20251126,153000,20,20,19.75,19.7501,5594,0
FGNXP.US,5,20251126,155000,19.9,19.99,19.9,19.9,450,0
FGNXP.US,5,20251126,155500,19.95,20,19.95,19.95,500,0
FGNXP.US,5,20251126,160000,19.9878,19.9878,19.9878,19.9878,100,0
FGNXP.US,5,20251126,161500,19.9784,19.9784,19.975,19.975,450,0
FGNXP.US,5,20251126,163500,20,20,20,20,250,0
FGNXP.US,5,20251126,165000,19.96,19.96,19.96,19.96,200,0
FGNXP.US,5,20251126,165500,19.9832,19.9832,19.9832,19.9832,146,0
FGNXP.US,5,20251126,170000,20,20,19.95,19.95,300,0
FGNXP.US,5,20251126,173000,20,20,20,20,501,0
FGNXP.US,5,20251126,192500,20.2,20.5,20.2,20.5,700,0
FGNXP.US,5,20251126,194500,20.497,20.497,20.497,20.497,100,0
FGNXP.US,5,20251126,200000,20.5,20.5,20.5,20.5,200,0
FGNXP.US,5,20251126,205000,20.367,20.5,20.367,20.5,200,0
FGNXP.US,5,20251126,210000,20.4199,20.4199,20.4199,20.4199,300,0
FGNXP.US,5,20251126,211500,20.26,20.2601,20.26,20.2601,400,0
FGNXP.US,5,20251126,215000,20.375,20.5,20.375,20.5,5743,0
FGNXP.US,5,20251126,215500,20.393,20.393,20.393,20.393,200,0
FGNXP.US,5,20251128,153000,20.5,20.5,20.5,20.5,725,0
FGNXP.US,5,20251128,163000,20.4991,20.4991,20.4991,20.4991,100,0
FGNXP.US,5,20251128,164000,20.4935,20.4935,20.49,20.4906,300,0
FGNXP.US,5,20251128,164500,20.495,20.495,20.49,20.49,200,0
FGNXP.US,5,20251128,165000,20.49,20.4901,20.49,20.4901,200,0
FGNXP.US,5,20251128,171000,20.49,20.49,20.49,20.49,100,0
FGNXP.US,5,20251128,180000,20.5,20.5,20.5,20.5,700,0
FGNXP.US,5,20251128,183000,20.5,20.5,20.4759,20.4759,1560,0
FGNXP.US,5,20251128,183500,20.5,20.5,20.4764,20.4764,2000,0
FGNXP.US,5,20251128,185500,20.5,20.5,20.5,20.5,200,0
FGNXP.US,5,20251201,153000,20,20.1,20,20.1,391,0
FGNXP.US,5,20251201,155500,20.0903,20.0903,20.0903,20.0903,592,0
FGNXP.US,5,20251201,162000,20.3125,20.3125,20.3125,20.3125,232,0
FGNXP.US,5,20251201,175000,20.35,20.35,20.35,20.35,400,0
FGNXP.US,5,20251201,180500,20.32,20.32,20.32,20.32,500,0
FGNXP.US,5,20251201,193000,20.3974,20.3974,20.3974,20.3974,1000,0
FGNXP.US,5,20251201,195000,20.45,20.4632,20.45,20.4632,1600,0
FGNXP.US,5,20251201,201500,20.485,20.5,20.485,20.5,1700,0
FGNXP.US,5,20251201,202000,20.5,20.5,20.5,20.5,349,0
FGNXP.US,5,20251201,203500,20.4121,20.4121,20.4121,20.4121,175,0
FGNXP.US,5,20251201,214000,20.32,20.4512,20.32,20.41,300,0
FGNXP.US,5,20251202,175000,20.2386,20.2386,20.2386,20.2386,272,0
FGNXP.US,5,20251202,213000,20.2901,20.2901,20.2901,20.2901,100,0
FGNXP.US,5,20251202,213500,20.4055,20.4055,20.4055,20.4055,100,0
FGNXP.US,5,20251202,214000,20.3782,20.3782,20.3782,20.3782,100,0
FGNXP.US,5,20251203,215000,20.4,20.4001,20.4,20.4001,200,0
FGNXP.US,5,20251203,215500,20.45,20.45,20.45,20.45,100,0
FGNXP.US,5,20251204,153000,20.4999,20.5,20.4999,20.5,1200,0
FGNXP.US,5,20251204,154500,20.5,20.5,20.4505,20.4505,1219,0
FGNXP.US,5,20251204,155500,20.5,20.5,20.4999,20.4999,1800,0
FGNXP.US,5,20251204,160000,20.4001,20.45,20.01,20.01,972,0
FGNXP.US,5,20251204,161000,20.2305,20.2305,20.2305,20.2305,100,0
FGNXP.US,5,20251205,161000,20.335,20.335,20.335,20.335,100,0
FGNXP.US,5,20251205,172500,20.4,20.4,20.4,20.4,200,0
FGNXP.US,5,20251208,154500,20.2759,20.2759,20.2759,20.2759,101,0
FGNXP.US,5,20251209,153000,20.3,20.3,20.3,20.3,285,0
FGNXP.US,5,20251209,154500,20.15,20.15,20.15,20.15,363,0
FGNXP.US,5,20251209,164000,20.05,20.5,20.05,20.5,1100,0
FGNXP.US,5,20251209,182000,20.3,20.3,20.29,20.29,400,0
FGNXP.US,5,20251209,192500,20.3,20.3,20.3,20.3,100,0
FGNXP.US,5,20251210,165500,20.406,20.406,20.406,20.406,200,0
FGNXP.US,5,20251210,170000,20.5,20.5,20.5,20.5,100,0
FGNXP.US,5,20251210,205000,20.4875,20.4875,20.4875,20.4875,314,0
FGNXP.US,5,20251211,153000,20.25,20.25,20.25,20.25,300,0
FGNXP.US,5,20251211,185000,20.2602,20.2602,20.2602,20.2602,500,0
FGNXP.US,5,20251211,214500,20.395,20.395,20.395,20.395,100,0
FGNXP.US,5,20251211,215500,20.35,20.35,20.35,20.35,100,0
FGNXP.US,5,20251212,170500,20.4,20.4,20.4,20.4,300,0
FGNXP.US,5,20251216,175000,20.5835,20.5835,20.5835,20.5835,150,0
FGNXP.US,5,20251217,201500,20.35,20.35,20.35,20.35,100,0
FGNXP.US,5,20251217,214000,20.7658,20.7658,20.7658,20.7658,410,0
FGNXP.US,5,20251218,192500,20.7699,20.7699,20.7699,20.7699,100,0
FGNXP.US,5,20251218,214000,20.27,20.27,20.27,20.27,345,0
FGNXP.US,5,20251218,214500,20.2001,20.76,20.2001,20.76,200,0
FGNXP.US,5,20251219,160500,20.77,20.77,20.7699,20.7699,2247,0
FGNXP.US,5,20251219,172000,20.8419,20.8419,20.8419,20.8419,100,0
FGNXP.US,5,20251219,192500,20.97,21,20.97,20.97,1200,0
FGNXP.US,5,20251219,215000,21,21,21,21,100,0
FGNXP.US,5,20251222,164500,20.55,20.55,20.55,20.55,575,0
FGNXP.US,5,20251222,165500,20.8551,20.8551,20.8551,20.8551,100,0
FGNXP.US,5,20251222,171500,21.498,21.498,21.45,21.45,470,0
FGNXP.US,5,20251222,175500,20.5937,20.774,20.2001,20.774,310,0
FGNXP.US,5,20251222,183000,20.75,20.75,20.75,20.75,1000,0
FGNXP.US,5,20251222,191000,21.49,21.49,21.45,21.45,300,0
FGNXP.US,5,20251222,193500,21.4999,21.4999,21.4999,21.4999,466,0
FGNXP.US,5,20251222,210000,21.5,21.5,21.5,21.5,300,0
FGNXP.US,5,20251223,154000,21.2542,21.2542,20.8299,20.8299,275,0
FGNXP.US,5,20251223,154500,20.9096,20.9096,20.774,20.85,400,0
FGNXP.US,5,20251223,182500,21.2205,21.2205,21.2205,21.2205,100,0
FGNXP.US,5,20251224,153500,21.22,21.22,21.22,21.22,300,0
FGNXP.US,5,20251226,163500,21.4999,21.4999,21.4999,21.4999,200,0
FGNXP.US,5,20251230,164500,20.75,20.9001,20.5,20.9001,951,0
FGNXP.US,5,20251230,171500,21.49,21.49,21.49,21.49,100,0
FGNXP.US,5,20251231,153000,21.3,21.3,21.3,21.3,529,0
FGNXP.US,5,20251231,153500,21.3,21.3,21.3,21.3,672,0
FGNXP.US,5,20251231,184500,21.5,21.5,21.5,21.5,264,0
FGNXP.US,5,20251231,185000,21.5603,21.5603,21.5603,21.5603,100,0
FGNXP.US,5,20251231,213500,21.6,21.6,21.465,21.465,4182,0
FGNXP.US,5,20260102,153000,21.5,21.5,21.5,21.5,200,0
FGNXP.US,5,20260102,174000,21.6,21.6,21.6,21.6,552,0
FGNXP.US,5,20260102,214500,21.66,21.66,21.66,21.66,593,0
FGNXP.US,5,20260105,153500,21.95,22,21.95,21.99,500,0
FGNXP.US,5,20260105,185000,21.99,22,21.99,22,200,0
FGNXP.US,5,20260106,154500,22.45,22.5,22.45,22.5,1891,0
FGNXP.US,5,20260106,160500,22.51,22.51,22.51,22.51,100,0
FGNXP.US,5,20260106,161500,22.5,22.7001,22.5,22.7001,400,0
FGNXP.US,5,20260106,175000,22.72,22.72,22.72,22.72,130,0
FGNXP.US,5,20260106,175500,22.5,22.5,22.5,22.5,130,0
FGNXP.US,5,20260106,181000,22.71,22.72,22.71,22.72,270,0
FGNXP.US,5,20260106,183500,22.61,22.61,22.5,22.6099,2287,0
FGNXP.US,5,20260106,185000,22.5,22.6099,22.5,22.6099,448,0
FGNXP.US,5,20260106,193500,22.577,22.577,22.577,22.577,116,0
FGNXP.US,5,20260106,194500,22.6188,22.6188,22.6188,22.6188,1000,0
FGNXP.US,5,20260106,214500,22.72,22.72,22.72,22.72,518,0
FGNXP.US,5,20260107,164500,22.72,22.72,22.72,22.72,100,0
FGNXP.US,5,20260107,184000,22.72,22.72,22.72,22.72,457,0
FGNXP.US,5,20260107,185500,22.89,22.89,22.89,22.89,100,0
FGNXP.US,5,20260107,193500,22.9,22.9,22.9,22.9,362,0
FGNXP.US,5,20260107,203000,22.9,23,22.9,22.9499,800,0
FGNXP.US,5,20260107,203500,23,23,22.95,22.95,740,0
FGNXP.US,5,20260107,205000,23.48,23.48,23.48,23.48,100,0
FGNXP.US,5,20260107,212500,23.35,23.35,23.35,23.35,115,0
FGNXP.US,5,20260107,213000,23.38,23.38,23.38,23.38,195,0
FGNXP.US,5,20260107,214000,23.4,23.4,23.4,23.4,100,0
FGNXP.US,5,20260107,214500,23.42,23.49,23.42,23.49,500,0
FGNXP.US,5,20260107,215000,23.5,23.5,23.5,23.5,199,0
FGNXP.US,5,20260108,160500,23.51,23.7301,23.51,23.7301,880,0
FGNXP.US,5,20260108,162500,23.5,23.5001,23.5,23.5001,1060,0
FGNXP.US,5,20260108,183000,23.65,23.65,23.65,23.65,300,0
FGNXP.US,5,20260108,193000,23.73,23.73,23.73,23.73,192,0
FGNXP.US,5,20260108,194000,23.73,23.73,23.73,23.73,200,0
FGNXP.US,5,20260108,195000,23.73,23.73,23.73,23.73,160,0
FGNXP.US,5,20260108,213000,23.95,23.96,23.95,23.96,200,0
FGNXP.US,5,20260108,213500,23.9446,23.9446,23.9446,23.9446,200,0
FGNXP.US,5,20260108,214000,23.93,23.98,23.93,23.98,400,0
FGNXP.US,5,20260108,214500,23.91,23.91,23.91,23.91,400,0
FGNXP.US,5,20260108,215500,24.12,24.12,24.12,24.12,110,0
