<TICKER>,<PER>,<DATE>,<TIME>,<OPEN>,<HIGH>,<LOW>,<CLOSE>,<VOL>,<OPENINT>
GDHG.US,5,20250813,153000,6.225,6.6,6.087,6.225,1009.333333838,0
GDHG.US,5,20250813,153500,6.3,6.3,6.3,6.3,6.666666670000001,0
GDHG.US,5,20250813,155500,6.306,6.306,6.306,6.306,68.666666701,0
GDHG.US,5,20250813,160500,6.3,6.3,6.3,6.3,24.6000000123,0
GDHG.US,5,20250813,161000,6.3,6.522,6.3,6.4485,303.0666668182,0
GDHG.US,5,20250813,161500,6.46204,6.522,6.3,6.315,965.6666671495,0
GDHG.US,5,20250813,162500,6.3765,6.45,6.3765,6.45,13.333333340000001,0
GDHG.US,5,20250813,163000,6.40876,6.40876,6.40876,6.40876,6.666666670000001,0
GDHG.US,5,20250813,164000,6.3375,6.3375,6.3375,6.3375,6.666666670000001,0
GDHG.US,5,20250813,164500,6.3375,6.3945,6.225,6.225,1388.000000694,0
GDHG.US,5,20250813,165000,6.3375,6.5595,6.3375,6.339,766.66666705,0
GDHG.US,5,20250813,170500,6.408,6.408,6.408,6.408,27.4000000137,0
GDHG.US,5,20250813,171000,6.40798,6.40798,6.40798,6.40798,33.333333350000004,0
GDHG.US,5,20250813,171500,6.225,6.5895,6.225,6.5895,14.0666666737,0
GDHG.US,5,20250813,172000,6.525,6.525,6.525,6.525,33.333333350000004,0
GDHG.US,5,20250813,172500,6.228,6.228,6.22501,6.22501,120.0666667267,0
GDHG.US,5,20250813,173000,6.28501,6.28501,6.28501,6.28501,10.000000005,0
GDHG.US,5,20250813,173500,6.225,6.5235,6.225,6.5235,174.7333334207,0
GDHG.US,5,20250813,175000,6.225,6.465,6.225,6.45,575.3333336210001,0
GDHG.US,5,20250813,175500,6.4875,6.4875,6.37425,6.37425,46.66666669,0
GDHG.US,5,20250813,180000,6.22501,6.22501,6.22501,6.22501,18.2666666758,0
GDHG.US,5,20250813,180500,6.276,6.5205,6.276,6.5205,24.9333333458,0
GDHG.US,5,20250813,181500,6.228,6.228,6.228,6.228,13.333333340000001,0
GDHG.US,5,20250813,184000,6.26172,6.26172,6.26172,6.26172,16.666666675000002,0
GDHG.US,5,20250813,184500,6.5235,6.5235,6.522,6.522,46.66666669,0
GDHG.US,5,20250813,190000,6.2265,6.48648,6.2265,6.48648,277.5333334721,0
GDHG.US,5,20250813,190500,6.522,6.5235,6.522,6.5235,13.333333340000001,0
GDHG.US,5,20250813,192000,6.26292,6.26292,6.26292,6.26292,43.8666666886,0
GDHG.US,5,20250813,194000,6.45,6.45,6.3375,6.3375,13.333333340000001,0
GDHG.US,5,20250813,194500,6.375,6.525,6.3645,6.525,1366.1333340164,0
GDHG.US,5,20250813,195000,6.525,7.0725,6.525,6.9435,1537.8666674356,0
GDHG.US,5,20250813,195500,6.34051,6.906,6.34051,6.906,28.8666666811,0
GDHG.US,5,20250813,200000,7.035,7.035,7.035,7.035,6.666666670000001,0
GDHG.US,5,20250813,201000,7.047,7.047,7.047,7.047,846.9333337568,0
GDHG.US,5,20250813,201500,6.828,7.047,6.828,6.9405,208.000000104,0
GDHG.US,5,20250813,202000,6.831,7.5,6.495,6.9975,4109.333335388,0
GDHG.US,5,20250813,202500,6.9975,7.4445,6.9975,7.2795,1089.333333878,0
GDHG.US,5,20250813,203000,7.341,7.43997,7.31998,7.33651,580.4000002902001,0
GDHG.US,5,20250813,203500,7.27801,7.3515,7.27801,7.3515,92.2666667128,0
GDHG.US,5,20250813,204000,7.278,7.278,7.278,7.278,146.66666674,0
GDHG.US,5,20250813,204500,7.425,7.44,7.425,7.44,333.33333350000004,0
GDHG.US,5,20250813,205000,7.3185,7.44,7.278,7.44,415.0666668742,0
GDHG.US,5,20250813,205500,7.437,7.437,7.437,7.437,6.666666670000001,0
GDHG.US,5,20250813,210000,7.422,7.422,7.071,7.071,841.4666670874,0
GDHG.US,5,20250813,210500,7.41,7.44,7.41,7.425,144.40000007220002,0
GDHG.US,5,20250813,211000,7.275,7.35,7.275,7.35,206.66666677,0
GDHG.US,5,20250813,211500,7.275,7.275,7.197,7.1985,40.00000002,0
GDHG.US,5,20250813,212000,7.1985,7.1985,7.07101,7.07101,113.33333339,0
GDHG.US,5,20250813,212500,7.197,7.1985,7.197,7.1985,551.6000002758,0
GDHG.US,5,20250813,213000,7.35,7.35,7.35,7.35,6.666666670000001,0
GDHG.US,5,20250813,213500,7.239,7.239,7.197,7.197,113.33333339,0
GDHG.US,5,20250813,214000,7.0725,7.3335,7.0725,7.3335,43.466666688400004,0
GDHG.US,5,20250813,214500,7.203,7.203,7.203,7.203,6.666666670000001,0
GDHG.US,5,20250813,215500,7.2735,7.335,7.197,7.332,213.6000001068,0
GDHG.US,5,20250814,153000,7.29,7.29,6.462,6.462,1139.8000005699,0
GDHG.US,5,20250814,153500,6.525,6.5415,6.009,6.3,1152.8000005764,0
GDHG.US,5,20250814,154000,6.3,7.1475,6.093,7.1475,1276.3333339715,0
GDHG.US,5,20250814,154500,6.42,6.636,6.096,6.096,80.00000004,0
GDHG.US,5,20250814,155000,6.6,6.6,6.6,6.6,260.00000013,0
GDHG.US,5,20250814,155500,6.324,6.33,6.093,6.11491,550.6000002753,0
GDHG.US,5,20250814,160000,6.285,6.33,6.27,6.33,7926.2000039631,0
GDHG.US,5,20250814,161500,6.963,6.963,6.339,6.339,30.000000015,0
GDHG.US,5,20250814,162500,7.17,7.176,7.17,7.1745,413.33333354,0
GDHG.US,5,20250814,163000,6.57,7.05,6.57,6.69,340.00000017,0
GDHG.US,5,20250814,163500,6.6915,6.6915,6.6915,6.6915,67.6666667005,0
GDHG.US,5,20250814,164500,6.6915,6.6915,6.6915,6.6915,16.5333333416,0
GDHG.US,5,20250814,165000,6.705,6.705,6.6915,6.6915,332.5333334996,0
GDHG.US,5,20250814,170000,6.69151,6.69151,6.69151,6.69151,33.4000000167,0
GDHG.US,5,20250814,171000,6.75,6.75,6.6975,6.75,227.0000001135,0
GDHG.US,5,20250814,172000,6.6975,6.924,6.69,6.924,323.8000001619,0
GDHG.US,5,20250814,173000,7.1745,7.1745,7.1745,7.1745,666.6666670000001,0
GDHG.US,5,20250814,182000,6.6975,6.6975,6.6975,6.6975,53.333333360000005,0
GDHG.US,5,20250814,184500,6.6975,6.6975,6.6975,6.6975,16.666666675000002,0
GDHG.US,5,20250814,185500,6.6975,6.6975,6.6975,6.6975,20.00000001,0
GDHG.US,5,20250814,190500,6.6975,6.6975,6.375,6.5625,114.7333333907,0
GDHG.US,5,20250814,191500,6.375,7.035,6.375,7.035,13.333333340000001,0
GDHG.US,5,20250814,192500,6.375,6.7995,6.375,6.7995,199.5333334331,0
GDHG.US,5,20250814,193000,7.02,7.1745,7.02,7.1745,176.8000000884,0
GDHG.US,5,20250814,194000,6.708,6.708,6.708,6.708,133.33333340000001,0
GDHG.US,5,20250814,195500,7.125,7.125,7.125,7.125,20.00000001,0
GDHG.US,5,20250814,200000,6.6105,6.6105,6.6105,6.6105,200.0000001,0
GDHG.US,5,20250814,201500,7.125,7.125,7.125,7.125,88.666666711,0
GDHG.US,5,20250814,204500,7.08,7.08,7.08,7.08,18.8666666761,0
GDHG.US,5,20250814,205000,6.834,6.834,6.834,6.834,6.666666670000001,0
GDHG.US,5,20250814,205500,6.9,6.9,6.9,6.9,33.333333350000004,0
GDHG.US,5,20250814,214500,6.8325,6.8325,6.8325,6.8325,21.6666666775,0
GDHG.US,5,20250814,215000,6.582,6.582,6.582,6.582,20.00000001,0
GDHG.US,5,20250814,215500,6.6,6.6,6.5025,6.522,264.9333334658,0
GDHG.US,5,20250815,153000,6.2625,6.45,6.2625,6.35895,555.0666669442,0
GDHG.US,5,20250815,153500,6.258,6.2595,6.258,6.2595,44.666666689,0
GDHG.US,5,20250815,154000,6.4485,6.4485,6.4485,6.4485,12.7333333397,0
GDHG.US,5,20250815,154500,6.3873,6.3873,6.3873,6.3873,14.2000000071,0
GDHG.US,5,20250815,162500,6.225,6.225,6.225,6.225,6.666666670000001,0
GDHG.US,5,20250815,164000,6.3,6.3,6.225,6.2625,204.000000102,0
GDHG.US,5,20250815,164500,6.21825,6.21825,6.21825,6.21825,17.9333333423,0
GDHG.US,5,20250815,165000,6.1365,6.219,6.1095,6.219,422.6000002113,0
GDHG.US,5,20250815,165500,6.3,6.3,6.1185,6.1185,40.00000002,0
GDHG.US,5,20250815,170000,6.1575,6.1575,6.1575,6.1575,241.60000012080002,0
GDHG.US,5,20250815,170500,6.1575,6.3,6,6.3,3313.4666683234,0
GDHG.US,5,20250815,171000,6.3,6.3,6,6.3,273.33333347,0
GDHG.US,5,20250815,171500,6,6.3,6,6.3,40.00000002,0
GDHG.US,5,20250815,172000,6.3,6.3,6.2985,6.3,36.000000018,0
GDHG.US,5,20250815,172500,6.3,6.3,6.288,6.288,13.333333340000001,0
GDHG.US,5,20250815,173000,6.288,6.288,6.0015,6.0015,65.0000000325,0
GDHG.US,5,20250815,173500,6.1455,6.2385,6.1455,6.2385,206.66666677,0
GDHG.US,5,20250815,174000,6.3,6.3,6.3,6.3,6.666666670000001,0
GDHG.US,5,20250815,175500,6.15075,6.15075,6.15075,6.15075,13.333333340000001,0
GDHG.US,5,20250815,180000,6.2985,6.2985,6.2985,6.2985,13.333333340000001,0
GDHG.US,5,20250815,182000,6.28348,6.28348,6.28348,6.28348,31.733333349200002,0
GDHG.US,5,20250815,182500,6.267,6.267,6.267,6.267,6.666666670000001,0
GDHG.US,5,20250815,185500,6.18963,6.18963,6.18963,6.18963,18.3333333425,0
GDHG.US,5,20250815,192500,6.2955,6.2955,6.2955,6.2955,6.666666670000001,0
GDHG.US,5,20250815,193500,6.297,6.297,6.297,6.297,6.666666670000001,0
GDHG.US,5,20250815,194000,6.1515,6.279,6.1515,6.279,213.33333344000002,0
GDHG.US,5,20250815,201500,6.267,6.267,6.267,6.267,20.9333333438,0
GDHG.US,5,20250815,202500,6.165,6.165,6.1515,6.1515,110.0666667217,0
GDHG.US,5,20250815,203000,6.2655,6.2655,6.2655,6.2655,6.666666670000001,0
GDHG.US,5,20250815,211500,6.2955,6.2955,6.2865,6.2865,428.6000002143,0
GDHG.US,5,20250815,212000,6.2955,6.2955,6.2955,6.2955,6.666666670000001,0
GDHG.US,5,20250815,213500,6.294,6.2955,6.2595,6.294,1101.0000005505,0
GDHG.US,5,20250815,214000,6.294,6.2985,6.294,6.2985,82.66666670800001,0
GDHG.US,5,20250815,214500,6.387,6.387,6.387,6.387,26.666666680000002,0
GDHG.US,5,20250815,215000,6.387,6.387,6.27,6.27,13.333333340000001,0
GDHG.US,5,20250815,215500,6.27,6.504,6.27,6.504,102.33333338450001,0
GDHG.US,5,20250818,153000,6.333,6.333,6.25065,6.273,125.5333333961,0
GDHG.US,5,20250818,154000,6.2775,6.2775,6.2775,6.2775,31.9333333493,0
GDHG.US,5,20250818,161000,6.1515,6.1515,6.15,6.15,338.6000001693,0
GDHG.US,5,20250818,161500,6.4905,6.4905,6.4905,6.4905,6.666666670000001,0
GDHG.US,5,20250818,162000,6.4905,6.4905,6.15,6.15,33.333333350000004,0
GDHG.US,5,20250818,163000,6.15,6.15,6.15,6.15,45.000000022500004,0
GDHG.US,5,20250818,171500,6.21901,6.21901,6.21901,6.21901,16.000000008,0
GDHG.US,5,20250818,172000,6.1515,6.1515,6.1515,6.1515,80.00000004,0
GDHG.US,5,20250818,173000,6.4635,6.4635,6.45,6.45,73.33333337,0
GDHG.US,5,20250818,174000,6.1515,6.435,6.15,6.435,32.2666666828,0
GDHG.US,5,20250818,175000,6.153,6.153,6.15,6.15,125.6000000628,0
GDHG.US,5,20250818,175500,6.306,6.306,6.2535,6.2535,20.00000001,0
GDHG.US,5,20250818,180000,6.3555,6.3555,6.3555,6.3555,6.666666670000001,0
GDHG.US,5,20250818,181500,6.34051,6.34051,6.34051,6.34051,6.666666670000001,0
GDHG.US,5,20250818,190500,6.2475,6.2475,6.2475,6.2475,12.6000000063,0
GDHG.US,5,20250818,193000,6.432,6.432,6.432,6.432,8.2666666708,0
GDHG.US,5,20250818,194500,6.43498,6.43498,6.387,6.387,73.33333337,0
GDHG.US,5,20250818,202000,6.435,6.435,6.435,6.435,33.333333350000004,0
GDHG.US,5,20250818,203000,6.435,6.435,6.435,6.435,6.666666670000001,0
GDHG.US,5,20250818,205000,6.2475,6.435,6.2475,6.432,160.00000008,0
GDHG.US,5,20250818,205500,6.43198,6.4335,6.38325,6.4335,115.6000000578,0
GDHG.US,5,20250818,210000,6.4095,6.4095,6.405,6.40575,80.4666667069,0
GDHG.US,5,20250818,210500,6.40575,6.40575,6.40575,6.40575,6.666666670000001,0
GDHG.US,5,20250818,211000,6.435,6.495,6.435,6.495,55.6000000278,0
GDHG.US,5,20250818,211500,6.44701,6.4935,6.44701,6.4935,20.5333333436,0
GDHG.US,5,20250818,212000,6.399,6.4935,6.396,6.4935,213.33333344000002,0
GDHG.US,5,20250818,213000,6.39525,6.39525,6.39525,6.39525,6.666666670000001,0
GDHG.US,5,20250818,213500,6.39525,6.39525,6.39525,6.39525,6.666666670000001,0
GDHG.US,5,20250818,214000,6.39525,6.39525,6.39525,6.39525,8.2666666708,0
GDHG.US,5,20250818,215000,6.39525,6.4935,6.39525,6.396,22.4666666779,0
GDHG.US,5,20250818,215500,6.495,6.504,6.2955,6.504,292.8666668131,0
GDHG.US,5,20250819,153000,6.45,6.504,6.45,6.504,123.86666672860001,0
GDHG.US,5,20250819,153500,6.47848,6.47848,6.3015,6.3015,214.000000107,0
GDHG.US,5,20250819,154000,6.50398,6.50398,6.50398,6.50398,22.200000011100002,0
GDHG.US,5,20250819,155000,6.3,6.3,6.3,6.3,7.333333337,0
GDHG.US,5,20250819,161000,6.3,6.3,6.3,6.3,33.333333350000004,0
GDHG.US,5,20250819,162000,6.47767,6.47767,6.47767,6.47767,16.1333333414,0
GDHG.US,5,20250819,162500,6.3,6.585,6.15,6.585,1007.2000005036,0
GDHG.US,5,20250819,163000,6.6,6.6,6.6,6.6,6.666666670000001,0
GDHG.US,5,20250819,163500,6.6,6.6,6.6,6.6,20.00000001,0
GDHG.US,5,20250819,164500,6.375,6.6,6.375,6.6,15.4666666744,0
GDHG.US,5,20250819,165000,6.3,6.3,6.3,6.3,66.66666670000001,0
GDHG.US,5,20250819,165500,6.2295,6.2295,6.2295,6.2295,67.1333333669,0
GDHG.US,5,20250819,170000,6.20941,6.20941,6.20941,6.20941,17.333333342,0
GDHG.US,5,20250819,171000,6.45,6.5985,6.45,6.5985,13.333333340000001,0
GDHG.US,5,20250819,171500,6.45,6.45,6.444,6.45,527.8666669306,0
GDHG.US,5,20250819,172000,6.192,6.192,5.7675,5.7675,2147.2666677403,0
GDHG.US,5,20250819,172500,6.3735,6.3735,6.3735,6.3735,8.666666671,0
GDHG.US,5,20250819,173000,6.3735,6.3735,6.3735,6.3735,200.0000001,0
GDHG.US,5,20250819,173500,6.27,6.3735,6.234,6.3735,53.333333360000005,0
GDHG.US,5,20250819,174000,6.0735,6.42,5.9925,5.9925,477.333333572,0
GDHG.US,5,20250819,174500,6.42,6.42,6.42,6.42,20.00000001,0
GDHG.US,5,20250819,181500,6.0015,6.0015,6.0015,6.0015,38.5333333526,0
GDHG.US,5,20250819,185000,6.225,6.45,6,6.45,226.66666678,0
GDHG.US,5,20250819,185500,6.45,6.45,6.45,6.45,13.333333340000001,0
GDHG.US,5,20250819,190000,6.45,6.45,6.45,6.45,6.666666670000001,0
GDHG.US,5,20250819,203500,6.081,6.081,6.081,6.081,25.5333333461,0
GDHG.US,5,20250819,211500,6.0015,6.45,6.0015,6.45,34.000000017,0
GDHG.US,5,20250819,212000,6.22575,6.22575,6.22575,6.22575,6.666666670000001,0
GDHG.US,5,20250819,212500,6.2265,6.2265,6.2265,6.2265,13.333333340000001,0
GDHG.US,5,20250819,215500,6.1485,6.1485,6.0015,6.018,210.1333334384,0
GDHG.US,5,20250820,153000,6.267,6.267,6.267,6.267,6.666666670000001,0
GDHG.US,5,20250820,154500,6.3795,6.3825,6.15451,6.3825,1154.000000577,0
GDHG.US,5,20250820,155000,6.381,6.525,6.15,6.3555,5063.1333358649,0
GDHG.US,5,20250820,155500,6.3555,6.372,6.3555,6.372,196.666666765,0
GDHG.US,5,20250820,160000,6.0495,6.1755,6,6.174,1407.0666673702,0
GDHG.US,5,20250820,160500,6.174,6.174,5.9625,5.9625,73.33333337,0
GDHG.US,5,20250820,161000,5.8545,5.8545,5.739,5.7795,704.8000003524,0
GDHG.US,5,20250820,161500,6,6.14848,6,6.14848,60.00000003,0
GDHG.US,5,20250820,162000,5.7645,6.135,5.7645,6.135,36.666666685,0
GDHG.US,5,20250820,164000,5.86051,5.86051,5.86051,5.86051,6.666666670000001,0
GDHG.US,5,20250820,172000,5.79,5.79,5.79,5.79,20.00000001,0
GDHG.US,5,20250820,173000,5.7915,5.805,5.7555,5.7555,82.8000000414,0
GDHG.US,5,20250820,173500,5.85,6.135,5.79,6.1185,1610.4000008052,0
GDHG.US,5,20250820,174000,6.1185,6.1185,6.04602,6.1185,53.333333360000005,0
GDHG.US,5,20250820,174500,6.1185,6.1185,6.1185,6.1185,6.666666670000001,0
GDHG.US,5,20250820,175000,6.1185,6.1185,6.1185,6.1185,6.666666670000001,0
GDHG.US,5,20250820,175500,6.1185,6.1185,6.1185,6.1185,6.666666670000001,0
GDHG.US,5,20250820,181000,6.0345,6.0345,6.0345,6.0345,32.666666683,0
GDHG.US,5,20250820,181500,5.87925,5.87925,5.87925,5.87925,33.333333350000004,0
GDHG.US,5,20250820,183500,6.02848,6.02848,6.02848,6.02848,6.666666670000001,0
GDHG.US,5,20250820,185000,5.94,5.94,5.64,5.85,769.4666670514,0
GDHG.US,5,20250820,185500,5.85,6.1425,5.85,6.1095,53.333333360000005,0
GDHG.US,5,20250820,190000,6.15,6.15,6.15,6.15,13.333333340000001,0
GDHG.US,5,20250820,190500,6.0165,6.0165,6.0165,6.0165,6.666666670000001,0
GDHG.US,5,20250820,193500,5.9985,5.9985,5.9985,5.9985,13.333333340000001,0
GDHG.US,5,20250820,195500,5.66401,5.66401,5.66401,5.66401,6.8000000034,0
GDHG.US,5,20250820,203000,5.925,6.141,5.925,6.141,60.00000003,0
GDHG.US,5,20250820,212500,6.0135,6.0135,6.0135,6.0135,44.8666666891,0
GDHG.US,5,20250820,214000,5.88,5.88,5.88,5.88,6.666666670000001,0
GDHG.US,5,20250820,215000,5.85,6,5.655,5.7,427.66666688050003,0
GDHG.US,5,20250820,215500,5.697,5.697,5.55,5.553,506.1333335864,0
GDHG.US,5,20250821,153000,5.91,5.964,5.4,5.4,1833.6666675835002,0
GDHG.US,5,20250821,153500,5.415,5.415,5.1,5.1,1554.000000777,0
GDHG.US,5,20250821,154000,5.2005,5.29798,4.974,4.974,525.6666669295,0
GDHG.US,5,20250821,154500,4.97403,5.175,4.974,5.175,856.6000004283001,0
GDHG.US,5,20250821,155000,5.175,5.283,5.0055,5.283,1449.5333340581,0
GDHG.US,5,20250821,155500,5.28298,5.28298,5.28298,5.28298,9.4000000047,0
GDHG.US,5,20250821,160000,5.283,5.361,5.283,5.286,175.8666667546,0
GDHG.US,5,20250821,160500,5.43298,5.433,5.427,5.427,52.066666692700004,0
GDHG.US,5,20250821,161000,5.427,5.427,5.25,5.25,1026.6000005133,0
GDHG.US,5,20250821,161500,5.40912,5.42698,5.298,5.298,32.000000016,0
GDHG.US,5,20250821,162000,5.4105,5.4105,5.25,5.25,105.0666667192,0
GDHG.US,5,20250821,162500,5.2395,5.346,5.2395,5.346,105.2666667193,0
GDHG.US,5,20250821,163000,5.3085,5.3085,5.241,5.241,109.66666672150001,0
GDHG.US,5,20250821,163500,5.2515,5.298,5.235,5.262,209.60000010480002,0
GDHG.US,5,20250821,164000,5.25,5.319,5.1525,5.319,815.0666670742,0
GDHG.US,5,20250821,164500,5.292,5.3955,5.2755,5.367,140.0666667367,0
GDHG.US,5,20250821,165000,5.42643,5.4705,5.2545,5.2545,129.6000000648,0
GDHG.US,5,20250821,165500,5.3385,5.3595,5.3385,5.3595,44.9333333558,0
GDHG.US,5,20250821,170000,5.361,5.361,5.35275,5.361,344.6000001723,0
GDHG.US,5,20250821,170500,5.361,5.361,5.361,5.361,38.000000019,0
GDHG.US,5,20250821,171000,5.361,5.379,5.3595,5.3595,1250.4666672919,0
GDHG.US,5,20250821,171500,5.3595,5.4525,5.2875,5.4525,236.4000001182,0
GDHG.US,5,20250821,172000,5.45398,5.532,5.376,5.376,451.8666668926,0
GDHG.US,5,20250821,172500,5.4525,5.532,5.3775,5.4855,956.7333338117,0
GDHG.US,5,20250821,173000,5.5305,5.5305,5.526,5.526,34.666666684,0
GDHG.US,5,20250821,173500,5.511,5.511,5.46,5.46,66.66666670000001,0
GDHG.US,5,20250821,174000,5.511,5.511,5.511,5.511,20.00000001,0
GDHG.US,5,20250821,175500,5.397,5.4405,5.397,5.4405,42.866666688100004,0
GDHG.US,5,20250821,180000,5.2785,5.2785,5.2785,5.2785,36.400000018200004,0
GDHG.US,5,20250821,180500,5.439,5.442,5.439,5.442,232.4000001162,0
GDHG.US,5,20250821,181500,5.3115,5.433,5.3115,5.4315,61.4666666974,0
GDHG.US,5,20250821,182000,5.46,5.46,5.46,5.46,15.8000000079,0
GDHG.US,5,20250821,182500,5.388,5.388,5.25,5.295,689.2666670113,0
GDHG.US,5,20250821,183000,5.3145,5.3145,5.3145,5.3145,120.00000006,0
GDHG.US,5,20250821,183500,5.3475,5.3475,5.3475,5.3475,6.666666670000001,0
GDHG.US,5,20250821,184000,5.316,5.3415,5.3145,5.3145,51.333333359,0
GDHG.US,5,20250821,184500,5.37,5.37,5.31,5.3175,312.1333334894,0
GDHG.US,5,20250821,185500,5.40243,5.46,5.40243,5.4585,478.13333357240003,0
GDHG.US,5,20250821,190500,5.4765,5.4765,5.376,5.376,98.66666671600001,0
GDHG.US,5,20250821,191000,5.5725,5.5725,5.5725,5.5725,20.00000001,0
GDHG.US,5,20250821,191500,5.4045,5.5725,5.4045,5.5725,30.000000015,0
GDHG.US,5,20250821,192000,5.454,5.454,5.454,5.454,200.0000001,0
GDHG.US,5,20250821,192500,5.5252,5.5252,5.5252,5.5252,13.0666666732,0
GDHG.US,5,20250821,193000,5.5245,5.5245,5.5245,5.5245,91.26666671230001,0
GDHG.US,5,20250821,193500,5.3775,5.5485,5.3775,5.5485,99.4666667164,0
GDHG.US,5,20250821,194000,5.547,5.5485,5.547,5.5485,20.00000001,0
GDHG.US,5,20250821,194500,5.376,5.4105,5.346,5.4105,186.66666676,0
GDHG.US,5,20250821,195000,5.4735,5.4735,5.4735,5.4735,378.73333352270004,0
GDHG.US,5,20250821,195500,5.454,5.454,5.454,5.454,33.333333350000004,0
GDHG.US,5,20250821,200000,5.4945,5.4945,5.451,5.451,41.333333354000004,0
GDHG.US,5,20250821,200500,5.5245,5.5245,5.3775,5.4885,186.66666676,0
GDHG.US,5,20250821,201500,5.4345,5.4345,5.4345,5.4345,6.666666670000001,0
GDHG.US,5,20250821,202000,5.4915,5.493,5.49148,5.4915,127.9333333973,0
GDHG.US,5,20250821,203000,5.4915,5.4915,5.4915,5.4915,26.666666680000002,0
GDHG.US,5,20250821,203500,5.4855,5.5425,5.4855,5.5425,990.8000004954,0
GDHG.US,5,20250821,204000,5.55,5.7825,5.55,5.7735,1447.6666673905002,0
GDHG.US,5,20250821,204500,5.775,5.8395,5.775,5.838,101.4666667174,0
GDHG.US,5,20250821,205000,5.748,5.781,5.664,5.781,146.66666674,0
GDHG.US,5,20250821,205500,5.664,5.7135,5.55,5.553,269.2666668013,0
GDHG.US,5,20250821,210000,5.6925,5.6925,5.58,5.6925,53.333333360000005,0
GDHG.US,5,20250821,210500,5.59501,5.6895,5.586,5.592,338.9333335028,0
GDHG.US,5,20250821,211000,5.5935,5.6925,5.5935,5.6895,171.333333419,0
GDHG.US,5,20250821,211500,5.76,5.76,5.76,5.76,6.666666670000001,0
GDHG.US,5,20250821,212000,5.592,5.76,5.592,5.76,49.4666666914,0
GDHG.US,5,20250821,213000,5.586,5.586,5.586,5.586,110.6000000553,0
GDHG.US,5,20250821,213500,5.586,5.7345,5.5665,5.7345,103.9333333853,0
GDHG.US,5,20250821,214000,5.742,5.742,5.742,5.742,6.666666670000001,0
GDHG.US,5,20250821,214500,5.493,5.493,5.493,5.493,6.666666670000001,0
GDHG.US,5,20250821,215000,5.41048,5.41048,5.41048,5.41048,12.2666666728,0
GDHG.US,5,20250821,215500,5.247,5.4105,5.238,5.238,807.6666670705,0
GDHG.US,5,20250822,153000,5.1,5.2185,5.1,5.2185,1264.0000006320001,0
GDHG.US,5,20250822,153500,5.22,5.355,5.22,5.355,116.9333333918,0
GDHG.US,5,20250822,154000,5.2545,5.47426,5.25,5.25,718.4666670259,0
GDHG.US,5,20250822,155000,5.4675,5.4675,5.4675,5.4675,91.4000000457,0
GDHG.US,5,20250822,160000,5.3505,5.3505,5.25,5.25,48.5333333576,0
GDHG.US,5,20250822,160500,5.448,5.448,5.256,5.4465,327.6000001638,0
GDHG.US,5,20250822,161000,5.2515,5.5485,5.2515,5.5485,1893.3333342800001,0
GDHG.US,5,20250822,161500,5.529,5.529,5.529,5.529,62.666666698,0
GDHG.US,5,20250822,162000,5.529,5.6835,5.5245,5.6625,382.26666685780003,0
GDHG.US,5,20250822,162500,5.5515,5.6775,5.5515,5.6655,228.3333334475,0
GDHG.US,5,20250822,163000,5.5515,5.5515,5.3955,5.3955,927.8000004639,0
GDHG.US,5,20250822,163500,5.5755,5.5755,5.5755,5.5755,200.0000001,0
GDHG.US,5,20250822,164000,5.3955,5.5755,5.3955,5.5755,278.93333347280003,0
GDHG.US,5,20250822,165000,5.6625,5.7,5.6625,5.6985,1153.9333339103,0
GDHG.US,5,20250822,165500,5.6985,5.7,5.685,5.7,197.8000000989,0
GDHG.US,5,20250822,170000,5.7,5.9985,5.7,5.8995,2523.8000012619,0
GDHG.US,5,20250822,170500,5.898,5.919,5.898,5.9175,906.0666671197,0
GDHG.US,5,20250822,171500,5.56701,5.56701,5.56701,5.56701,200.0000001,0
GDHG.US,5,20250822,172500,5.826,5.928,5.811,5.826,197.0666667652,0
GDHG.US,5,20250822,173000,5.8095,5.9685,5.8095,5.9685,113.33333339,0
GDHG.US,5,20250822,173500,5.9475,6,5.87853,5.901,941.8000004709,0
GDHG.US,5,20250822,174000,5.97,6,5.97,6,113.33333339,0
GDHG.US,5,20250822,174500,6,6.09,6,6.042,310.7333334887,0
GDHG.US,5,20250822,175000,6.003,6.1005,5.943,6.0975,358.8000001794,0
GDHG.US,5,20250822,175500,6.0975,6.15,6.0975,6.135,233.00000011650002,0
GDHG.US,5,20250822,180000,6.135,6.135,6.135,6.135,6.666666670000001,0
GDHG.US,5,20250822,180500,6.099,6.099,6.0615,6.0615,248.93333345780002,0
GDHG.US,5,20250822,181000,6.12,6.12,6.0615,6.0615,86.8666667101,0
GDHG.US,5,20250822,181500,6.0015,6.01048,5.9115,5.95048,682.1333336744,0
GDHG.US,5,20250822,183000,5.9505,5.9505,5.9505,5.9505,33.333333350000004,0
GDHG.US,5,20250822,184500,6.012,6.036,6.012,6.036,50.7333333587,0
GDHG.US,5,20250822,185000,5.9475,6.0345,5.9475,6.0345,206.66666677,0
GDHG.US,5,20250822,185500,5.991,6.024,5.949,5.949,240.00000012,0
GDHG.US,5,20250822,190000,6.03,6.03,5.95201,5.9535,140.0666667367,0
GDHG.US,5,20250822,190500,5.9535,5.99326,5.952,5.9655,58.1333333624,0
GDHG.US,5,20250822,191000,6.03298,6.03298,6.0285,6.03,25.9333333463,0
GDHG.US,5,20250822,192000,6,6,6,6,20.00000001,0
GDHG.US,5,20250822,192500,6.0225,6.0225,6.0225,6.0225,6.666666670000001,0
GDHG.US,5,20250822,193500,5.91901,5.91901,5.91901,5.91901,133.33333340000001,0
GDHG.US,5,20250822,194000,5.9655,6.021,5.9655,5.96998,153.33333341,0
GDHG.US,5,20250822,194500,5.97,5.97,5.97,5.97,120.00000006,0
GDHG.US,5,20250822,200500,6,6.03,6,6.03,53.333333360000005,0
GDHG.US,5,20250822,201000,6.015,6.015,6.015,6.015,6.666666670000001,0
GDHG.US,5,20250822,201500,6.0285,6.0285,6.0285,6.0285,6.666666670000001,0
GDHG.US,5,20250822,202000,6.03,6.03,5.9295,5.979,69.8666667016,0
GDHG.US,5,20250822,203500,5.991,5.991,5.991,5.991,6.666666670000001,0
GDHG.US,5,20250822,204000,6.015,6.015,6.015,6.015,6.666666670000001,0
GDHG.US,5,20250822,204500,6.015,6.015,6.015,6.015,10.666666672,0
GDHG.US,5,20250822,210000,6.015,6.02998,6.015,6.015,55.7333333612,0
GDHG.US,5,20250822,211000,6.015,6.015,6.015,6.015,6.666666670000001,0
GDHG.US,5,20250822,211500,5.961,6.015,5.961,5.9805,207.6666667705,0
GDHG.US,5,20250822,212000,6,6,6,6,260.00000013,0
GDHG.US,5,20250822,212500,5.9805,5.9805,5.9805,5.9805,20.00000001,0
GDHG.US,5,20250822,213000,6.015,6.015,6.015,6.015,13.333333340000001,0
GDHG.US,5,20250822,213500,6.015,6.015,6.015,6.015,13.333333340000001,0
GDHG.US,5,20250822,214500,6.015,6.015,5.96539,6.015,22.8000000114,0
GDHG.US,5,20250822,215000,5.9925,5.9925,5.99175,5.99175,34.9333333508,0
GDHG.US,5,20250822,215500,6.027,6.027,5.9955,5.9955,73.2666667033,0
GDHG.US,5,20250825,153000,5.8155,5.9535,5.775,5.9535,166.7333334167,0
GDHG.US,5,20250825,154000,5.85,5.85,5.8125,5.8125,93.6666667135,0
GDHG.US,5,20250825,154500,5.9595,6.036,5.9595,6.036,548.1333336074,0
GDHG.US,5,20250825,155000,6.135,6.15,6.135,6.15,20.00000001,0
GDHG.US,5,20250825,155500,6.036,6.0375,6.03,6.0375,767.7333337172,0
GDHG.US,5,20250825,160000,6.135,6.18,6.0375,6.18,101.13333338390001,0
GDHG.US,5,20250825,160500,6.2985,6.2985,6.108,6.297,44.3333333555,0
GDHG.US,5,20250825,161000,6.1665,6.204,6.138,6.18,333.9333335003,0
GDHG.US,5,20250825,161500,6.204,6.393,6.204,6.3915,463.0666668982,0
GDHG.US,5,20250825,162000,6.387,6.4965,6.3855,6.4965,1235.6000006178,0
GDHG.US,5,20250825,162500,6.44625,6.594,6.42,6.594,105.0000000525,0
GDHG.US,5,20250825,163000,6.585,6.67726,6.4545,6.5565,645.4000003227001,0
GDHG.US,5,20250825,163500,6.45451,6.6585,6.2025,6.39,1223.2000006116,0
GDHG.US,5,20250825,164000,6.36,6.528,6.3585,6.525,109.2000000546,0
GDHG.US,5,20250825,164500,6.525,6.6045,6.37915,6.6045,194.000000097,0
GDHG.US,5,20250825,165000,6.6045,6.6045,6.5475,6.552,44.8000000224,0
GDHG.US,5,20250825,165500,6.4575,6.6,6.4575,6.528,73.33333337,0
GDHG.US,5,20250825,170000,6.6,6.6,6.5775,6.5775,26.800000013400002,0
GDHG.US,5,20250825,170500,6.462,6.579,6.4485,6.579,425.0000002125,0
GDHG.US,5,20250825,171500,6.46963,6.46963,6.46963,6.46963,13.0666666732,0
GDHG.US,5,20250825,172000,6.453,6.51975,6.45,6.5175,100.00000005,0
GDHG.US,5,20250825,172500,6.58498,6.58498,6.58498,6.58498,9.0666666712,0
GDHG.US,5,20250825,173000,6.4545,6.4545,6.4545,6.4545,71.4666667024,0
GDHG.US,5,20250825,174000,6.4545,6.4545,6.2025,6.2025,375.8000001879,0
GDHG.US,5,20250825,174500,6.366,6.366,6.366,6.366,6.666666670000001,0
GDHG.US,5,20250825,175000,6.366,6.366,6.366,6.366,33.333333350000004,0
GDHG.US,5,20250825,175500,6.366,6.366,6.366,6.366,23.2000000116,0
GDHG.US,5,20250825,180500,6.36,6.36,6.36,6.36,66.66666670000001,0
GDHG.US,5,20250825,182500,6.366,6.366,6.366,6.366,13.333333340000001,0
GDHG.US,5,20250825,185500,6.366,6.366,6.366,6.366,13.333333340000001,0
GDHG.US,5,20250825,190000,6.2745,6.366,6.2745,6.366,80.00000004,0
GDHG.US,5,20250825,191500,6.1995,6.339,6.1995,6.3375,250.20000012510002,0
GDHG.US,5,20250825,192000,6.36,6.36,6.36,6.36,6.666666670000001,0
GDHG.US,5,20250825,192500,6.36,6.36,6.2205,6.333,93.6000000468,0
GDHG.US,5,20250825,193000,6.3405,6.363,6.3405,6.3585,210.4000001052,0
GDHG.US,5,20250825,194500,6.3585,6.3585,6.3585,6.3585,20.00000001,0
GDHG.US,5,20250825,201000,6.321,6.36,6.3195,6.36,322.2666668278,0
GDHG.US,5,20250825,202000,6.3645,6.438,6.3645,6.438,381.8666668576,0
GDHG.US,5,20250825,203000,6.438,6.438,6.438,6.438,32.000000016,0
GDHG.US,5,20250825,203500,6.432,6.432,6.432,6.432,76.666666705,0
GDHG.US,5,20250825,204500,6.432,6.432,6.432,6.432,95.7333333812,0
GDHG.US,5,20250825,210500,6.396,6.396,6.27901,6.27901,22.4000000112,0
GDHG.US,5,20250825,211000,6.3555,6.4305,6.3555,6.4305,40.00000002,0
GDHG.US,5,20250825,211500,6.354,6.525,6.354,6.525,323.0000001615,0
GDHG.US,5,20250825,212000,6.525,6.525,6.45,6.45,279.0000001395,0
GDHG.US,5,20250825,212500,6.525,6.525,6.525,6.525,37.2666666853,0
GDHG.US,5,20250825,213500,6.4935,6.504,6.4845,6.486,100.46666671690001,0
GDHG.US,5,20250825,214500,6.369,6.447,6.3,6.3,822.2666670778,0
GDHG.US,5,20250825,215000,6.294,6.5235,6.2925,6.5235,638.2000003191,0
GDHG.US,5,20250825,215500,6.5235,6.525,6.36,6.4245,1413.8666673736,0
GDHG.US,5,20250826,153000,6.4935,6.4935,6.4935,6.4935,1885.0000009425,0
GDHG.US,5,20250826,153500,5.9385,5.9385,5.9385,5.9385,7.333333337,0
GDHG.US,5,20250826,154500,5.8395,5.982,5.838,5.982,534.8666669341001,0
GDHG.US,5,20250826,155000,5.9985,5.9985,5.9985,5.9985,19.133333342900002,0
GDHG.US,5,20250826,160000,6.114,6.114,6.114,6.114,66.66666670000001,0
GDHG.US,5,20250826,160500,6.2175,6.2175,6.216,6.216,13.333333340000001,0
GDHG.US,5,20250826,161500,6.033,6.033,6.033,6.033,80.00000004,0
GDHG.US,5,20250826,162500,6.0555,6.1815,6.015,6.1815,599.2666669663,0
GDHG.US,5,20250826,163000,6.135,6.2145,6.135,6.2145,20.00000001,0
GDHG.US,5,20250826,164000,6.11925,6.11925,5.97676,5.97676,120.6000000603,0
GDHG.US,5,20250826,164500,5.976,5.976,5.976,5.976,6.666666670000001,0
GDHG.US,5,20250826,165000,5.976,6.1815,5.976,6.1815,130.000000065,0
GDHG.US,5,20250826,171000,6.18,6.18,6.18,6.18,16.666666675000002,0
GDHG.US,5,20250826,171500,6.0435,6.15,6.0435,6.15,73.33333337,0
GDHG.US,5,20250826,173000,5.928,6.15,5.928,6.15,853.3333337600001,0
GDHG.US,5,20250826,173500,5.928,6.15,5.928,6.15,386.000000193,0
GDHG.US,5,20250826,174000,6.15,6.15,6.15,6.15,6.666666670000001,0
GDHG.US,5,20250826,175000,5.98174,6.1815,5.98174,6.1815,240.00000012,0
GDHG.US,5,20250826,175500,6.1815,6.1815,6.1815,6.1815,6.666666670000001,0
GDHG.US,5,20250826,180000,6.1815,6.1815,6.1815,6.1815,13.333333340000001,0
GDHG.US,5,20250826,181000,6,6.1485,6,6.1485,631.8000003159,0
GDHG.US,5,20250826,181500,6.075,6.0765,6.057,6.0765,33.333333350000004,0
GDHG.US,5,20250826,182500,6.1065,6.1065,6.1065,6.1065,6.666666670000001,0
GDHG.US,5,20250826,185000,5.9595,5.9625,5.9595,5.9625,40.00000002,0
GDHG.US,5,20250826,185500,6,6,5.9295,5.985,119.8666667266,0
GDHG.US,5,20250826,190500,5.98485,5.98485,5.9295,5.9295,49.1333333579,0
GDHG.US,5,20250826,191000,5.9325,5.9325,5.9325,5.9325,7.333333337,0
GDHG.US,5,20250826,191500,5.9325,5.9325,5.9175,5.9175,26.1333333464,0
GDHG.US,5,20250826,192000,5.9175,5.9175,5.901,5.901,393.0000001965,0
GDHG.US,5,20250826,192500,5.9745,5.9745,5.9745,5.9745,6.666666670000001,0
GDHG.US,5,20250826,194000,5.94,5.94,5.94,5.94,14.1333333404,0
GDHG.US,5,20250826,194500,5.94,5.94,5.94,5.94,10.4000000052,0
GDHG.US,5,20250826,195000,5.94,5.94,5.9385,5.9385,20.00000001,0
GDHG.US,5,20250826,195500,5.9205,5.9205,5.9145,5.9205,35.333333351,0
GDHG.US,5,20250826,200000,5.901,5.919,5.901,5.901,66.66666670000001,0
GDHG.US,5,20250826,200500,5.901,5.9025,5.85,5.85,107.0000000535,0
GDHG.US,5,20250826,201000,5.889,5.889,5.7945,5.7945,53.2666666933,0
GDHG.US,5,20250826,201500,5.8845,5.8845,5.8845,5.8845,22.4000000112,0
GDHG.US,5,20250826,202000,5.8845,5.8845,5.8695,5.8695,15.333333341000001,0
GDHG.US,5,20250826,202500,5.883,5.883,5.883,5.883,6.7333333367,0
GDHG.US,5,20250826,203000,5.886,5.886,5.886,5.886,6.666666670000001,0
GDHG.US,5,20250826,203500,5.88898,5.88898,5.85,5.85,75.1333333709,0
GDHG.US,5,20250826,204500,5.883,5.8845,5.823,5.823,80.00000004,0
GDHG.US,5,20250826,205000,5.793,5.793,5.7615,5.7615,45.4000000227,0
GDHG.US,5,20250826,205500,5.78023,5.901,5.78023,5.901,850.8000004254001,0
GDHG.US,5,20250826,210000,5.901,5.901,5.8725,5.8725,28.9333333478,0
GDHG.US,5,20250826,210500,5.901,5.901,5.901,5.901,6.666666670000001,0
GDHG.US,5,20250826,211000,5.8935,5.8935,5.8695,5.88526,20.1333333434,0
GDHG.US,5,20250826,211500,5.8695,5.895,5.829,5.895,27.0666666802,0
GDHG.US,5,20250826,213500,5.889,5.889,5.7735,5.775,62.3333333645,0
GDHG.US,5,20250826,214000,5.775,5.775,5.766,5.766,21.8666666776,0
GDHG.US,5,20250826,214500,5.7735,5.775,5.72401,5.748,294.8000001474,0
GDHG.US,5,20250826,215000,5.7735,5.811,5.724,5.811,48.9333333578,0
GDHG.US,5,20250826,215500,5.88448,5.88448,5.62801,5.7375,984.0666671587,0
GDHG.US,5,20250827,153000,5.61,5.61,5.37,5.391,466.7333335667,0
GDHG.US,5,20250827,153500,5.565,5.73748,5.391,5.73748,93.73333338020001,0
GDHG.US,5,20250827,154000,5.577,5.577,5.43315,5.43315,38.6000000193,0
GDHG.US,5,20250827,155000,5.52673,5.67823,5.52673,5.67823,169.9333334183,0
GDHG.US,5,20250827,155500,5.688,5.736,5.688,5.712,431.1333335489,0
GDHG.US,5,20250827,161000,5.697,5.697,5.682,5.682,73.8000000369,0
GDHG.US,5,20250827,162000,5.697,5.7,5.63625,5.6535,47.2666666903,0
GDHG.US,5,20250827,162500,5.6535,5.6535,5.6535,5.6535,6.666666670000001,0
GDHG.US,5,20250827,163000,5.7225,5.7225,5.7225,5.7225,6.666666670000001,0
GDHG.US,5,20250827,163500,5.7225,5.7225,5.7225,5.7225,6.666666670000001,0
GDHG.US,5,20250827,164000,5.7225,5.7225,5.6205,5.6715,106.9333333868,0
GDHG.US,5,20250827,164500,5.7225,5.7375,5.6805,5.7375,261.2000001306,0
GDHG.US,5,20250827,165500,5.7375,5.7885,5.7375,5.7885,69.9333333683,0
GDHG.US,5,20250827,170000,5.784,5.847,5.784,5.847,153.33333341,0
GDHG.US,5,20250827,170500,5.78473,5.988,5.7255,5.985,518.6000002593,0
GDHG.US,5,20250827,171000,5.85,5.982,5.85,5.982,404.40000020220003,0
GDHG.US,5,20250827,171500,5.88975,5.925,5.799,5.85,277.333333472,0
GDHG.US,5,20250827,172000,5.799,5.799,5.76,5.76,206.66666677,0
GDHG.US,5,20250827,172500,5.799,5.8755,5.799,5.874,113.33333339,0
GDHG.US,5,20250827,173000,5.73964,5.9235,5.73964,5.9205,643.9333336553,0
GDHG.US,5,20250827,173500,5.83725,5.922,5.83725,5.922,23.600000011800002,0
GDHG.US,5,20250827,174000,5.9235,5.9235,5.8875,5.9235,66.66666670000001,0
GDHG.US,5,20250827,174500,5.9205,5.9205,5.82,5.82,20.00000001,0
GDHG.US,5,20250827,175000,5.82975,5.82975,5.751,5.829,142.8666667381,0
GDHG.US,5,20250827,175500,5.826,5.87796,5.826,5.87796,109.2000000546,0
GDHG.US,5,20250827,180000,5.82975,5.9085,5.7675,5.829,310.0666668217,0
GDHG.US,5,20250827,180500,5.907,5.907,5.907,5.907,6.666666670000001,0
GDHG.US,5,20250827,181000,5.922,5.9235,5.877,5.9235,99.8000000499,0
GDHG.US,5,20250827,181500,5.9055,5.9235,5.9055,5.9235,26.666666680000002,0
GDHG.US,5,20250827,182000,5.919,5.9205,5.8335,5.9115,80.00000004,0
GDHG.US,5,20250827,182500,5.9145,5.91598,5.8335,5.9145,73.33333337,0
GDHG.US,5,20250827,183500,5.913,5.913,5.9115,5.9115,26.666666680000002,0
GDHG.US,5,20250827,184000,5.754,5.9085,5.7225,5.7225,395.4000001977,0
GDHG.US,5,20250827,185000,5.90398,5.90398,5.90398,5.90398,6.7333333367,0
GDHG.US,5,20250827,185500,5.775,5.904,5.7105,5.904,373.53333352010003,0
GDHG.US,5,20250827,190000,5.757,5.898,5.757,5.826,254.666666794,0
GDHG.US,5,20250827,190500,5.82,5.904,5.82,5.904,334.20000016710003,0
GDHG.US,5,20250827,191000,5.844,5.904,5.7,5.76075,69.8666667016,0
GDHG.US,5,20250827,191500,5.81848,5.81848,5.7915,5.7915,13.333333340000001,0
GDHG.US,5,20250827,193500,5.7915,5.8125,5.7915,5.8095,40.00000002,0
GDHG.US,5,20250827,194000,5.754,5.754,5.754,5.754,11.333333339000001,0
GDHG.US,5,20250827,195000,5.703,5.811,5.703,5.808,395.333333531,0
GDHG.US,5,20250827,195500,5.8755,5.8755,5.874,5.874,13.333333340000001,0
GDHG.US,5,20250827,200500,5.874,5.874,5.7855,5.7855,134.53333340060001,0
GDHG.US,5,20250827,201500,5.85898,5.85898,5.85898,5.85898,6.666666670000001,0
GDHG.US,5,20250827,202000,5.703,5.703,5.703,5.703,50.4666666919,0
GDHG.US,5,20250827,202500,5.8455,5.8455,5.8455,5.8455,6.666666670000001,0
GDHG.US,5,20250827,203000,5.775,5.8425,5.775,5.775,33.333333350000004,0
GDHG.US,5,20250827,203500,5.7375,5.7375,5.7375,5.7375,6.666666670000001,0
GDHG.US,5,20250827,204500,5.7735,5.7735,5.772,5.77348,20.00000001,0
GDHG.US,5,20250827,205000,5.77575,5.8455,5.77575,5.8455,13.333333340000001,0
GDHG.US,5,20250827,205500,5.83716,5.83716,5.83716,5.83716,9.8666666716,0
GDHG.US,5,20250827,210000,5.835,5.835,5.76,5.772,24.666666679000002,0
GDHG.US,5,20250827,210500,5.772,5.772,5.772,5.772,6.666666670000001,0
GDHG.US,5,20250827,211000,5.838,5.838,5.76,5.829,480.80000024040004,0
GDHG.US,5,20250827,212000,5.8305,5.832,5.7975,5.8305,60.00000003,0
GDHG.US,5,20250827,212500,5.832,5.844,5.781,5.835,166.66666675000002,0
GDHG.US,5,20250827,213000,5.775,5.907,5.454,5.907,3006.000001503,0
GDHG.US,5,20250827,213500,5.907,6.132,5.8965,6.132,3610.3333351385,0
GDHG.US,5,20250827,214000,6.132,6.45,6.075,6.447,5429.8666693816,0
GDHG.US,5,20250827,214500,6.447,6.5925,6.075,6.525,6051.6000030258,0
GDHG.US,5,20250827,215000,6.5715,6.732,6.249,6.3,8238.6000041193,0
GDHG.US,5,20250827,215500,6.348,7.2,6.249,7.2,12915.333339791001,0
GDHG.US,5,20250828,155000,5.07,5.58,5.07,5.58,5165,0
GDHG.US,5,20250828,155500,5.68,5.9469,5.68,5.9469,2036,0
GDHG.US,5,20250828,160000,5.96,6.39,5.7294,6.2,7199,0
GDHG.US,5,20250828,160500,6.325,6.325,6.041,6.1,3020,0
GDHG.US,5,20250828,161000,6.18,6.3785,6.1025,6.3785,1835,0
GDHG.US,5,20250828,161500,6.2,6.2,6.1,6.12,500,0
GDHG.US,5,20250828,162000,6.06,6.1051,5.9,6.1051,2756,0
GDHG.US,5,20250828,164000,6.3117,6.3117,6.3117,6.3117,213,0
GDHG.US,5,20250828,164500,6.298,6.77,6.175,6.31,15892,0
GDHG.US,5,20250828,165500,6.25,6.31,6.0001,6.1,3771,0
GDHG.US,5,20250828,170000,6.1,6.2,6.05,6.1833,4835,0
GDHG.US,5,20250828,170500,6.415,6.415,6.0512,6.1,1802,0
GDHG.US,5,20250828,171000,6.1,6.105,6.09,6.1,2200,0
GDHG.US,5,20250828,171500,6.1,6.1,6.1,6.1,100,0
GDHG.US,5,20250828,172000,6.1056,6.1056,6.1056,6.1056,424,0
GDHG.US,5,20250828,173000,6.1479,6.1479,6.1479,6.1479,2000,0
GDHG.US,5,20250828,173500,6.1,6.14,6.045,6.1,6613,0
GDHG.US,5,20250828,174000,6.1,6.16,6.0926,6.1,2900,0
GDHG.US,5,20250828,174500,6.1,6.1752,6.0914,6.1752,9200,0
GDHG.US,5,20250828,175000,6.195,6.195,6,6.01,5100,0
GDHG.US,5,20250828,175500,6.051,6.051,6.051,6.051,460,0
GDHG.US,5,20250828,180000,6.02,6.0541,6.02,6.05,1600,0
GDHG.US,5,20250828,180500,6,6.05,5.9,6,2025,0
GDHG.US,5,20250828,181000,6,6.25,5.9859,6.2,29611,0
GDHG.US,5,20250828,181500,6.25,6.67,6.19,6.501,13312,0
GDHG.US,5,20250828,182000,6.6,6.9,6.6,6.8,1970,0
GDHG.US,5,20250828,182500,6.6018,6.67,6.54,6.67,1226,0
GDHG.US,5,20250828,184500,6.67,6.67,6.67,6.67,379,0
GDHG.US,5,20250828,185500,6.7,6.7,6.65,6.68,1052,0
GDHG.US,5,20250828,191500,6.74,6.74,6.67,6.67,200,0
GDHG.US,5,20250828,193500,6.6747,6.6747,6.66,6.66,613,0
GDHG.US,5,20250828,194000,6.6584,6.6584,6.6584,6.6584,102,0
GDHG.US,5,20250828,200000,6.7468,6.7468,6.7468,6.7468,1501,0
GDHG.US,5,20250828,200500,6.7874,7.2,6.7874,7.1,9254,0
GDHG.US,5,20250828,202000,7,7,7,7,200,0
GDHG.US,5,20250828,203000,7.0119,7.0119,7.0119,7.0119,182,0
GDHG.US,5,20250828,203500,7,7,7,7,500,0
GDHG.US,5,20250828,204500,7.19,7.19,7.19,7.19,100,0
GDHG.US,5,20250828,205000,7.1,7.1,7.1,7.1,100,0
GDHG.US,5,20250828,210000,7.0929,7.0929,7.0929,7.0929,421,0
GDHG.US,5,20250828,210500,7.09,7.09,7.09,7.09,100,0
GDHG.US,5,20250828,211000,7.0975,7.0975,7.0975,7.0975,200,0
GDHG.US,5,20250828,212000,7.0975,7.0975,7.0975,7.0975,199,0
GDHG.US,5,20250828,212500,7.0911,7.2,7.0317,7.185,1932,0
GDHG.US,5,20250828,214000,7.2695,7.2695,7.2695,7.2695,100,0
GDHG.US,5,20250828,214500,7.215,7.28,7.215,7.24,726,0
GDHG.US,5,20250828,215500,7.1513,7.47,7.14,7.44,4296,0
GDHG.US,5,20250829,153000,6.7,6.755,6.6028,6.6521,1146,0
GDHG.US,5,20250829,153500,6.7454,6.78,6.4,6.78,1992,0
GDHG.US,5,20250829,154000,6.6,6.6277,6.6,6.6,470,0
GDHG.US,5,20250829,155000,6.7683,6.8,6.7,6.8,2690,0
GDHG.US,5,20250829,155500,6.8,6.95,6.67,6.8,4895,0
GDHG.US,5,20250829,160000,6.925,6.925,6.925,6.925,100,0
GDHG.US,5,20250829,161000,6.8405,6.8405,6.8405,6.8405,140,0
GDHG.US,5,20250829,162500,6.86,6.86,6.86,6.86,164,0
GDHG.US,5,20250829,170000,7,7.25,7,7.2289,833,0
GDHG.US,5,20250829,170500,7.0724,7.0724,7.0724,7.0724,128,0
GDHG.US,5,20250829,171500,7.11,7.2,7.1002,7.2,1029,0
GDHG.US,5,20250829,172000,7.2,7.2,7.2,7.2,260,0
GDHG.US,5,20250829,172500,7.25,7.25,7.25,7.25,100,0
GDHG.US,5,20250829,173500,7.1,7.1014,7.1,7.1014,300,0
GDHG.US,5,20250829,175500,7,7,7,7,200,0
GDHG.US,5,20250829,180000,7,7,7,7,100,0
GDHG.US,5,20250829,180500,7.08,7.08,6.995,6.995,766,0
GDHG.US,5,20250829,181000,7,7,7,7,401,0
GDHG.US,5,20250829,181500,6.98,6.98,6.98,6.98,181,0
GDHG.US,5,20250829,183000,6.91,6.91,6.8,6.9,560,0
GDHG.US,5,20250829,190000,7.091,7.12,7.0501,7.12,4936,0
GDHG.US,5,20250829,190500,7.25,7.25,7.25,7.25,248,0
GDHG.US,5,20250829,192000,7.39,7.39,7.39,7.39,200,0
GDHG.US,5,20250829,193000,7.4,7.4,7.15,7.15,400,0
GDHG.US,5,20250829,193500,7.61,7.8,7.61,7.8,200,0
GDHG.US,5,20250829,194000,8,8.69,8,8,1121,0
GDHG.US,5,20250829,194500,7.41,7.41,7.33,7.33,434,0
GDHG.US,5,20250829,195000,7.67,7.67,7.525,7.525,200,0
GDHG.US,5,20250829,195500,7.36,7.36,7.36,7.36,177,0
GDHG.US,5,20250829,200500,7.99,7.99,7.99,7.99,100,0
GDHG.US,5,20250829,201500,7.5501,7.5501,7.5501,7.5501,375,0
GDHG.US,5,20250829,202000,7.99,7.99,7.55,7.6406,2798,0
GDHG.US,5,20250829,204000,8.39,8.39,7.8,7.8,445,0
GDHG.US,5,20250829,212000,7.558,7.558,7.558,7.558,140,0
GDHG.US,5,20250829,214500,7.8647,7.8647,7.8647,7.8647,300,0
GDHG.US,5,20250829,215000,7.885,8.19,7.885,8.19,213,0
GDHG.US,5,20250829,215500,8.11,8.11,8.11,8.11,100,0
GDHG.US,5,20250902,153000,7.79,7.79,7.79,7.79,358,0
GDHG.US,5,20250902,153500,7.7382,7.7382,7.7382,7.7382,118,0
GDHG.US,5,20250902,161000,7.72,7.72,7.71,7.71,578,0
GDHG.US,5,20250902,161500,7.55,7.61,7.55,7.55,663,0
GDHG.US,5,20250902,162000,7.5,7.5,7.5,7.5,100,0
GDHG.US,5,20250902,162500,7.5,7.5,7.5,7.5,200,0
GDHG.US,5,20250902,163000,7.5,7.5,7.5,7.5,100,0
GDHG.US,5,20250902,163500,7.3906,7.45,7.3906,7.41,333,0
GDHG.US,5,20250902,170000,7.3069,7.3069,7.3069,7.3069,332,0
GDHG.US,5,20250902,170500,7.1075,7.1075,7.1075,7.1075,100,0
GDHG.US,5,20250902,172000,7.3,7.33,7.095,7.261,1100,0
GDHG.US,5,20250902,173000,7.3125,7.3338,7.3125,7.333,800,0
GDHG.US,5,20250902,173500,7.31,7.9038,7.31,7.9038,8332,0
GDHG.US,5,20250902,174500,7.9076,7.9076,7.9076,7.9076,100,0
GDHG.US,5,20250902,175000,7.865,7.98,7.865,7.98,200,0
GDHG.US,5,20250902,175500,8.05,8.05,7.86,7.92,400,0
GDHG.US,5,20250902,180000,8.01,8.01,8.01,8.01,100,0
GDHG.US,5,20250902,182000,8.425,8.55,8.425,8.425,1016,0
GDHG.US,5,20250902,182500,8.3,8.3,8.02,8.24,870,0
GDHG.US,5,20250902,184500,8.203,8.3,8.1,8.1,820,0
GDHG.US,5,20250902,190000,8.0514,8.0514,8.0514,8.0514,100,0
GDHG.US,5,20250902,193000,8.0369,8.05,8.0369,8.05,484,0
GDHG.US,5,20250902,200500,8,8,8,8,100,0
GDHG.US,5,20250902,201000,7.9,7.9,7.8,7.9,700,0
GDHG.US,5,20250902,201500,7.85,7.9736,7.85,7.85,400,0
GDHG.US,5,20250902,203000,8.03,8.03,8.03,8.03,100,0
GDHG.US,5,20250902,203500,8.4,8.4,8.4,8.4,100,0
GDHG.US,5,20250902,204500,7.9607,7.9607,7.87,7.87,1334,0
GDHG.US,5,20250902,210000,7.85,7.85,7.85,7.85,200,0
GDHG.US,5,20250902,210500,7.8,7.9888,7.755,7.9,1300,0
GDHG.US,5,20250902,215500,7.82,7.9,7.815,7.815,445,0
GDHG.US,5,20250903,153000,7.81,7.81,7.81,7.81,100,0
GDHG.US,5,20250903,153500,7.6,7.6,7.6,7.6,173,0
GDHG.US,5,20250903,160000,7.7,7.7,7.7,7.7,114,0
GDHG.US,5,20250903,171000,7.72,7.72,7.71,7.71,1092,0
GDHG.US,5,20250903,202500,8.3108,8.3108,8.3108,8.3108,101,0
GDHG.US,5,20250903,214000,8.0056,8.0056,8.0056,8.0056,100,0
GDHG.US,5,20250903,215500,7.9,7.9,7.82,7.82,300,0
GDHG.US,5,20250904,154500,7.5,7.5,7.5,7.5,100,0
GDHG.US,5,20250904,161000,7.5,7.505,7.5,7.505,300,0
GDHG.US,5,20250904,163000,7.5,7.5,7.5,7.5,100,0
GDHG.US,5,20250904,174000,7.5091,7.5091,7.5091,7.5091,1501,0
GDHG.US,5,20250904,193500,7.5,7.5,7.5,7.5,100,0
GDHG.US,5,20250904,200000,7.5,7.5,7.5,7.5,133,0
GDHG.US,5,20250904,214500,7.6,7.7793,7.6,7.66,400,0
GDHG.US,5,20250904,215500,7.7793,7.82,7.7,7.8,2360,0
GDHG.US,5,20250905,153000,7.52,7.52,7.52,7.52,563,0
GDHG.US,5,20250905,171000,7.6,7.6,7.59,7.59,200,0
GDHG.US,5,20250905,181500,7.6,7.6,7.6,7.6,100,0
GDHG.US,5,20250905,203500,7.61,7.61,7.61,7.61,100,0
GDHG.US,5,20250905,215500,7.51,7.51,7.51,7.51,118,0
GDHG.US,5,20250908,153000,7.51,7.51,7.4719,7.5,744,0
GDHG.US,5,20250908,172000,7.74,7.74,7.74,7.74,100,0
GDHG.US,5,20250908,183000,7.5,7.5,7.5,7.5,1050,0
GDHG.US,5,20250908,193500,7.8257,7.8257,7.8257,7.8257,108,0
GDHG.US,5,20250908,200000,7.4351,7.4351,7.4351,7.4351,172,0
GDHG.US,5,20250908,201000,7.6325,7.7947,7.615,7.7947,2300,0
GDHG.US,5,20250908,202000,7.6,7.6,7.6,7.6,300,0
GDHG.US,5,20250908,202500,7.55,7.615,7.4397,7.4397,3419,0
GDHG.US,5,20250909,153000,7.5238,7.5238,7.5238,7.5238,400,0
GDHG.US,5,20250909,163500,7.65,7.67,7.5952,7.5952,820,0
GDHG.US,5,20250909,185000,7.6729,7.6729,7.6729,7.6729,108,0
GDHG.US,5,20250909,185500,7.79,7.7901,7.7886,7.7886,599,0
GDHG.US,5,20250909,190000,7.75,7.75,7.75,7.75,129,0
GDHG.US,5,20250909,193000,7.8551,8,7.8551,8,400,0
GDHG.US,5,20250909,205000,7.501,7.501,7.48,7.48,774,0
GDHG.US,5,20250909,210000,7.51,7.51,7.51,7.51,100,0
GDHG.US,5,20250909,211000,7.5,7.5,7.5,7.5,100,0
GDHG.US,5,20250909,212000,7.57,7.59,7.57,7.59,716,0
GDHG.US,5,20250909,214500,7.5,7.55,7.5,7.55,300,0
GDHG.US,5,20250909,215000,7.55,7.55,7.55,7.55,100,0
GDHG.US,5,20250910,162500,7.83,7.83,7.83,7.83,193,0
GDHG.US,5,20250910,195000,7.76,7.76,7.76,7.76,135,0
GDHG.US,5,20250910,215500,7.6,7.67,7.6,7.67,419,0
GDHG.US,5,20250911,153000,7.6763,7.6763,7.6763,7.6763,171,0
GDHG.US,5,20250911,161500,7.835,7.835,7.67,7.67,515,0
GDHG.US,5,20250911,215500,7.85,7.85,7.85,7.85,107,0
GDHG.US,5,20250912,153000,7.64,7.64,7.64,7.64,129,0
GDHG.US,5,20250912,210000,7.68,7.68,7.68,7.68,100,0
GDHG.US,5,20250912,212500,7.5001,7.5001,7.5001,7.5001,225,0
GDHG.US,5,20250912,215500,7.56,7.56,7.56,7.56,103,0
GDHG.US,5,20250915,153000,7.51,7.51,7.51,7.51,472,0
GDHG.US,5,20250915,155000,7.99,7.99,7.49,7.49,1081,0
GDHG.US,5,20250915,161000,7.53,7.53,7.53,7.53,420,0
GDHG.US,5,20250915,162000,7.73,7.73,7.73,7.73,265,0
GDHG.US,5,20250915,163500,7.5431,7.5431,7.5431,7.5431,134,0
GDHG.US,5,20250915,170500,7.54,7.54,7.54,7.54,200,0
GDHG.US,5,20250915,194500,7.91,7.91,7.91,7.91,388,0
GDHG.US,5,20250915,200000,7.55,7.55,7.48,7.48,388,0
GDHG.US,5,20250915,205500,7.4701,7.4701,7.4701,7.4701,120,0
GDHG.US,5,20250915,211500,7.525,7.525,7.525,7.525,393,0
GDHG.US,5,20250915,213000,7.49,7.49,7.47,7.47,605,0
GDHG.US,5,20250915,214500,7.4,7.555,7.4,7.555,500,0
GDHG.US,5,20250915,215500,7.5,7.5,7.5,7.5,146,0
GDHG.US,5,20250916,165500,7.68,7.68,7.68,7.68,200,0
GDHG.US,5,20250916,175500,7.5774,7.5774,7.5774,7.5774,525,0
GDHG.US,5,20250916,182000,7.5,7.5,7.5,7.5,100,0
GDHG.US,5,20250916,192500,7.5,7.5,7.5,7.5,100,0
GDHG.US,5,20250916,195500,7.5,7.5,7.5,7.5,100,0
GDHG.US,5,20250916,205500,7.63,7.68,7.62,7.68,7288,0
GDHG.US,5,20250916,211000,7.63,7.63,7.63,7.63,877,0
GDHG.US,5,20250916,212500,7.7,7.7,7.7,7.7,100,0
GDHG.US,5,20250916,213000,7.5,7.5,7.5,7.5,387,0
GDHG.US,5,20250917,153000,7.65,7.65,7.65,7.65,103,0
GDHG.US,5,20250917,161500,7.6,7.6,7.6,7.6,895,0
GDHG.US,5,20250917,164000,7.84,7.84,7.84,7.84,100,0
GDHG.US,5,20250917,175000,7.5654,7.5654,7.5654,7.5654,100,0
GDHG.US,5,20250917,182000,7.755,7.755,7.755,7.755,100,0
GDHG.US,5,20250917,184000,7.57,7.57,7.57,7.57,170,0
GDHG.US,5,20250917,201500,7.755,7.755,7.755,7.755,200,0
GDHG.US,5,20250917,202500,7.755,7.87,7.755,7.87,200,0
GDHG.US,5,20250917,205500,7.96,8,7.96,8,940,0
GDHG.US,5,20250917,210000,8,8,7.88,7.88,2147,0
GDHG.US,5,20250917,212000,7.98,7.98,7.98,7.98,100,0
GDHG.US,5,20250917,215500,7.7736,7.7736,7.7736,7.7736,100,0
GDHG.US,5,20250918,153000,7.6,7.6,7.6,7.6,166,0
GDHG.US,5,20250918,173500,7.64,7.64,7.64,7.64,200,0
GDHG.US,5,20250918,191500,7.5895,7.5895,7.5895,7.5895,387,0
GDHG.US,5,20250918,200500,7.5801,7.5801,7.5801,7.5801,800,0
GDHG.US,5,20250919,160000,7.52,7.52,7.52,7.52,302,0
GDHG.US,5,20250919,180000,7.8508,7.8509,7.7,7.8509,300,0
GDHG.US,5,20250919,181500,7.89,7.89,7.89,7.89,385,0
GDHG.US,5,20250919,190500,7.7,7.9,7.7,7.8,1718,0
GDHG.US,5,20250919,194000,7.86,8.16,7.86,8.16,3100,0
GDHG.US,5,20250919,201000,7.94,7.94,7.94,7.94,200,0
GDHG.US,5,20250919,203000,7.6529,7.6529,7.6529,7.6529,134,0
GDHG.US,5,20250919,204500,7.8,7.8,7.8,7.8,100,0
GDHG.US,5,20250919,205000,7.65,7.65,7.65,7.65,723,0
GDHG.US,5,20250919,215000,7.7,7.74,7.7,7.74,1600,0
GDHG.US,5,20250922,153000,7.63,7.63,7.63,7.63,580,0
GDHG.US,5,20250922,161500,7.65,7.65,7.65,7.65,100,0
GDHG.US,5,20250922,171000,7.9854,7.9854,7.9854,7.9854,250,0
GDHG.US,5,20250922,172500,7.65,7.65,7.65,7.65,100,0
GDHG.US,5,20250922,193000,7.67,7.67,7.67,7.67,108,0
GDHG.US,5,20250922,201000,7.8,7.8,7.8,7.8,100,0
GDHG.US,5,20250922,214500,7.956,7.956,7.956,7.956,465,0
GDHG.US,5,20250923,155500,7.52,7.52,7.52,7.52,100,0
GDHG.US,5,20250923,171500,7.8,7.8,7.8,7.8,385,0
GDHG.US,5,20250923,185500,7.4708,7.4708,7.4708,7.4708,137,0
GDHG.US,5,20250923,195500,7.61,7.61,7.45,7.45,1395,0
GDHG.US,5,20250923,200500,7.5,7.5,7.5,7.5,100,0
GDHG.US,5,20250924,162500,7.7151,7.7151,7.7151,7.7151,525,0
GDHG.US,5,20250924,163500,7.77,7.77,7.77,7.77,500,0
GDHG.US,5,20250924,165500,7.79,7.83,7.6,7.6,2140,0
GDHG.US,5,20250924,192000,7.46,7.46,7.46,7.46,200,0
GDHG.US,5,20250924,201000,7.56,7.56,7.56,7.56,200,0
GDHG.US,5,20250924,201500,7.5,7.5,7.5,7.5,100,0
GDHG.US,5,20250924,202500,7.5,7.5,7.5,7.5,100,0
GDHG.US,5,20250924,203000,7.3,7.33,6.806,6.806,697,0
GDHG.US,5,20250924,204000,7.1807,7.45,7.1807,7.45,1225,0
GDHG.US,5,20250924,204500,7.5,7.505,7.5,7.5,1100,0
GDHG.US,5,20250924,205000,7.56,7.56,7.56,7.56,177,0
GDHG.US,5,20250924,211000,7.57,7.57,7.5,7.5,1200,0
GDHG.US,5,20250924,213000,7.45,7.58,7.45,7.58,700,0
GDHG.US,5,20250924,213500,7.5,7.58,7.5,7.58,600,0
GDHG.US,5,20250924,214000,7.545,7.545,7.545,7.545,100,0
GDHG.US,5,20250925,153500,7.5,7.5,7.5,7.5,100,0
GDHG.US,5,20250925,160000,7.5,7.5,7.5,7.5,600,0
GDHG.US,5,20250925,181000,7.5,7.5,7.5,7.5,400,0
GDHG.US,5,20250925,182000,7.5,7.5,7.5,7.5,100,0
GDHG.US,5,20250925,215000,7.5,7.5,7.5,7.5,500,0
GDHG.US,5,20250925,215500,7.5,7.5,7.5,7.5,200,0
GDHG.US,5,20250926,162500,7.55,7.55,7.55,7.55,560,0
GDHG.US,5,20250926,192500,7.5145,7.5145,7.5145,7.5145,340,0
GDHG.US,5,20250926,200500,7.6539,7.6539,7.6539,7.6539,500,0
GDHG.US,5,20250926,201500,7.7025,7.7025,7.7025,7.7025,150,0
GDHG.US,5,20250926,212500,7.6291,7.6291,7.6291,7.6291,100,0
GDHG.US,5,20250929,191500,7.718,7.718,7.718,7.718,100,0
GDHG.US,5,20250929,194500,7.625,7.625,7.625,7.625,150,0
GDHG.US,5,20250929,201500,7.55,7.55,7.55,7.55,194,0
GDHG.US,5,20250929,203500,7.7,7.7,7.7,7.7,419,0
GDHG.US,5,20250929,212500,7.625,7.625,7.625,7.625,304,0
GDHG.US,5,20250929,214000,7.5,7.5,7.5,7.5,100,0
GDHG.US,5,20250929,214500,7.5025,7.5025,7.5025,7.5025,100,0
GDHG.US,5,20250930,163000,7.5875,7.5875,7.5875,7.5875,500,0
GDHG.US,5,20250930,163500,7.51,8.0712,7.4,7.9263,5157,0
GDHG.US,5,20250930,164000,7.7,8.134,7.4,8.134,4276,0
GDHG.US,5,20250930,164500,7.5,7.7,7.4,7.7,7300,0
GDHG.US,5,20250930,165000,7.6,7.6,7.3,7.5,3060,0
GDHG.US,5,20250930,170500,7.5,7.65,7.3,7.65,9700,0
GDHG.US,5,20250930,171000,7.6786,7.7,7.6786,7.7,1300,0
GDHG.US,5,20250930,171500,7.5453,7.6807,7.4,7.6,9847,0
GDHG.US,5,20250930,172000,7.5,7.6,7.3,7.6,7400,0
GDHG.US,5,20250930,174000,7.6,7.6,7.6,7.6,100,0
GDHG.US,5,20250930,175000,7.42,7.55,7.4,7.55,2060,0
GDHG.US,5,20250930,180000,7.5,7.5001,7.41,7.41,300,0
GDHG.US,5,20250930,180500,7.5,7.5,7.4,7.5,7053,0
GDHG.US,5,20250930,181500,7.5,7.6727,7.41,7.6727,1797,0
GDHG.US,5,20250930,182000,7.5001,7.57,7.5,7.5,1111,0
GDHG.US,5,20250930,182500,7.5,7.6727,7.41,7.5,1600,0
GDHG.US,5,20250930,193000,7.5,7.5,7.4,7.4,1801,0
GDHG.US,5,20250930,204000,7.6364,7.6364,7.5,7.5001,310,0
GDHG.US,5,20251001,154500,7.75,7.75,7.75,7.75,100,0
GDHG.US,5,20251001,160000,7.6,7.6,7.59,7.59,302,0
GDHG.US,5,20251001,163500,7.6,7.6,7.6,7.6,109,0
GDHG.US,5,20251001,173000,7.5,7.5,7.4537,7.5,729,0
GDHG.US,5,20251001,180000,7.42,7.45,7.4,7.45,1212,0
GDHG.US,5,20251001,180500,7.4,7.47,7.1453,7.47,1550,0
GDHG.US,5,20251001,181000,7.47,7.481868,7.44,7.4769,3223,0
GDHG.US,5,20251001,181500,7.47,7.48,7.36,7.36,2554,0
GDHG.US,5,20251001,182000,7.5414,7.5414,7.5414,7.5414,100,0
GDHG.US,5,20251001,211000,7.51,7.51,7.51,7.51,100,0
GDHG.US,5,20251002,160500,7.405,7.51,7.405,7.49,511,0
GDHG.US,5,20251002,164000,7.5,7.5,7.405,7.405,2798,0
GDHG.US,5,20251002,164500,7.405,7.48,7.405,7.48,400,0
GDHG.US,5,20251002,170000,7.45,7.45,7.4,7.45,8350,0
GDHG.US,5,20251002,171000,7.44,7.44,7.4,7.4,1428,0
GDHG.US,5,20251002,171500,7.47,7.47,7.4,7.44,2100,0
GDHG.US,5,20251002,174000,7.44,7.46,7.44,7.46,200,0
GDHG.US,5,20251002,175500,7.44,7.44,7.44,7.44,200,0
GDHG.US,5,20251002,180000,7.44,7.44,7.44,7.44,100,0
GDHG.US,5,20251002,181500,7.44,7.48,7.4,7.48,2985,0
GDHG.US,5,20251002,183500,7.4938,7.4938,7.47,7.47,500,0
GDHG.US,5,20251002,184000,7.47,7.47,7.47,7.47,100,0
GDHG.US,5,20251002,191500,7.44,7.44,7.4,7.4,1715,0
GDHG.US,5,20251002,192000,7.48,7.48,7.48,7.48,100,0
GDHG.US,5,20251002,194500,7.44,7.47,7.42,7.47,3800,0
GDHG.US,5,20251002,200500,7.4,7.47,7.4,7.47,506,0
GDHG.US,5,20251002,210000,7.47,7.47,7.47,7.47,100,0
GDHG.US,5,20251002,212000,7.44,7.49,7.42,7.47,3139,0
GDHG.US,5,20251002,212500,7.44,7.47,7.43,7.47,3084,0
GDHG.US,5,20251003,154000,7.4802,7.4802,7.48,7.48,700,0
GDHG.US,5,20251003,155000,7.48,7.48,7.48,7.48,100,0
GDHG.US,5,20251003,155500,7.48,7.48,7.48,7.48,300,0
GDHG.US,5,20251003,160000,7.481,7.481,7.481,7.481,200,0
GDHG.US,5,20251003,161000,7.48,7.48,7.48,7.48,600,0
GDHG.US,5,20251003,162500,7.48,7.48,7.4,7.46,7900,0
GDHG.US,5,20251003,163500,7.46,7.47,7.46,7.47,423,0
GDHG.US,5,20251003,164000,7.46,7.4613,7.459,7.4601,1584,0
GDHG.US,5,20251003,164500,7.459,7.46,7.459,7.4599,600,0
GDHG.US,5,20251003,165000,7.46,7.48,7.46,7.48,200,0
GDHG.US,5,20251003,171000,7.46,7.4601,7.45,7.45,770,0
GDHG.US,5,20251003,172000,7.46,7.46,7.41,7.44,1500,0
GDHG.US,5,20251003,174000,7.4601,7.4601,7.4601,7.4601,500,0
GDHG.US,5,20251003,180000,7.46,7.46,7.42,7.46,1000,0
GDHG.US,5,20251003,180500,7.47,7.47,7.46,7.46,800,0
GDHG.US,5,20251003,184500,7.46,7.46,7.44,7.46,1397,0
GDHG.US,5,20251003,190500,7.46,7.46,7.46,7.46,100,0
GDHG.US,5,20251003,192500,7.46,7.48,7.3,7.48,1383,0
GDHG.US,5,20251003,193000,7.46,7.46,7.46,7.46,200,0
GDHG.US,5,20251003,194000,7.4602,7.4602,7.4602,7.4602,2800,0
GDHG.US,5,20251003,194500,7.46,7.46,7.46,7.46,100,0
GDHG.US,5,20251003,195000,7.46,7.46,7.46,7.46,200,0
GDHG.US,5,20251003,200000,7.4604,7.4604,7.44,7.46,6400,0
GDHG.US,5,20251003,201000,7.46,7.46,7.46,7.46,100,0
GDHG.US,5,20251003,215500,7.49,7.49,7.46,7.46,342,0
GDHG.US,5,20251006,153000,7.5,7.5,7.5,7.5,103,0
GDHG.US,5,20251006,155500,7.4649,7.4649,7.46,7.46,243,0
GDHG.US,5,20251006,160500,7.46,7.46,7.42,7.42,2179,0
GDHG.US,5,20251006,162000,7.461,7.461,7.4,7.46,1300,0
GDHG.US,5,20251006,163000,7.46,7.47,7.455,7.47,2100,0
GDHG.US,5,20251006,163500,7.46,7.46,7.46,7.46,200,0
GDHG.US,5,20251006,172000,7.46,7.46,7.46,7.46,112,0
GDHG.US,5,20251006,172500,7.5,7.5,7.5,7.5,100,0
GDHG.US,5,20251006,173500,7.46,7.46,7.46,7.46,200,0
GDHG.US,5,20251006,175000,7.46,7.46,7.46,7.46,200,0
GDHG.US,5,20251006,192000,7.5,7.5,7.5,7.5,100,0
GDHG.US,5,20251006,193000,7.46,7.46,7.46,7.46,100,0
GDHG.US,5,20251006,194000,7.4672,7.4672,7.4672,7.4672,145,0
GDHG.US,5,20251006,201500,7.46,7.46,7.4,7.4,491,0
GDHG.US,5,20251006,202500,7.46,7.46,7.46,7.46,100,0
GDHG.US,5,20251006,210500,7.46,7.46,7.46,7.46,100,0
GDHG.US,5,20251006,215500,7.4,7.4,7.4,7.4,147,0
GDHG.US,5,20251007,153000,7.5,7.5,7.5,7.5,105,0
GDHG.US,5,20251007,154500,7.475,7.475,7.475,7.475,200,0
GDHG.US,5,20251007,155000,7.45,7.4746,7.44,7.44,2016,0
GDHG.US,5,20251007,155500,7.47,7.47,7.44,7.44,200,0
GDHG.US,5,20251007,160000,7.4,7.46,7.4,7.44,900,0
GDHG.US,5,20251007,160500,7.44,7.44,7.42,7.44,500,0
GDHG.US,5,20251007,161000,7.4001,7.45,7.3948,7.45,1394,0
GDHG.US,5,20251007,164500,7.48,7.48,7.48,7.48,100,0
GDHG.US,5,20251007,165500,7.4633,7.4633,7.4633,7.4633,280,0
GDHG.US,5,20251007,170000,7.46,7.46,7.46,7.46,100,0
GDHG.US,5,20251007,170500,7.4999,7.5,7.4999,7.5,600,0
GDHG.US,5,20251007,173000,7.4601,7.4601,7.46,7.46,200,0
GDHG.US,5,20251007,174000,7.44,7.44,7.44,7.44,100,0
GDHG.US,5,20251007,175000,7.44,7.44,6.36,6.36,5637,0
GDHG.US,5,20251007,180000,6.36,6.36,6.36,6.36,560,0
GDHG.US,5,20251007,180500,6.7,7.45,6.7,7.4,3716,0
GDHG.US,5,20251007,181000,7.4,7.4499,7.3,7.4198,4306,0
GDHG.US,5,20251007,181500,7.4199,7.45,7.36,7.45,3026,0
GDHG.US,5,20251007,182000,7.42,7.45,7.42,7.42,456,0
GDHG.US,5,20251007,184500,7.45,7.45,7.45,7.45,100,0
GDHG.US,5,20251007,185000,7.5,7.54,7.5,7.51,1638,0
GDHG.US,5,20251007,190000,7.49,7.54,7.44,7.53,2918,0
GDHG.US,5,20251007,190500,7.48,7.48,7.48,7.48,760,0
GDHG.US,5,20251007,192500,7.48,7.48,7.44,7.44,400,0
GDHG.US,5,20251007,194000,7.44,7.44,7.44,7.44,362,0
GDHG.US,5,20251007,195500,7.4,7.4,7.21,7.3,1697,0
GDHG.US,5,20251007,200000,7.3354,7.4598,7.3,7.4598,1500,0
GDHG.US,5,20251007,203500,7.54,7.54,7.54,7.54,100,0
GDHG.US,5,20251007,213000,7.49,7.49,7.49,7.49,100,0
GDHG.US,5,20251007,213500,7.49,7.49,7.465,7.465,517,0
GDHG.US,5,20251008,153000,7.45,7.45,7.45,7.45,100,0
GDHG.US,5,20251008,154000,7.48,7.48,7.4717,7.4717,575,0
GDHG.US,5,20251008,161000,7.435,7.435,7.435,7.435,260,0
GDHG.US,5,20251008,161500,7.4239,7.4239,7.4239,7.4239,142,0
GDHG.US,5,20251008,162000,7.42,7.42,7.4,7.42,300,0
GDHG.US,5,20251008,162500,7.4499,7.4499,7.4499,7.4499,100,0
GDHG.US,5,20251008,165000,7.4459,7.45,7.4459,7.45,300,0
GDHG.US,5,20251008,180000,7.512,7.54,7.505,7.54,2898,0
GDHG.US,5,20251008,181000,7.53,7.535,7.45,7.45,1605,0
GDHG.US,5,20251008,181500,7.46,7.46,7.25,7.4341,4300,0
GDHG.US,5,20251008,182500,7.44,7.44,7.44,7.44,100,0
GDHG.US,5,20251008,183000,7.4401,7.4401,7.4401,7.4401,100,0
GDHG.US,5,20251008,183500,7.45,7.506,7.4,7.506,10269,0
GDHG.US,5,20251008,195500,7.72,7.72,7.44,7.4401,1300,0
GDHG.US,5,20251009,153000,7.79,7.79,7.79,7.79,100,0
GDHG.US,5,20251009,155000,7.48,7.48,7.48,7.48,100,0
GDHG.US,5,20251009,160000,7.45,7.48,7.45,7.48,200,0
GDHG.US,5,20251009,160500,7.7,7.7,7.59,7.59,300,0
GDHG.US,5,20251009,162500,7.4816,7.4816,7.4816,7.4816,2241,0
GDHG.US,5,20251009,171000,7.55,7.55,7.42,7.5412,2057,0
GDHG.US,5,20251009,171500,7.48,7.55,7.41,7.5342,12216,0
GDHG.US,5,20251009,172000,7.4801,7.57,7.42,7.57,5000,0
GDHG.US,5,20251009,173000,7.4885,7.4885,7.4885,7.4885,128,0
GDHG.US,5,20251009,174500,7.4809,7.4809,7.4809,7.4809,133,0
GDHG.US,5,20251009,175000,7.48,7.55,7.385,7.55,25543,0
GDHG.US,5,20251009,175500,7.575,7.575,7.575,7.575,104,0
GDHG.US,5,20251009,180500,7.575,7.575,7.575,7.575,100,0
GDHG.US,5,20251009,184500,7.48,7.575,7.45,7.45,533,0
GDHG.US,5,20251009,191500,7.575,7.575,7.575,7.575,150,0
GDHG.US,5,20251009,200000,7.65,7.65,7.65,7.65,100,0
GDHG.US,5,20251009,204500,7.48,7.48,7.38,7.48,2542,0
GDHG.US,5,20251009,211000,7.52,7.52,7.52,7.52,165,0
GDHG.US,5,20251009,211500,7.48,7.48,7.48,7.48,100,0
GDHG.US,5,20251009,214000,7.6359,7.6359,7.6359,7.6359,400,0
GDHG.US,5,20251009,214500,7.6,7.61,7.6,7.61,3027,0
GDHG.US,5,20251009,215500,7.58,7.58,7.48,7.48,400,0
GDHG.US,5,20251010,153000,7.48,7.48,7.48,7.48,100,0
GDHG.US,5,20251010,153500,7.48,7.48,7.48,7.48,600,0
GDHG.US,5,20251010,155000,7.44,7.44,7.44,7.44,100,0
GDHG.US,5,20251010,155500,7.5312,7.5312,7.5312,7.5312,100,0
GDHG.US,5,20251010,160000,7.48,7.48,7.48,7.48,100,0
GDHG.US,5,20251010,162000,7.5312,7.5312,7.48,7.48,200,0
GDHG.US,5,20251010,163500,7.4904,7.4904,7.48,7.48,1100,0
GDHG.US,5,20251010,164000,7.48,7.48,7.3,7.48,2532,0
GDHG.US,5,20251010,170500,7.54,7.54,7.53,7.53,471,0
GDHG.US,5,20251010,173500,7.48,7.48,7.48,7.48,100,0
GDHG.US,5,20251010,174000,7.48,7.48,7.48,7.48,100,0
GDHG.US,5,20251010,181000,7.48,7.4853,7.48,7.48,900,0
GDHG.US,5,20251010,182500,7.4831,7.4831,7.4831,7.4831,200,0
GDHG.US,5,20251010,184000,7.52,7.52,7.52,7.52,1000,0
GDHG.US,5,20251010,185000,7.48,7.52,7.4,7.44,1122,0
GDHG.US,5,20251010,185500,7.48,7.48,7.48,7.48,100,0
GDHG.US,5,20251010,190000,7.44,7.44,7.44,7.44,352,0
GDHG.US,5,20251010,191000,7.48,7.48,7.48,7.48,200,0
GDHG.US,5,20251010,191500,7.48,7.48,7.48,7.48,300,0
GDHG.US,5,20251010,192000,7.48,7.48,7.35,7.48,906,0
GDHG.US,5,20251010,192500,7.48,7.48,7.48,7.48,600,0
GDHG.US,5,20251010,193000,7.48,7.48,7.48,7.48,300,0
GDHG.US,5,20251010,193500,7.48,7.48,7.4728,7.4735,1900,0
GDHG.US,5,20251010,194000,7.4799,7.48,7.4798,7.48,1000,0
GDHG.US,5,20251010,194500,7.48,7.48,7.48,7.48,700,0
GDHG.US,5,20251010,195000,7.48,7.48,7.4,7.44,900,0
GDHG.US,5,20251010,195500,7.44,7.44,7.42,7.42,500,0
GDHG.US,5,20251010,201000,7.4,7.4,7.4,7.4,200,0
GDHG.US,5,20251010,214500,7.4,7.4,7.4,7.4,200,0
GDHG.US,5,20251010,215000,7.426,7.426,7.426,7.426,300,0
GDHG.US,5,20251010,215500,7.4,7.4,7.395,7.4,900,0
GDHG.US,5,20251013,153000,7.3,7.635,7.3,7.635,476,0
GDHG.US,5,20251013,155500,7.5,7.5,7.45,7.45,600,0
GDHG.US,5,20251013,160500,7.45,7.47,7.45,7.47,1100,0
GDHG.US,5,20251013,161000,7.45,7.45,7.45,7.45,100,0
GDHG.US,5,20251013,162000,7.47,7.47,7.46,7.46,766,0
GDHG.US,5,20251013,163000,7.46,7.46,7.46,7.46,200,0
GDHG.US,5,20251013,165000,7.47,7.47,7.46,7.46,310,0
GDHG.US,5,20251013,170500,7.46,7.4601,7.32,7.45,1383,0
GDHG.US,5,20251013,171000,7.45,7.4636,7.42,7.45,1800,0
GDHG.US,5,20251013,171500,7.4636,7.4636,7.38,7.4601,3425,0
GDHG.US,5,20251013,172500,7.47,7.47,7.47,7.47,500,0
GDHG.US,5,20251013,175000,7.46,7.47,7.46,7.46,500,0
GDHG.US,5,20251013,182000,7.47,7.47,7.47,7.47,3272,0
GDHG.US,5,20251013,183500,7.46,7.46,7.46,7.46,300,0
GDHG.US,5,20251013,184500,7.44,7.44,7.44,7.44,200,0
GDHG.US,5,20251013,192500,7.44,7.44,7.34,7.4199,2200,0
GDHG.US,5,20251013,193000,7.42,7.42,7.41,7.42,4410,0
GDHG.US,5,20251013,193500,7.42,7.42,7.4175,7.4175,1600,0
GDHG.US,5,20251013,194000,7.42,7.4955,7.4175,7.4955,1920,0
GDHG.US,5,20251013,194500,7.485,7.485,7.485,7.485,100,0
GDHG.US,5,20251013,195000,7.47,7.5,7.47,7.5,506,0
GDHG.US,5,20251013,205500,7.733,7.733,7.4,7.4,3843,0
GDHG.US,5,20251013,210500,7.75,7.77,7.73,7.77,1435,0
GDHG.US,5,20251013,212000,7.65,7.65,7.51,7.51,3533,0
GDHG.US,5,20251013,215500,7.56,7.561,7.45,7.45,1396,0
GDHG.US,5,20251014,153000,7.45,7.45,7.45,7.45,388,0
GDHG.US,5,20251014,154000,7.45,7.45,7.44,7.44,2198,0
GDHG.US,5,20251014,155000,7.46,7.46,7.4,7.44,900,0
GDHG.US,5,20251014,155500,7.45,7.45,7.45,7.45,798,0
GDHG.US,5,20251014,160500,7.44,7.44,7.44,7.44,100,0
GDHG.US,5,20251014,170500,7.42,7.437,7.42,7.43,300,0
GDHG.US,5,20251014,171000,7.42,7.42,7.4198,7.42,2300,0
GDHG.US,5,20251014,172000,7.4,7.4,6.98,6.98,14442,0
GDHG.US,5,20251014,172500,7.6,7.6,7.6,7.6,100,0
GDHG.US,5,20251014,173500,7.554,7.554,7.42,7.42,1372,0
GDHG.US,5,20251014,185000,7.43,7.43,7.35,7.4,1353,0
GDHG.US,5,20251014,213500,7.4,7.4,7.4,7.4,100,0
GDHG.US,5,20251014,215500,7.4,7.42,7.4,7.42,600,0
GDHG.US,5,20251015,154500,7.685,7.685,7.685,7.685,100,0
GDHG.US,5,20251015,155000,7.675,7.675,7.675,7.675,200,0
GDHG.US,5,20251015,161000,7.46,7.46,7.43,7.43,5700,0
GDHG.US,5,20251015,161500,7.66,7.66,7.66,7.66,100,0
GDHG.US,5,20251015,170000,7.48,7.48,7.4,7.44,3651,0
GDHG.US,5,20251015,170500,7.45,7.45,7.45,7.45,100,0
GDHG.US,5,20251015,173500,7.46,7.7,6.9,6.935,33407,0
GDHG.US,5,20251015,174000,6.65,7.44,6.65,7.44,8784,0
GDHG.US,5,20251015,174500,7.4,7.44,7.32,7.35,5010,0
GDHG.US,5,20251015,175000,7.3598,7.7,7.29,7.44,9425,0
GDHG.US,5,20251015,175500,7.44,7.45,7.41,7.45,1400,0
GDHG.US,5,20251015,181500,7.45,7.45,7.4,7.41,2878,0
GDHG.US,5,20251015,182000,7.44,7.47,7.41,7.41,6755,0
GDHG.US,5,20251015,182500,7.4,7.48,7.39,7.44,2600,0
GDHG.US,5,20251015,183000,7.44,7.44,6.5,6.5,13681,0
GDHG.US,5,20251015,183500,6.83,7.4,6.75,7.35,14632,0
GDHG.US,5,20251015,184500,7.34,7.43,7.34,7.37,1200,0
GDHG.US,5,20251015,185000,7.475,7.475,7.475,7.475,100,0
GDHG.US,5,20251015,185500,7.44,7.44,7.39,7.42,1700,0
GDHG.US,5,20251015,190000,7.4,7.42,7.4,7.42,300,0
GDHG.US,5,20251015,191000,7.42,7.42,7.42,7.42,200,0
GDHG.US,5,20251015,192000,7.43,7.43,7.43,7.43,100,0
GDHG.US,5,20251015,195500,7.465,7.465,7.465,7.465,286,0
GDHG.US,5,20251015,201000,7.52,7.61,7.41,7.41,10304,0
GDHG.US,5,20251015,201500,7.45,7.45,7.45,7.45,1000,0
GDHG.US,5,20251015,204000,7.42,7.42,7.42,7.42,100,0
GDHG.US,5,20251015,213000,7.44,7.48,7.41,7.4108,2889,0
GDHG.US,5,20251015,215500,7.42,7.42,7.42,7.42,300,0
GDHG.US,5,20251016,154000,7.42,7.46,7.3,7.42,900,0
GDHG.US,5,20251016,155000,7.6077,7.6077,7.31,7.38,2460,0
GDHG.US,5,20251016,155500,7.46,7.46,7.46,7.46,100,0
GDHG.US,5,20251016,160000,7.457,7.5119,7.38,7.5119,2449,0
GDHG.US,5,20251016,160500,7.44,7.6,7.4,7.6,2101,0
GDHG.US,5,20251016,161000,7.44,7.605,7.44,7.44,770,0
GDHG.US,5,20251016,161500,7.44,7.5,7.43,7.44,26070,0
GDHG.US,5,20251016,162000,7.44,7.5038,7.1,7.42,5895,0
GDHG.US,5,20251016,162500,7.44,7.44,7.3,7.3,3240,0
GDHG.US,5,20251016,163000,7.2327,7.2327,6.6001,6.88,5099,0
GDHG.US,5,20251016,163500,6.88,6.88,6.6,6.855,8877,0
GDHG.US,5,20251016,164000,6.86,6.86,6.86,6.86,160,0
GDHG.US,5,20251016,172000,6.73,6.73,5.9,6.26,7253,0
GDHG.US,5,20251016,174000,6.3,6.3,6.23,6.23,400,0
GDHG.US,5,20251016,174500,6.24,6.77,6.24,6.6,3100,0
GDHG.US,5,20251016,175000,6.5,6.56,6.5,6.55,400,0
GDHG.US,5,20251016,175500,6.6,6.6,6.5001,6.5001,600,0
GDHG.US,5,20251016,180500,6.5,6.62,6.4699,6.62,907,0
GDHG.US,5,20251016,181000,6.66,6.66,6.65,6.65,600,0
GDHG.US,5,20251016,181500,6.6,6.6,6.6,6.6,100,0
GDHG.US,5,20251016,182500,6.58,6.6,6.58,6.6,200,0
GDHG.US,5,20251016,183000,6.6,6.6,6.6,6.6,300,0
GDHG.US,5,20251016,190000,6.41,6.48,6.41,6.48,300,0
GDHG.US,5,20251016,202000,6.5,6.5,6.5,6.5,100,0
GDHG.US,5,20251016,205500,6.55,6.55,6.52,6.52,200,0
GDHG.US,5,20251016,213500,6.565,6.565,6.565,6.565,142,0
GDHG.US,5,20251016,215500,6.56,6.56,6.56,6.56,140,0
GDHG.US,5,20251017,153000,6.39,6.39,6.39,6.39,100,0
GDHG.US,5,20251017,160500,6.4,6.4,6.3,6.3,200,0
GDHG.US,5,20251017,161000,6.29,6.29,6.28,6.28,300,0
GDHG.US,5,20251017,162500,6.37,6.38,6.37,6.38,500,0
GDHG.US,5,20251017,163000,6.35,6.35,6.35,6.35,239,0
GDHG.US,5,20251017,163500,6.34,6.39,6.21,6.21,699,0
GDHG.US,5,20251017,164000,6.16,6.16,6.16,6.16,163,0
GDHG.US,5,20251017,164500,6.08,6.21,6.08,6.21,800,0
GDHG.US,5,20251017,170500,6.3663,6.3663,6.185,6.185,454,0
GDHG.US,5,20251017,171500,6.18,6.18,6.18,6.18,188,0
GDHG.US,5,20251017,175000,6.32,6.32,6.32,6.32,157,0
GDHG.US,5,20251017,180000,6.32,6.32,6.32,6.32,158,0
GDHG.US,5,20251017,190000,6.05,6.08,5.7,6,3440,0
GDHG.US,5,20251017,190500,6,6,5.99,6,600,0
GDHG.US,5,20251017,191000,6,6,6,6,100,0
GDHG.US,5,20251017,191500,6,6.09,6,6.09,528,0
GDHG.US,5,20251017,195000,6,6,6,6,200,0
GDHG.US,5,20251017,200000,6.03,6.03,6.03,6.03,100,0
GDHG.US,5,20251017,203500,6.001,6.001,5.96,6,1814,0
GDHG.US,5,20251017,204000,6,6,6,6,300,0
GDHG.US,5,20251017,205000,6,6,6,6,700,0
GDHG.US,5,20251017,213000,6,6,6,6,100,0
GDHG.US,5,20251017,213500,6,6,6,6,200,0
GDHG.US,5,20251017,214000,6,6,6,6,200,0
GDHG.US,5,20251017,214500,6,6,6,6,100,0
GDHG.US,5,20251017,215000,6,6,6,6,100,0
GDHG.US,5,20251017,215500,6,6,5.9,5.9,4967,0
GDHG.US,5,20251020,153500,5.95,5.95,5.95,5.95,100,0
GDHG.US,5,20251020,161000,5.84,5.93,5.77,5.93,1172,0
GDHG.US,5,20251020,161500,5.89,5.89,5.89,5.89,100,0
GDHG.US,5,20251020,162000,5.77,5.77,5.69,5.7,1545,0
GDHG.US,5,20251020,163500,5.545,5.64,5.45,5.45,485,0
GDHG.US,5,20251020,164500,5.45,5.45,5.45,5.45,200,0
GDHG.US,5,20251020,170500,5.4028,5.71,5.4028,5.71,377,0
GDHG.US,5,20251020,183500,5.55,5.55,5.494578,5.494578,732,0
GDHG.US,5,20251020,184000,5.4,5.481421,5.4,5.481421,712,0
GDHG.US,5,20251020,184500,5.545,5.545,5.545,5.545,200,0
GDHG.US,5,20251020,185000,5.4001,5.4001,5.4001,5.4001,400,0
GDHG.US,5,20251020,214500,5.54,5.54,5.54,5.54,100,0
GDHG.US,5,20251021,163000,5.53,5.53,5.53,5.53,400,0
GDHG.US,5,20251021,183000,5.53,5.53,5.53,5.53,100,0
GDHG.US,5,20251021,194000,5.52,5.52,5.52,5.52,124,0
GDHG.US,5,20251021,211000,5.4391,5.4391,5.4391,5.4391,304,0
GDHG.US,5,20251021,214000,5.4,5.4,5.4,5.4,341,0
GDHG.US,5,20251022,162500,5.625,5.625,5.625,5.625,200,0
GDHG.US,5,20251022,163500,5.6301,5.7651,5.63,5.63,855,0
GDHG.US,5,20251022,164000,5.625,5.625,5.42,5.42,300,0
GDHG.US,5,20251022,170500,5.64,5.64,5.4501,5.4501,400,0
GDHG.US,5,20251022,171000,5.65,5.65,5.4,5.44,12305,0
GDHG.US,5,20251022,173500,5.4799,5.4799,5.43,5.4799,3872,0
GDHG.US,5,20251022,174000,5.43,5.43,5.43,5.43,100,0
GDHG.US,5,20251022,174500,5.425,5.425,5.425,5.425,300,0
GDHG.US,5,20251022,175000,5.39,5.39,5.39,5.39,200,0
GDHG.US,5,20251022,175500,5.245,5.39,5.24,5.39,2448,0
GDHG.US,5,20251022,180000,5.48,5.52,5.37,5.45,8627,0
GDHG.US,5,20251022,180500,5.45,5.49,5.3,5.39,20756,0
GDHG.US,5,20251022,181000,5.35,5.44,5.35,5.44,19571,0
GDHG.US,5,20251022,181500,5.7469,5.7469,5.27,5.33,1348,0
GDHG.US,5,20251022,182000,5.455,5.455,5.43,5.44,10300,0
GDHG.US,5,20251022,184500,5.445,5.445,5.445,5.445,100,0
GDHG.US,5,20251022,185000,5.445,5.445,5.445,5.445,100,0
GDHG.US,5,20251022,190000,5.44,5.44,5.44,5.44,100,0
GDHG.US,5,20251022,191500,5.375,5.375,5.375,5.375,100,0
GDHG.US,5,20251022,193000,5.375,5.375,5.375,5.375,200,0
GDHG.US,5,20251022,194000,5.375,5.375,5.375,5.375,100,0
GDHG.US,5,20251022,200000,5.44,5.44,5.44,5.44,200,0
GDHG.US,5,20251022,200500,5.45,5.45,5.41,5.41,1524,0
GDHG.US,5,20251022,202500,5.43,5.45,5.39,5.41,1487,0
GDHG.US,5,20251022,203500,5.44,5.44,5.44,5.44,100,0
GDHG.US,5,20251022,204000,5.41,5.45,5.37,5.37,7910,0
GDHG.US,5,20251022,205000,5.56,5.56,5.45,5.45,294,0
GDHG.US,5,20251022,205500,5.45,5.46,5.45,5.45,823,0
GDHG.US,5,20251022,210500,5.5,5.515,5.5,5.515,200,0
GDHG.US,5,20251022,212500,5.56,5.56,5.5,5.5,1400,0
GDHG.US,5,20251022,213500,5.46,5.49,5.46,5.49,500,0
GDHG.US,5,20251022,215000,5.46,5.46,5.42,5.42,849,0
GDHG.US,5,20251022,215500,5.44,5.44,5.37,5.37,1464,0
GDHG.US,5,20251023,153000,5.11,5.19,5.11,5.12,3099,0
GDHG.US,5,20251023,153500,5.18,5.36,5.15,5.36,24638,0
GDHG.US,5,20251023,154000,5.2208,5.2208,5.2208,5.2208,200,0
GDHG.US,5,20251023,154500,5.19,5.245,5.0128,5.22,15702,0
GDHG.US,5,20251023,155000,5.22,5.22,5.2,5.21,11345,0
GDHG.US,5,20251023,155500,5.26,5.4999,5.0149,5.0149,9350,0
GDHG.US,5,20251023,160000,5.12,5.12,5,5.01,1886,0
GDHG.US,5,20251023,160500,4.91,4.91,4.61,4.68,3544,0
GDHG.US,5,20251023,161000,4.6001,4.783,4.6001,4.783,1271,0
GDHG.US,5,20251023,161500,4.685,4.6851,4.68,4.6851,1584,0
GDHG.US,5,20251023,162000,4.635,4.71,4.6001,4.71,677,0
GDHG.US,5,20251023,162500,4.71,4.712,4.71,4.712,400,0
GDHG.US,5,20251023,164500,4.85,4.85,4.85,4.85,100,0
GDHG.US,5,20251023,165000,4.7201,4.7201,4.7201,4.7201,100,0
GDHG.US,5,20251023,165500,4.83,5.37,4.83,5.09,10321,0
GDHG.US,5,20251023,170000,5.09,5.09,5.09,5.09,100,0
GDHG.US,5,20251023,170500,5,5.04,4.9001,4.9001,400,0
GDHG.US,5,20251023,171500,5.03,5.03,5.03,5.03,100,0
GDHG.US,5,20251023,173500,5.05,5.05,5.04,5.05,472,0
GDHG.US,5,20251023,175000,5.09,5.09,5.09,5.09,100,0
GDHG.US,5,20251023,175500,5.1,5.1,5.1,5.1,100,0
GDHG.US,5,20251023,180000,5.1,5.1,5.1,5.1,100,0
GDHG.US,5,20251023,181500,5.08,5.08,5.08,5.08,100,0
GDHG.US,5,20251023,182500,5.1,5.1492,5.1,5.11,2166,0
GDHG.US,5,20251023,183000,5.15,5.15,5.13,5.1496,302,0
GDHG.US,5,20251023,183500,5.15,5.15,5.13,5.15,682,0
GDHG.US,5,20251023,184000,5.15,5.15,5.15,5.15,520,0
GDHG.US,5,20251023,184500,5.15,5.15,5.06,5.1,2148,0
GDHG.US,5,20251023,185000,5.1,5.19,5.1,5.15,3671,0
GDHG.US,5,20251023,185500,5.15,5.37,5.1,5.36,690,0
GDHG.US,5,20251023,190000,5.36,5.36,5.14,5.295,9299,0
GDHG.US,5,20251023,190500,5.19,5.19,5.18,5.18,10868,0
GDHG.US,5,20251023,192000,5.19,5.19,5.18,5.18,200,0
GDHG.US,5,20251023,192500,5.18,5.18,5.1,5.12,700,0
GDHG.US,5,20251023,193000,5.1,5.25,5.08,5.18,12212,0
GDHG.US,5,20251023,193500,5.24,5.24,5.1,5.17,15063,0
GDHG.US,5,20251023,194500,5.15,5.15,5.15,5.15,200,0
GDHG.US,5,20251023,195500,5.15,5.15,5.15,5.15,200,0
GDHG.US,5,20251023,202000,5.15,5.15,4.7101,4.79,6052,0
GDHG.US,5,20251023,203500,4.88,4.88,4.8,4.81,300,0
GDHG.US,5,20251023,205000,4.81,4.85,4.81,4.85,2476,0
GDHG.US,5,20251023,211000,4.75,4.755,4.75,4.755,400,0
GDHG.US,5,20251023,212000,4.79,4.79,4.79,4.79,100,0
GDHG.US,5,20251023,212500,4.79,4.79,4.79,4.79,100,0
GDHG.US,5,20251023,213000,4.78,4.78,4.78,4.78,100,0
GDHG.US,5,20251023,213500,4.78,4.78,4.78,4.78,100,0
GDHG.US,5,20251023,214000,4.78,4.78,4.78,4.78,100,0
GDHG.US,5,20251023,214500,4.77,4.77,4.77,4.77,100,0
GDHG.US,5,20251023,215000,4.71,4.78,4.71,4.7793,1296,0
GDHG.US,5,20251023,215500,4.78,4.78,4.77,4.77,405,0
GDHG.US,5,20251024,153000,4.73,4.75,4.51,4.51,14228,0
GDHG.US,5,20251024,153500,4.4631,4.55,4.36,4.55,12417,0
GDHG.US,5,20251024,154000,4.73,4.8143,4.5609,4.57,2939,0
GDHG.US,5,20251024,154500,4.6,4.77,4.57,4.77,19330,0
GDHG.US,5,20251024,155000,4.65,4.85,4.58,4.77,2900,0
GDHG.US,5,20251024,155500,4.65,4.68,4.64,4.68,18181,0
GDHG.US,5,20251024,160000,4.6,4.6,4.57,4.6,1183,0
GDHG.US,5,20251024,160500,4.72,5.11,4.6,5.01,12785,0
GDHG.US,5,20251024,163000,4.89,4.89,4.89,4.89,512,0
GDHG.US,5,20251024,163500,5,5,5,5,100,0
GDHG.US,5,20251024,170500,5,5,5,5,600,0
GDHG.US,5,20251024,171500,4.8118,4.8118,4.8118,4.8118,217,0
GDHG.US,5,20251024,172000,4.98,4.98,4.71,4.71,438,0
GDHG.US,5,20251024,173000,4.71,4.71,4.71,4.71,167,0
GDHG.US,5,20251024,174000,4.96,4.96,4.96,4.96,300,0
GDHG.US,5,20251024,180500,4.92,4.92,4.92,4.92,500,0
GDHG.US,5,20251024,182000,4.92,4.92,4.91,4.92,300,0
GDHG.US,5,20251024,182500,4.91,4.91,4.91,4.91,100,0
GDHG.US,5,20251024,183500,4.9,4.9,4.9,4.9,300,0
GDHG.US,5,20251024,184000,4.9,4.9,4.9,4.9,100,0
GDHG.US,5,20251024,184500,4.9,4.9,4.9,4.9,100,0
GDHG.US,5,20251024,185500,4.88,4.88,4.88,4.88,300,0
GDHG.US,5,20251024,190000,4.9,4.9,4.9,4.9,100,0
GDHG.US,5,20251024,192000,4.94,4.95,4.94,4.95,220,0
GDHG.US,5,20251024,192500,5,5,4.99,4.99,300,0
GDHG.US,5,20251024,193000,4.99,4.99,4.99,4.99,100,0
GDHG.US,5,20251024,193500,4.99,4.99,4.9208,4.9208,646,0
GDHG.US,5,20251024,194000,4.99,5,4.99,5,840,0
GDHG.US,5,20251024,194500,5.1,5.16,5.09,5.09,300,0
GDHG.US,5,20251024,200000,5.14,5.18,5.14,5.18,300,0
GDHG.US,5,20251024,200500,5.24,5.25,5.24,5.25,300,0
GDHG.US,5,20251024,201000,5.1801,5.1801,5.1801,5.1801,166,0
GDHG.US,5,20251024,202000,5.24,5.25,5.24,5.25,200,0
GDHG.US,5,20251024,205000,5.18,5.18,5.18,5.18,598,0
GDHG.US,5,20251024,210000,5.34,5.35,5.34,5.34,624,0
GDHG.US,5,20251024,211500,5.35,5.35,5.35,5.35,110,0
GDHG.US,5,20251024,212000,5.1801,5.34,5.1801,5.34,494,0
GDHG.US,5,20251024,212500,5.34,5.34,5.34,5.34,200,0
GDHG.US,5,20251024,214000,5.34,5.34,5.34,5.34,100,0
GDHG.US,5,20251024,214500,5.3,5.35,5.23,5.2301,1114,0
GDHG.US,5,20251024,215500,5.5,5.5,5.22,5.22,612,0
GDHG.US,5,20251027,143000,5.31,5.31,5.24,5.24,713,0
GDHG.US,5,20251027,143500,5.1,5.133,5,5,6335,0
GDHG.US,5,20251027,144000,4.91,5.15,4.9,5,7225,0
GDHG.US,5,20251027,144500,5,5,4.62,4.8,17268,0
GDHG.US,5,20251027,145000,4.7101,4.8101,4.69,4.71,6991,0
GDHG.US,5,20251027,150000,4.7601,4.9294,4.71,4.9294,1500,0
GDHG.US,5,20251027,150500,4.8,4.8,4.8,4.8,100,0
GDHG.US,5,20251027,151000,4.8,4.82,4.7001,4.7001,1043,0
GDHG.US,5,20251027,151500,4.7301,4.7301,4.73,4.73,400,0
GDHG.US,5,20251027,152000,4.73,4.73,4.73,4.73,587,0
GDHG.US,5,20251027,152500,4.71,4.71,4.7,4.7,2596,0
GDHG.US,5,20251027,153000,4.7001,4.7001,4.7,4.7,1231,0
GDHG.US,5,20251027,154500,4.7,4.7,4.7,4.7,100,0
GDHG.US,5,20251027,155000,4.7,4.7,4.7,4.7,217,0
GDHG.US,5,20251027,161000,4.9,4.9,4.9,4.9,150,0
GDHG.US,5,20251027,161500,4.9,4.9,4.9,4.9,100,0
GDHG.US,5,20251027,162000,4.89,4.89,4.88,4.88,200,0
GDHG.US,5,20251027,163000,4.88,4.88,4.88,4.88,100,0
GDHG.US,5,20251027,163500,4.87,4.87,4.87,4.87,200,0
GDHG.US,5,20251027,164000,4.87,4.87,4.82,4.82,252,0
GDHG.US,5,20251027,165500,4.87,4.94,4.86,4.94,746,0
GDHG.US,5,20251027,170000,4.81,4.81,4.8,4.8,11366,0
GDHG.US,5,20251027,171000,4.81,4.85,4.81,4.85,259,0
GDHG.US,5,20251027,171500,4.85,4.85,4.8,4.8,247,0
GDHG.US,5,20251027,172000,4.86,4.87,4.85,4.85,800,0
GDHG.US,5,20251027,173500,4.735,4.735,4.5,4.55,400,0
GDHG.US,5,20251027,180000,4.66,4.66,4.66,4.66,100,0
GDHG.US,5,20251027,180500,4.65,4.65,4.65,4.65,100,0
GDHG.US,5,20251027,183500,4.88,4.89,4.88,4.89,600,0
GDHG.US,5,20251027,193000,4.89,4.89,4.89,4.89,800,0
GDHG.US,5,20251027,193500,4.88,4.88,4.87,4.88,828,0
GDHG.US,5,20251027,200000,4.7,4.7,4.7,4.7,200,0
GDHG.US,5,20251027,203500,4.72,4.72,4.72,4.72,148,0
GDHG.US,5,20251027,205500,4.7,4.77,4.67,4.67,330,0
GDHG.US,5,20251028,143000,4.6099,4.6099,4.41,4.41,410,0
GDHG.US,5,20251028,143500,4.41,4.41,4.41,4.41,343,0
GDHG.US,5,20251028,144500,4.41,4.41,4.41,4.41,100,0
GDHG.US,5,20251028,145000,4.4,4.46,4.4,4.46,386,0
GDHG.US,5,20251028,150500,4.41,4.51,4.38,4.46,27992,0
GDHG.US,5,20251028,151000,4.42,4.51,4.42,4.47,3420,0
GDHG.US,5,20251028,151500,4.43,4.445,4.4,4.4,715,0
GDHG.US,5,20251028,153000,4.39,4.39,4.31,4.31,500,0
GDHG.US,5,20251028,153500,4.31,4.31,4.31,4.31,291,0
GDHG.US,5,20251028,155000,4.4,4.4,4.4,4.4,100,0
GDHG.US,5,20251028,162000,4.46,4.51,4.46,4.51,1030,0
GDHG.US,5,20251028,163000,4.82,4.82,4.44,4.44,472,0
GDHG.US,5,20251028,163500,4.56,4.79,4.51,4.51,24052,0
GDHG.US,5,20251028,164000,4.51,4.51,4.51,4.51,1500,0
GDHG.US,5,20251028,164500,4.41,4.41,4.39,4.41,534,0
GDHG.US,5,20251028,170500,4.49,4.49,4.49,4.49,100,0
GDHG.US,5,20251028,172000,4.49,4.5,4.49,4.5,400,0
GDHG.US,5,20251028,172500,4.48,4.48,4.48,4.48,300,0
GDHG.US,5,20251028,174500,4.485,4.49,4.485,4.49,200,0
GDHG.US,5,20251028,185000,4.43,4.43,4.43,4.43,100,0
GDHG.US,5,20251028,185500,4.435,4.435,4.435,4.435,100,0
GDHG.US,5,20251028,192000,4.49,4.49,4.49,4.49,210,0
GDHG.US,5,20251028,194000,4.455,4.46,4.425,4.46,300,0
GDHG.US,5,20251028,202000,4.44,4.44,4.44,4.44,111,0
GDHG.US,5,20251028,203000,4.44,4.449,4.44,4.449,572,0
GDHG.US,5,20251028,205000,4.49,4.49,4.4,4.41,500,0
GDHG.US,5,20251028,205500,4.43,4.43,4.43,4.43,220,0
GDHG.US,5,20251029,143000,4.3,4.3,4.3,4.3,313,0
GDHG.US,5,20251029,144500,4.2501,4.2501,4.2501,4.2501,221,0
GDHG.US,5,20251029,151500,4.2601,4.2601,4.2601,4.2601,300,0
GDHG.US,5,20251029,155000,4.4,4.4,4.3,4.3,1113,0
GDHG.US,5,20251029,161000,4.3,4.3,4.28,4.3,12894,0
GDHG.US,5,20251029,161500,4.3,4.32,4.28,4.31,11470,0
GDHG.US,5,20251029,162000,4.3,4.315,4.3,4.3,5130,0
GDHG.US,5,20251029,162500,4.3,4.31,4.3,4.3,16685,0
GDHG.US,5,20251029,163000,4.3,4.3,4.3,4.3,1300,0
GDHG.US,5,20251029,163500,4.33,4.34,4.3,4.3,3100,0
GDHG.US,5,20251029,164000,4.3,4.45,4.3,4.3001,800,0
GDHG.US,5,20251029,164500,4.6441,4.6441,4.4,4.4,600,0
GDHG.US,5,20251029,165500,4.4,4.4,4.39,4.4,450,0
GDHG.US,5,20251029,170000,4.36,4.36,4.34,4.34,11083,0
GDHG.US,5,20251029,170500,4.35,4.35,4.3,4.31,2153,0
GDHG.US,5,20251029,171000,4.29,4.36,4.28,4.36,13625,0
GDHG.US,5,20251029,171500,4.33,4.34,4.31,4.31,25291,0
GDHG.US,5,20251029,172000,4.31,4.34,4.31,4.34,6250,0
GDHG.US,5,20251029,172500,4.32,4.33,4.31,4.31,622,0
GDHG.US,5,20251029,180000,4.33,4.33,4.33,4.33,160,0
GDHG.US,5,20251029,182000,4.33,4.33,4.3,4.33,513,0
GDHG.US,5,20251029,183500,4.33,4.33,4.33,4.33,100,0
GDHG.US,5,20251029,184000,4.33,4.33,4.33,4.33,114,0
GDHG.US,5,20251029,184500,4.33,4.33,4.33,4.33,100,0
GDHG.US,5,20251029,185000,4.33,4.33,4.33,4.33,100,0
GDHG.US,5,20251029,185500,4.33,4.33,4.33,4.33,100,0
GDHG.US,5,20251029,190500,4.33,4.33,4.33,4.33,300,0
GDHG.US,5,20251029,191500,4.33,4.33,4.33,4.33,100,0
GDHG.US,5,20251029,192000,4.33,4.33,4.33,4.33,100,0
GDHG.US,5,20251029,192500,4.33,4.33,4.29,4.29,12151,0
GDHG.US,5,20251029,194500,4.34,4.34,4.32,4.32,227,0
GDHG.US,5,20251029,195500,4.3,4.31,4.3,4.31,200,0
GDHG.US,5,20251029,201000,4.33,4.33,4.33,4.33,100,0
GDHG.US,5,20251030,143000,4.265,4.265,4.265,4.265,200,0
GDHG.US,5,20251030,145000,4.24,4.24,4.24,4.24,100,0
GDHG.US,5,20251030,170500,4.12,4.12,4.12,4.12,100,0
GDHG.US,5,20251030,172000,4.06,4.06,4.01,4.01,4101,0
GDHG.US,5,20251030,172500,4.11,4.11,4.11,4.11,100,0
GDHG.US,5,20251030,182000,4.135,4.135,4.135,4.135,200,0
GDHG.US,5,20251030,184500,4.24,4.26,4.15,4.26,8763,0
GDHG.US,5,20251030,185000,4.25,4.25,4.25,4.25,100,0
GDHG.US,5,20251030,190000,4.29,4.3,4.29,4.29,2432,0
GDHG.US,5,20251030,193000,4.27,4.27,4.27,4.27,100,0
GDHG.US,5,20251030,194000,4.27,4.27,4.27,4.27,100,0
GDHG.US,5,20251030,202500,4.27,4.27,4.27,4.27,100,0
GDHG.US,5,20251030,205500,4.24,4.24,4.11,4.11,433,0
GDHG.US,5,20251031,143500,3.7001,3.7001,3.7001,3.7001,1000,0
GDHG.US,5,20251031,144500,4,4,4,4,100,0
GDHG.US,5,20251031,152000,4,4.01,4,4.01,421,0
GDHG.US,5,20251031,195500,4.01,4.01,4.01,4.01,135,0
GDHG.US,5,20251103,153000,4.2512,4.2512,4.2512,4.2512,694,0
GDHG.US,5,20251103,164500,4.23,4.23,4.23,4.23,100,0
GDHG.US,5,20251103,193500,4.03,4.03,4.02,4.0201,502,0
GDHG.US,5,20251103,205000,4.1723,4.1723,4.1723,4.1723,113,0
GDHG.US,5,20251103,215500,4.05,4.05,4,4.01,1700,0
GDHG.US,5,20251104,153500,3.95,4,3.95,4,500,0
GDHG.US,5,20251104,154000,4,4.03,4,4.02,1600,0
GDHG.US,5,20251104,154500,4,4.0259,4,4.02,1000,0
GDHG.US,5,20251104,155000,4.0796,4.0796,4.0796,4.0796,100,0
GDHG.US,5,20251104,163000,4,4,4,4,100,0
GDHG.US,5,20251104,164000,4,4,4,4,100,0
GDHG.US,5,20251104,170500,4.04,4.04,4.04,4.04,100,0
GDHG.US,5,20251104,173000,3.98,3.98,3.98,3.98,100,0
GDHG.US,5,20251104,175000,4.01,4.01,4.01,4.01,100,0
GDHG.US,5,20251104,201000,3.96,3.96,3.96,3.96,100,0
GDHG.US,5,20251104,205500,3.95,3.96,3.95,3.96,200,0
GDHG.US,5,20251104,215000,3.9,3.9,3.9,3.9,100,0
GDHG.US,5,20251105,181500,4,4,4,4,128,0
GDHG.US,5,20251105,214000,4,4,4,4,113,0
GDHG.US,5,20251105,215500,4.07,4.07,4.06,4.06,575,0
GDHG.US,5,20251106,153000,4.1,4.1,4.1,4.1,138,0
GDHG.US,5,20251106,160500,4.12,4.12,4.08,4.08,300,0
GDHG.US,5,20251106,163500,4.07,4.07,4.07,4.07,100,0
GDHG.US,5,20251106,173000,4.07,4.07,4.07,4.07,100,0
GDHG.US,5,20251106,193000,4.01,4.0101,4,4,1611,0
GDHG.US,5,20251106,194500,4.06,4.06,4.06,4.06,200,0
GDHG.US,5,20251106,203000,4.06,4.06,4.06,4.06,299,0
GDHG.US,5,20251107,153000,4,4.165,4,4.165,200,0
GDHG.US,5,20251107,154500,3.95,3.95,3.95,3.95,350,0
GDHG.US,5,20251107,160500,4.13,4.13,4.13,4.13,100,0
GDHG.US,5,20251107,170500,3.95,3.951,3.9,3.9,800,0
GDHG.US,5,20251107,171500,3.98,3.99,3.85,3.85,400,0
GDHG.US,5,20251107,173000,3.95,3.95,3.95,3.95,120,0
GDHG.US,5,20251107,173500,3.85,3.85,3.85,3.85,154,0
GDHG.US,5,20251107,185500,3.9,3.9,3.9,3.9,100,0
GDHG.US,5,20251107,192500,3.98,3.98,3.98,3.98,100,0
GDHG.US,5,20251107,195500,3.9,3.9,3.9,3.9,200,0
GDHG.US,5,20251107,201500,3.98,3.98,3.98,3.98,100,0
GDHG.US,5,20251107,211500,3.92,3.98,3.92,3.98,1100,0
GDHG.US,5,20251107,212000,3.9899,3.9899,3.9899,3.9899,1200,0
GDHG.US,5,20251107,213000,3.96,3.96,3.955,3.955,200,0
GDHG.US,5,20251107,215000,3.85,3.92,3.85,3.92,700,0
GDHG.US,5,20251110,163500,4.21,4.21,4.21,4.21,529,0
GDHG.US,5,20251110,171500,4.17,4.18,4.17,4.18,1004,0
GDHG.US,5,20251110,180500,4.01,4.01,4.01,4.01,100,0
GDHG.US,5,20251110,182500,4.14,4.14,4.13,4.14,499,0
GDHG.US,5,20251110,184500,4.15,4.15,4.15,4.15,100,0
GDHG.US,5,20251110,191500,4.13,4.18,4.13,4.18,572,0
GDHG.US,5,20251111,153000,3.96,3.96,3.96,3.96,417,0
GDHG.US,5,20251111,153500,4.1999,4.2499,4.19,4.2499,1723,0
GDHG.US,5,20251111,155000,4.25,4.3,4.25,4.3,1135,0
GDHG.US,5,20251111,155500,4.1677,4.1677,4.1677,4.1677,180,0
GDHG.US,5,20251111,214500,4.2676,4.2676,4.2676,4.2676,145,0
GDHG.US,5,20251111,215000,4.3,4.3,4.3,4.3,285,0
GDHG.US,5,20251112,163000,4.32,4.32,4.32,4.32,100,0
GDHG.US,5,20251112,173500,4.31,4.33,4.23,4.3,3510,0
GDHG.US,5,20251112,190500,4.24,4.3,4.24,4.28,1408,0
GDHG.US,5,20251112,191000,4.3,4.3,4.24,4.24,796,0
GDHG.US,5,20251112,191500,4.23,4.48,4.23,4.26,4410,0
GDHG.US,5,20251112,192000,4.36,4.36,4.36,4.36,2800,0
GDHG.US,5,20251112,202000,4.335,4.36,4.335,4.36,600,0
GDHG.US,5,20251112,202500,4.335,4.35,4.335,4.35,300,0
GDHG.US,5,20251112,203000,4.34,4.35,4.33,4.35,1376,0
GDHG.US,5,20251113,201000,4.51,4.51,4.51,4.51,400,0
GDHG.US,5,20251114,154500,4.44,4.51,4.44,4.45,1204,0
GDHG.US,5,20251114,155000,4.4,4.45,4.35,4.45,500,0
GDHG.US,5,20251114,160000,4.22,4.22,4.22,4.22,100,0
GDHG.US,5,20251114,161500,4.05,4.05,4.05,4.05,100,0
GDHG.US,5,20251114,162000,4.14,4.19,4.1,4.15,1600,0
GDHG.US,5,20251114,162500,4.15,4.15,4.15,4.15,100,0
GDHG.US,5,20251114,172500,4.36,4.36,4.35,4.35,482,0
GDHG.US,5,20251114,193500,4.38,4.38,4.38,4.38,100,0
GDHG.US,5,20251114,210500,4.2022,4.2022,4.2022,4.2022,390,0
GDHG.US,5,20251114,212500,4.23,4.23,4.23,4.23,100,0
GDHG.US,5,20251117,160500,4.2,4.2,4.2,4.2,148,0
GDHG.US,5,20251117,161000,4.16,4.16,4.16,4.16,100,0
GDHG.US,5,20251117,162000,4.11,4.27,4.11,4.27,2900,0
GDHG.US,5,20251117,162500,4.43,4.56,4.43,4.56,304,0
GDHG.US,5,20251117,163500,4.785,4.785,4.55,4.56,3352,0
GDHG.US,5,20251117,164000,4.7,4.7,4.45,4.5,4008,0
GDHG.US,5,20251117,164500,4.4499,4.4499,4.425,4.4499,400,0
GDHG.US,5,20251117,165500,4.42,4.42,4.42,4.42,100,0
GDHG.US,5,20251117,170000,4.44,4.4499,4.44,4.4499,392,0
GDHG.US,5,20251117,171000,4.49,4.49,4.49,4.49,200,0
GDHG.US,5,20251117,171500,4.49,4.49,4.49,4.49,100,0
GDHG.US,5,20251117,172500,4.5,4.5,4.49,4.49,204,0
GDHG.US,5,20251117,175500,4.45,4.45,4.43,4.45,1400,0
GDHG.US,5,20251117,180000,4.45,4.51,4.45,4.51,200,0
GDHG.US,5,20251117,193000,4.48,4.6,4.48,4.51,1700,0
GDHG.US,5,20251117,194000,4.52,4.52,4.52,4.52,100,0
GDHG.US,5,20251117,201500,4.465,4.465,4.4501,4.4501,200,0
GDHG.US,5,20251117,210000,4.38,4.38,4.38,4.38,100,0
GDHG.US,5,20251117,212000,4.529,4.61,4.529,4.61,517,0
GDHG.US,5,20251118,154500,4.97,4.97,4.97,4.97,150,0
GDHG.US,5,20251118,155000,4.5,4.52,4.46,4.46,1340,0
GDHG.US,5,20251118,155500,4.52,4.52,4.14,4.2,3167,0
GDHG.US,5,20251118,160000,4.25,4.45,4.25,4.4,2796,0
GDHG.US,5,20251118,161000,4.4,4.7,4.4,4.4,1664,0
GDHG.US,5,20251118,162500,4.5925,4.5925,4.4867,4.4867,650,0
GDHG.US,5,20251118,163000,4.3001,4.3001,4.3001,4.3001,221,0
GDHG.US,5,20251118,175500,4.4,4.43,4.35,4.35,1321,0
GDHG.US,5,20251118,180000,4.35,4.36,4.35,4.35,400,0
GDHG.US,5,20251118,180500,4.31,4.31,4.3,4.3,499,0
GDHG.US,5,20251118,181000,4.3,4.33,4.19,4.19,2501,0
GDHG.US,5,20251118,181500,4.28,4.28,4.2,4.2,2334,0
GDHG.US,5,20251118,183000,3.84,3.84,3.75,3.75,200,0
GDHG.US,5,20251118,183500,3.69,3.69,3.69,3.69,100,0
GDHG.US,5,20251118,184000,3.79,3.8,3.77,3.8,4050,0
GDHG.US,5,20251118,184500,3.8,4,3.71,4,2643,0
GDHG.US,5,20251118,185000,4.11,4.21,4.11,4.21,2777,0
GDHG.US,5,20251118,190000,4.29,4.29,4.27,4.27,854,0
GDHG.US,5,20251118,191500,4.37,4.43,4.3,4.3,4831,0
GDHG.US,5,20251118,192000,4.33,4.33,4.26,4.3,600,0
GDHG.US,5,20251118,192500,4.46,4.46,4.46,4.46,100,0
GDHG.US,5,20251118,193000,4.46,4.4999,4.38,4.38,600,0
GDHG.US,5,20251118,193500,4.38,4.445,4.36,4.44,1000,0
GDHG.US,5,20251118,195000,4.38,4.38,4.38,4.38,200,0
GDHG.US,5,20251118,200000,4.41,4.41,4.4,4.4,300,0
GDHG.US,5,20251118,204500,4.52,4.52,4.52,4.52,201,0
GDHG.US,5,20251118,214000,4.4,4.48,4.3725,4.48,2453,0
GDHG.US,5,20251118,214500,4.48,4.48,4.48,4.48,100,0
GDHG.US,5,20251118,215500,4.5,4.52,4.48,4.52,1000,0
GDHG.US,5,20251119,155500,4.39,4.4,4.35,4.4,800,0
GDHG.US,5,20251119,160000,4.4,4.47,4.35,4.47,3841,0
GDHG.US,5,20251119,160500,4.47,4.57,4.47,4.57,500,0
GDHG.US,5,20251119,161000,4.65,4.65,4.65,4.65,198,0
GDHG.US,5,20251119,162500,4.57,5.1125,4.57,5.1125,1969,0
GDHG.US,5,20251119,163000,4.74,5.2,4.74,5.2,200,0
GDHG.US,5,20251119,163500,4.81,4.81,4.8,4.8,1685,0
GDHG.US,5,20251119,164000,4.9,4.9,4.8,4.8,500,0
GDHG.US,5,20251119,165000,4.77,4.77,4.77,4.77,200,0
GDHG.US,5,20251119,175500,4.79,4.79,4.79,4.79,106,0
GDHG.US,5,20251119,180000,4.75,4.7734,4.7152,4.7734,400,0
GDHG.US,5,20251119,180500,4.75,4.75,4.75,4.75,100,0
GDHG.US,5,20251119,185500,4.8,4.9,4.79,4.79,939,0
GDHG.US,5,20251119,190000,4.8,4.8,4.8,4.8,780,0
GDHG.US,5,20251119,190500,4.8,4.8,4.8,4.8,123,0
GDHG.US,5,20251119,192000,4.75,4.75,4.75,4.75,400,0
GDHG.US,5,20251119,192500,4.89,4.95,4.86,4.95,1503,0
GDHG.US,5,20251119,194000,4.9,4.9,4.8,4.9,845,0
GDHG.US,5,20251119,194500,4.8353,4.8353,4.8353,4.8353,178,0
GDHG.US,5,20251119,195000,4.8241,4.8241,4.8,4.8,250,0
GDHG.US,5,20251119,201000,4.77,4.77,4.75,4.75,200,0
GDHG.US,5,20251119,202000,4.86,4.86,4.7,4.7,926,0
GDHG.US,5,20251119,203500,4.85,4.9,4.85,4.9,300,0
GDHG.US,5,20251119,204000,4.86,4.86,4.83,4.83,214,0
GDHG.US,5,20251119,210000,4.72,4.72,4.71,4.71,657,0
GDHG.US,5,20251119,210500,4.7,4.71,4.615,4.615,2501,0
GDHG.US,5,20251119,211000,4.61,4.8101,4.61,4.8101,606,0
GDHG.US,5,20251119,211500,4.61,4.61,4.61,4.61,300,0
GDHG.US,5,20251119,212000,4.68,4.71,4.68,4.71,333,0
GDHG.US,5,20251119,215500,4.61,4.61,4.61,4.61,189,0
GDHG.US,5,20251120,165500,4.6,4.6,4.6,4.6,100,0
GDHG.US,5,20251120,171000,4.5063,4.5063,4.5063,4.5063,150,0
GDHG.US,5,20251120,173500,4.61,4.61,4.61,4.61,179,0
GDHG.US,5,20251120,181500,4.27,4.27,4.27,4.27,100,0
GDHG.US,5,20251120,195000,3.9406,3.9406,3.9406,3.9406,121,0
GDHG.US,5,20251120,195500,4.29,4.42,4.1975,4.42,8400,0
GDHG.US,5,20251120,200000,4.5,4.55,4.5,4.51,4043,0
GDHG.US,5,20251120,200500,4.55,4.55,4.55,4.55,515,0
GDHG.US,5,20251120,201000,4.63,4.63,4.55,4.55,1260,0
GDHG.US,5,20251120,202000,4.47,4.47,4.46,4.46,400,0
GDHG.US,5,20251120,203000,4.55,4.56,4.55,4.55,848,0
GDHG.US,5,20251120,203500,4.6,4.6,4.55,4.55,200,0
GDHG.US,5,20251120,212000,4.57,4.59,4.55,4.59,300,0
GDHG.US,5,20251120,213000,4.55,4.55,4.55,4.55,100,0
GDHG.US,5,20251120,214000,4.62,4.62,4.6,4.6,364,0
GDHG.US,5,20251121,160500,4.2,4.2,4.2,4.2,100,0
GDHG.US,5,20251121,161500,4.25,4.25,4.25,4.25,400,0
GDHG.US,5,20251121,162000,4.35,4.55,4.35,4.55,605,0
GDHG.US,5,20251121,170500,4.6,4.6,4.6,4.6,300,0
GDHG.US,5,20251121,182500,4.525,4.5399,4.525,4.525,400,0
GDHG.US,5,20251121,193000,4.407,4.407,4.407,4.407,357,0
GDHG.US,5,20251121,201000,4.45,4.45,4.45,4.45,210,0
GDHG.US,5,20251121,210500,4.69,4.69,4.6,4.61,378,0
GDHG.US,5,20251124,154000,4.55,4.55,4.55,4.55,200,0
GDHG.US,5,20251124,160500,4.5502,4.5502,4.47,4.47,408,0
GDHG.US,5,20251124,161000,4.48,4.48,4.48,4.48,200,0
GDHG.US,5,20251124,164500,4.53,4.6,4.48,4.6,1082,0
GDHG.US,5,20251124,172500,4.4,4.515,4.4,4.515,296,0
GDHG.US,5,20251124,173000,4.5,4.5,4.5,4.5,100,0
GDHG.US,5,20251124,183500,4.51,4.51,4.46,4.46,554,0
GDHG.US,5,20251124,184500,4.47,4.47,4.47,4.47,200,0
GDHG.US,5,20251124,185000,4.45,4.45,4.3,4.3,200,0
GDHG.US,5,20251124,192500,4.47,4.47,4.47,4.47,323,0
GDHG.US,5,20251124,203000,4.29,4.29,4.28,4.29,3001,0
GDHG.US,5,20251124,205500,4.3877,4.3877,4.3877,4.3877,1500,0
GDHG.US,5,20251124,210000,4.5,4.5,4.5,4.5,100,0
GDHG.US,5,20251125,153000,4.35,4.35,4.35,4.35,180,0
GDHG.US,5,20251125,153500,4.35,4.55,4.35,4.55,918,0
GDHG.US,5,20251125,175000,4.67,4.89,4.28,4.68,37832,0
GDHG.US,5,20251125,175500,4.56,4.56,4.56,4.56,100,0
GDHG.US,5,20251125,180500,4.6,4.6,4.5,4.5,858,0
GDHG.US,5,20251125,182000,4.84,4.84,4.84,4.84,182,0
GDHG.US,5,20251125,182500,4.53,4.53,4.53,4.53,204,0
GDHG.US,5,20251126,153000,4.3,4.3,4.26,4.29,3802,0
GDHG.US,5,20251126,175000,4.3,4.43,4.3,4.33,647,0
GDHG.US,5,20251126,192000,4.15,4.28,4.1,4.18,2626,0
GDHG.US,5,20251126,213500,4.21,4.21,4.21,4.21,100,0
GDHG.US,5,20251126,215500,4.4,4.4,4.4,4.4,100,0
GDHG.US,5,20251128,153000,4.1,4.1,4.1,4.1,203,0
GDHG.US,5,20251128,162000,4.25,4.3,4.25,4.3,300,0
GDHG.US,5,20251128,172000,4.4525,4.4525,4.4525,4.4525,100,0
GDHG.US,5,20251128,172500,4.21,4.23,4.21,4.21,1100,0
GDHG.US,5,20251128,183500,4.21,4.21,4.21,4.21,100,0
GDHG.US,5,20251201,153000,4.1,4.1,4.1,4.1,108,0
GDHG.US,5,20251201,165500,4.1,4.19,4.1,4.19,250,0
GDHG.US,5,20251201,180500,4.09,4.09,4.09,4.09,114,0
GDHG.US,5,20251202,171000,4.0947,4.0947,4.0947,4.0947,900,0
GDHG.US,5,20251202,182000,4.18,4.18,4.01,4.01,1264,0
GDHG.US,5,20251203,164500,4.2,4.2,4.2,4.2,100,0
GDHG.US,5,20251203,165000,4.205,4.205,4.2,4.2,300,0
GDHG.US,5,20251203,170500,4.3,4.3,4.3,4.3,100,0
GDHG.US,5,20251203,174000,4,4,4,4,100,0
GDHG.US,5,20251204,180500,3.95,3.95,3.95,3.95,100,0
GDHG.US,5,20251205,153000,4.04,4.04,4.04,4.04,250,0
GDHG.US,5,20251205,165000,4.02,4.02,4.02,4.02,120,0
GDHG.US,5,20251205,170500,4.1034,4.1034,4.1034,4.1034,100,0
GDHG.US,5,20251205,181000,4.3684,4.3684,4.3684,4.3684,200,0
GDHG.US,5,20251205,200500,4,4,4,4,100,0
GDHG.US,5,20251205,205500,3.97,3.97,3.97,3.97,200,0
GDHG.US,5,20251208,214500,3.9412,3.9412,3.9412,3.9412,164,0
GDHG.US,5,20251209,155000,4,4,4,4,293,0
GDHG.US,5,20251209,161000,3.8,3.88,3.71,3.88,531,0
GDHG.US,5,20251209,174000,3.6556,3.6556,3.6556,3.6556,396,0
GDHG.US,5,20251209,174500,3.805,3.805,3.805,3.805,100,0
GDHG.US,5,20251209,203500,3.74,3.74,3.74,3.74,100,0
GDHG.US,5,20251209,210000,3.7101,3.7101,3.7101,3.7101,135,0
GDHG.US,5,20251209,215500,3.81,3.81,3.765,3.765,4015,0
GDHG.US,5,20251210,153000,3.82,3.99,3.81,3.99,400,0
GDHG.US,5,20251210,154500,3.77,3.77,3.77,3.77,100,0
GDHG.US,5,20251210,175500,3.5001,3.51,3.25,3.25,2500,0
GDHG.US,5,20251210,180000,3.25,3.45,3.25,3.45,417,0
GDHG.US,5,20251210,181500,3.44,3.44,3.44,3.44,124,0
GDHG.US,5,20251210,194000,3.44,3.44,3.44,3.44,559,0
GDHG.US,5,20251210,194500,3.56,3.56,3.56,3.56,242,0
GDHG.US,5,20251210,195000,3.7699,3.7699,3.7699,3.7699,100,0
GDHG.US,5,20251210,195500,3.6,3.77,3.6,3.77,1747,0
GDHG.US,5,20251210,202000,3.56,3.56,3.42,3.42,1868,0
GDHG.US,5,20251210,203000,3.35,3.35,3.31,3.35,5000,0
GDHG.US,5,20251210,210500,3.3,3.3,3.205,3.205,575,0
GDHG.US,5,20251210,211000,3.15,3.15,3.05,3.05,325,0
GDHG.US,5,20251210,212500,3.19,3.19,2.94,2.94,2890,0
GDHG.US,5,20251210,213500,2.84,2.84,2.598,2.598,1425,0
GDHG.US,5,20251210,214000,2.84,2.84,2.84,2.84,1500,0
GDHG.US,5,20251211,153000,3.66,3.77,2.9304,2.9304,2371,0
GDHG.US,5,20251211,160500,2.94,3.1,2.88,3.03,2723,0
GDHG.US,5,20251211,161000,3.4,3.45,3.4,3.45,300,0
GDHG.US,5,20251211,161500,3.3,4.5,3.3,4.5,1606,0
GDHG.US,5,20251211,162000,3.97,4.4506,3.6,3.6,15355,0
GDHG.US,5,20251211,162500,3.25,3.52,2.88,3.2113,4424,0
GDHG.US,5,20251211,163000,3.105,3.4525,3,3.1381,7097,0
GDHG.US,5,20251211,163500,3,3.2982,2.9461,3.08,3342,0
GDHG.US,5,20251211,164000,3.08,3.08,2.95,3,2230,0
GDHG.US,5,20251211,164500,3,3,2.87,2.87,1865,0
GDHG.US,5,20251211,165000,2.86,2.8672,2.84,2.84,2246,0
GDHG.US,5,20251211,165500,2.84,2.849,2.84,2.849,664,0
GDHG.US,5,20251211,170000,2.9215,2.9215,2.9215,2.9215,195,0
GDHG.US,5,20251211,170500,2.7695,2.7695,2.76,2.76,302,0
GDHG.US,5,20251211,171000,2.8,2.8,2.75,2.7662,1006,0
GDHG.US,5,20251211,171500,2.7534,2.7534,2.7534,2.7534,209,0
GDHG.US,5,20251211,173500,2.81,2.81,2.81,2.81,317,0
GDHG.US,5,20251211,174000,3.01,3.01,3.01,3.01,250,0
GDHG.US,5,20251211,174500,3.02,3.02,3.02,3.02,130,0
GDHG.US,5,20251211,180500,3,3,2.875,2.9999,2000,0
GDHG.US,5,20251211,185500,2.8601,2.8601,2.8601,2.8601,200,0
GDHG.US,5,20251211,192000,3.0717,3.0717,3.0717,3.0717,100,0
GDHG.US,5,20251211,192500,2.9,2.9,2.9,2.9,318,0
GDHG.US,5,20251211,204000,3.0408,3.0408,3.0408,3.0408,100,0
GDHG.US,5,20251211,211500,2.9069,2.9069,2.9069,2.9069,100,0
GDHG.US,5,20251211,215500,3.11,3.11,2.9401,3.03,1831,0
GDHG.US,5,20251212,153000,2.95,3.0299,2.95,3.0299,299,0
GDHG.US,5,20251212,153500,2.936,2.936,2.936,2.936,100,0
GDHG.US,5,20251212,154500,2.7914,2.7914,2.7914,2.7914,100,0
GDHG.US,5,20251212,155000,2.79,2.79,2.667,2.667,202,0
GDHG.US,5,20251212,155500,2.667,2.667,2.667,2.667,100,0
GDHG.US,5,20251212,160500,2.67,2.67,2.67,2.67,155,0
GDHG.US,5,20251212,164000,2.6702,2.6702,2.6702,2.6702,100,0
GDHG.US,5,20251212,170000,2.777,2.777,2.75,2.75,5461,0
GDHG.US,5,20251212,171500,2.71,2.71,2.71,2.71,100,0
GDHG.US,5,20251212,175500,2.95,2.95,2.95,2.95,119,0
GDHG.US,5,20251212,183000,2.719,2.719,2.719,2.719,198,0
GDHG.US,5,20251212,183500,2.9344,2.9344,2.9344,2.9344,368,0
GDHG.US,5,20251212,194000,2.9048,2.9048,2.9048,2.9048,222,0
GDHG.US,5,20251212,201500,2.93,2.93,2.93,2.93,198,0
GDHG.US,5,20251212,215000,2.753,2.753,2.753,2.753,100,0
GDHG.US,5,20251215,153000,2.73,2.73,2.73,2.73,105,0
GDHG.US,5,20251215,155000,2.5924,2.5924,2.5924,2.5924,1000,0
GDHG.US,5,20251215,161000,2.6339,2.6339,2.6339,2.6339,119,0
GDHG.US,5,20251215,162500,2.7,2.7,2.5639,2.5639,277,0
GDHG.US,5,20251215,164000,2.6141,2.6141,2.6141,2.6141,500,0
GDHG.US,5,20251215,165000,2.72,2.9,2.72,2.86,2896,0
GDHG.US,5,20251215,165500,2.9,2.9,2.9,2.9,500,0
GDHG.US,5,20251215,171000,2.95,3.03,2.95,3,975,0
GDHG.US,5,20251215,171500,3,3,3,3,200,0
GDHG.US,5,20251215,172000,3,3,3,3,300,0
GDHG.US,5,20251215,172500,3,3,3,3,780,0
GDHG.US,5,20251215,173000,3,3,3,3,250,0
GDHG.US,5,20251215,173500,3,3.02,3,3.02,200,0
GDHG.US,5,20251215,174000,2.98,2.98,2.98,2.98,100,0
GDHG.US,5,20251215,180000,2.97,2.97,2.97,2.97,100,0
GDHG.US,5,20251215,192500,2.75,2.75,2.75,2.75,158,0
GDHG.US,5,20251215,202000,2.98,2.98,2.98,2.98,226,0
GDHG.US,5,20251215,202500,3.04,3.06,3.04,3.06,919,0
GDHG.US,5,20251215,203000,3,3,3,3,2903,0
GDHG.US,5,20251215,204000,3.01,3.01,3,3,500,0
GDHG.US,5,20251215,214000,2.8171,2.8171,2.8171,2.8171,114,0
GDHG.US,5,20251215,215500,2.77,2.96,2.76,2.96,600,0
GDHG.US,5,20251216,153000,2.84,3.0845,2.84,3.0845,342,0
GDHG.US,5,20251216,153500,2.77,2.77,2.7315,2.7315,370,0
GDHG.US,5,20251216,191500,3.03,3.03,3.03,3.03,150,0
GDHG.US,5,20251216,193500,2.81,2.81,2.81,2.81,111,0
GDHG.US,5,20251216,194000,2.91,2.91,2.91,2.91,225,0
GDHG.US,5,20251216,205500,2.81,2.81,2.81,2.81,100,0
GDHG.US,5,20251217,153000,2.94,2.94,2.94,2.94,108,0
GDHG.US,5,20251218,190000,2.71,2.71,2.71,2.71,100,0
GDHG.US,5,20251218,192000,2.7105,2.7105,2.7105,2.7105,500,0
GDHG.US,5,20251219,161500,2.71,2.7101,2.71,2.7101,644,0
GDHG.US,5,20251219,181000,2.615,2.615,2.615,2.615,184,0
GDHG.US,5,20251219,191500,2.615,2.62,2.615,2.62,225,0
GDHG.US,5,20251219,204500,2.62,2.62,2.62,2.62,107,0
GDHG.US,5,20251219,214000,2.5215,2.5215,2.5215,2.5215,130,0
GDHG.US,5,20251219,214500,2.6534,2.6534,2.6534,2.6534,150,0
GDHG.US,5,20251222,165000,2.6536,2.6536,2.6536,2.6536,347,0
GDHG.US,5,20251222,180500,2.7082,2.7082,2.7082,2.7082,150,0
GDHG.US,5,20251222,182000,2.65,2.65,2.65,2.65,157,0
GDHG.US,5,20251222,210000,2.66,2.66,2.66,2.66,100,0
GDHG.US,5,20251223,154000,2.646,2.646,2.646,2.646,125,0
GDHG.US,5,20251223,154500,2.5619,2.6,2.56,2.6,425,0
GDHG.US,5,20251223,155500,2.685,2.69,2.685,2.69,200,0
GDHG.US,5,20251223,194500,2.53,2.53,2.52,2.52,281,0
GDHG.US,5,20251224,153000,2.6,2.6,2.6,2.6,1051,0
GDHG.US,5,20251224,162000,2.72,2.75,2.69,2.75,459,0
GDHG.US,5,20251224,182500,2.6284,2.6316,2.6284,2.6316,200,0
GDHG.US,5,20251226,173000,2.5514,2.5514,2.5514,2.5514,991,0
GDHG.US,5,20251226,173500,2.52,2.52,2.52,2.52,1000,0
GDHG.US,5,20251226,184000,2.5337,2.5337,2.5337,2.5337,1096,0
GDHG.US,5,20251226,191000,2.52,2.575,2.4503,2.468929,6610,0
GDHG.US,5,20251226,193000,2.4101,2.4101,2.4101,2.4101,304,0
GDHG.US,5,20251226,200000,2.43,2.43,2.43,2.43,100,0
GDHG.US,5,20251226,211500,2.44,2.44,2.44,2.44,125,0
GDHG.US,5,20251226,213500,2.45,2.45,2.45,2.45,100,0
GDHG.US,5,20251229,170000,2.47,2.47,2.47,2.47,120,0
GDHG.US,5,20251229,171000,2.45,2.45,2.44,2.44,350,0
GDHG.US,5,20251229,180500,2.44,2.44,2.44,2.44,100,0
GDHG.US,5,20251229,183500,2.44,2.44,2.44,2.44,244,0
GDHG.US,5,20251229,184000,2.44,2.44,2.44,2.44,100,0
GDHG.US,5,20251229,191000,2.44,2.44,2.44,2.44,125,0
GDHG.US,5,20251229,193000,2.44,2.44,2.44,2.44,100,0
GDHG.US,5,20251229,194500,2.42,2.42,2.42,2.42,100,0
GDHG.US,5,20251229,200000,2.41,2.41,2.41,2.41,700,0
GDHG.US,5,20251229,201500,2.41,2.41,2.41,2.41,100,0
GDHG.US,5,20251229,204500,2.4157,2.4157,2.4157,2.4157,699,0
GDHG.US,5,20251229,215500,2.4096,2.4096,2.32,2.32,200,0
GDHG.US,5,20251230,153000,2.3,2.3,2.3,2.3,165,0
GDHG.US,5,20251230,171000,2.16,2.16,2.1,2.116,1838,0
GDHG.US,5,20251230,173000,2.12,2.18,2.12,2.18,200,0
GDHG.US,5,20251230,175500,2.1591,2.1591,2.1591,2.1591,133,0
GDHG.US,5,20251230,182500,2.1,2.1,2.1,2.1,900,0
GDHG.US,5,20251230,195000,2.05,2.05,2.05,2.05,100,0
GDHG.US,5,20251230,200500,2.03,2.03,2.03,2.03,200,0
GDHG.US,5,20251230,204000,2.02,2.02,2.02,2.02,100,0
GDHG.US,5,20251231,153000,2.0941,2.0941,2.0654,2.0654,299,0
GDHG.US,5,20251231,155000,2,2,2,2,500,0
GDHG.US,5,20251231,161000,2,2,2,2,200,0
GDHG.US,5,20251231,165000,1.93,1.93,1.93,1.93,100,0
GDHG.US,5,20251231,170000,1.93,1.93,1.93,1.93,100,0
GDHG.US,5,20251231,212500,1.8458,1.8458,1.83,1.83,299,0
GDHG.US,5,20251231,214500,1.84,1.84,1.84,1.84,100,0
GDHG.US,5,20251231,215500,1.9065,1.9065,1.9065,1.9065,269,0
GDHG.US,5,20260102,153000,1.8799,1.8799,1.8799,1.8799,200,0
GDHG.US,5,20260102,172500,1.87,1.87,1.87,1.87,100,0
GDHG.US,5,20260102,173000,1.878,1.878,1.878,1.878,200,0
GDHG.US,5,20260102,202000,1.88,1.88,1.88,1.88,517,0
GDHG.US,5,20260102,204000,1.874,1.88,1.874,1.88,1055,0
GDHG.US,5,20260102,215500,1.86,1.86,1.84,1.84,200,0
GDHG.US,5,20260105,153000,2.02,2.02,1.8501,1.8501,528,0
GDHG.US,5,20260105,154000,1.89,1.89,1.89,1.89,100,0
GDHG.US,5,20260105,164500,1.9,1.9,1.9,1.9,100,0
GDHG.US,5,20260105,171500,1.9,1.9,1.9,1.9,175,0
GDHG.US,5,20260105,190500,1.88,1.9601,1.88,1.9601,517,0
GDHG.US,5,20260105,192000,1.985,1.985,1.94,1.94,400,0
GDHG.US,5,20260105,205500,1.98,1.98,1.98,1.98,150,0
GDHG.US,5,20260106,154500,2.02,2.02,2.02,2.02,100,0
GDHG.US,5,20260106,195500,2.065,2.065,2.065,2.065,111,0
GDHG.US,5,20260107,153000,2.15,2.15,2.15,2.15,199,0
GDHG.US,5,20260107,155500,2.1006,2.125,2.1,2.125,300,0
GDHG.US,5,20260107,164500,2.08,2.08,2.08,2.08,199,0
GDHG.US,5,20260107,185500,2.08,2.08,2.08,2.08,100,0
GDHG.US,5,20260108,153000,2.18,2.18,2.18,2.18,109,0
GDHG.US,5,20260108,165000,2.2032,2.2032,2.2032,2.2032,100,0
GDHG.US,5,20260108,182500,2.1471,2.1472,2.1471,2.1472,1500,0
GDHG.US,5,20260108,191000,2.0501,2.14,2.0501,2.14,200,0
GDHG.US,5,20260108,202000,2.1,2.1,2.1,2.1,100,0
GDHG.US,5,20260108,204500,2.1,2.1,2.1,2.1,800,0
GDHG.US,5,20260108,210000,2.15,2.54,2.1,2.54,7993,0
GDHG.US,5,20260108,210500,2.6,2.6,2.24,2.24,4659,0
GDHG.US,5,20260108,211000,2.24,2.24,2.2,2.2,506,0
GDHG.US,5,20260108,212000,2.2,2.2,2.2,2.2,199,0
GDHG.US,5,20260108,214000,2.135,2.24,2.12,2.24,3415,0
GDHG.US,5,20260108,214500,2.2705,2.35,2.2,2.25,4399,0
GDHG.US,5,20260108,215000,2.2475,2.4,2.22,2.38,10609,0
GDHG.US,5,20260108,215500,2.355,2.385,2.25,2.29,6746,0
