<TICKER>,<PER>,<DATE>,<TIME>,<OPEN>,<HIGH>,<LOW>,<CLOSE>,<VOL>,<OPENINT>
GOU.US,5,20251202,162500,25.44,25.44,25.44,25.44,100,0
GOU.US,5,20251202,165000,25.506,25.53,25.5,25.53,396,0
GOU.US,5,20251202,203500,25.2995,25.3384,25.262,25.262,500,0
GOU.US,5,20251202,204500,25.2084,25.2084,25.2084,25.2084,200,0
GOU.US,5,20251202,205000,25.31,25.31,25.31,25.31,100,0
GOU.US,5,20251202,214000,25.12,25.12,25.12,25.12,100,0
GOU.US,5,20251202,214500,25.13,25.13,25.13,25.13,100,0
GOU.US,5,20251202,215000,25.27,25.27,25.27,25.27,100,0
GOU.US,5,20251202,215500,25.3,25.3,25.3,25.3,200,0
GOU.US,5,20251203,153000,25.6,25.6,25.275,25.275,819,0
GOU.US,5,20251203,154500,25.08,25.08,25.0528,25.0528,2000,0
GOU.US,5,20251203,155000,25.05,25.05,25,25,300,0
GOU.US,5,20251203,161000,25.28,25.28,25.28,25.28,100,0
GOU.US,5,20251203,161500,25.44,25.44,25.44,25.44,1000,0
GOU.US,5,20251203,163500,25.58,25.58,25.58,25.58,100,0
GOU.US,5,20251203,164000,25.6,25.6,25.6,25.6,320,0
GOU.US,5,20251203,164500,25.79,25.79,25.79,25.79,1000,0
GOU.US,5,20251203,170000,25.81,25.81,25.81,25.81,124,0
GOU.US,5,20251203,170500,25.77,25.8,25.77,25.79,935,0
GOU.US,5,20251203,172000,25.72,25.72,25.49,25.49,1110,0
GOU.US,5,20251203,195000,26.049,26.05,26.049,26.05,348,0
GOU.US,5,20251203,195500,26.0493,26.0493,26.0493,26.0493,500,0
GOU.US,5,20251203,201500,25.96,25.96,25.96,25.96,300,0
GOU.US,5,20251203,215000,25.93,25.93,25.93,25.93,100,0
GOU.US,5,20251203,215500,25.895,25.98,25.62,25.62,1850,0
GOU.US,5,20251204,153000,26.19,26.19,25.5,25.5,921,0
GOU.US,5,20251204,161000,25.25,25.25,25.25,25.25,500,0
GOU.US,5,20251204,162500,25.1175,25.1175,25.1175,25.1175,100,0
GOU.US,5,20251204,165500,25.12,25.12,25.12,25.12,180,0
GOU.US,5,20251204,170000,25.11,25.11,25.11,25.11,400,0
GOU.US,5,20251204,172000,25.11,25.11,25.11,25.11,100,0
GOU.US,5,20251204,172500,25.1399,25.1399,25.1399,25.1399,500,0
GOU.US,5,20251204,190000,25.33,25.33,25.33,25.33,100,0
GOU.US,5,20251204,191500,25.25,25.25,25.25,25.25,300,0
GOU.US,5,20251204,201000,25.2847,25.2847,25.2847,25.2847,937,0
GOU.US,5,20251204,203000,25.28,25.28,25.28,25.28,100,0
GOU.US,5,20251204,205000,25.28,25.28,25.28,25.28,500,0
GOU.US,5,20251204,205500,25.349,25.349,25.34,25.34,700,0
GOU.US,5,20251204,210500,25.32,25.32,25.32,25.32,100,0
GOU.US,5,20251204,211500,25.32,25.32,25.32,25.32,134,0
GOU.US,5,20251204,212000,25.33,25.33,25.33,25.33,100,0
GOU.US,5,20251204,212500,25.33,25.36,25.33,25.36,1970,0
GOU.US,5,20251204,215500,25.27,25.27,25.27,25.27,100,0
GOU.US,5,20251205,153500,26.192,26.192,26.192,26.192,200,0
GOU.US,5,20251205,154500,26.06,26.06,26.06,26.06,877,0
GOU.US,5,20251205,155000,26.1,26.1,26.1,26.1,100,0
GOU.US,5,20251205,155500,26.04,26.04,26.04,26.04,100,0
GOU.US,5,20251205,160000,26.04,26.07,26.03,26.07,1200,0
GOU.US,5,20251205,160500,26.01,26.01,26,26,400,0
GOU.US,5,20251205,161000,25.96,25.96,25.96,25.96,100,0
GOU.US,5,20251205,162000,26.0203,26.0203,25.99,25.99,3030,0
GOU.US,5,20251205,162500,26.0899,26.0899,26.03,26.03,6000,0
GOU.US,5,20251205,165000,25.93,25.93,25.93,25.93,100,0
GOU.US,5,20251205,165500,25.64,25.64,25.64,25.64,300,0
GOU.US,5,20251205,170000,25.67,25.67,25.67,25.67,200,0
GOU.US,5,20251205,183500,25.73,25.9344,25.73,25.9344,552,0
GOU.US,5,20251205,185500,25.84,25.84,25.84,25.84,100,0
GOU.US,5,20251205,190000,25.76,25.77,25.76,25.76,2590,0
GOU.US,5,20251205,200500,25.711,25.711,25.71,25.71,1350,0
GOU.US,5,20251205,202000,25.78,25.78,25.78,25.78,100,0
GOU.US,5,20251205,212000,25.79,25.79,25.79,25.79,133,0
GOU.US,5,20251208,153000,26.09,26.09,25.525,25.525,950,0
GOU.US,5,20251208,154000,25.37,25.37,25.37,25.37,100,0
GOU.US,5,20251208,154500,25.3,25.3,25.3,25.3,500,0
GOU.US,5,20251208,160500,25.6981,25.6981,25.6981,25.6981,151,0
GOU.US,5,20251208,161000,25.42,25.42,25.42,25.42,100,0
GOU.US,5,20251208,163500,25.27,25.27,25.27,25.27,126,0
GOU.US,5,20251208,164000,25.13,25.13,25.13,25.13,200,0
GOU.US,5,20251208,164500,25.025,25.025,25.025,25.025,150,0
GOU.US,5,20251208,174000,24.98,24.98,24.97,24.97,442,0
GOU.US,5,20251208,181000,24.93,24.93,24.71,24.71,500,0
GOU.US,5,20251208,183500,24.52,24.52,24.52,24.52,500,0
GOU.US,5,20251208,184000,24.57,24.57,24.57,24.57,251,0
GOU.US,5,20251208,184500,24.6116,24.6116,24.6116,24.6116,493,0
GOU.US,5,20251208,185500,24.55,24.55,24.55,24.55,100,0
GOU.US,5,20251208,190000,24.5,24.5,24.46,24.46,800,0
GOU.US,5,20251208,191500,24.5201,24.5201,24.5201,24.5201,229,0
GOU.US,5,20251208,192500,24.5925,24.5925,24.5925,24.5925,2000,0
GOU.US,5,20251208,193000,24.61,24.61,24.61,24.61,100,0
GOU.US,5,20251208,201000,24.61,24.61,24.58,24.58,1111,0
GOU.US,5,20251208,201500,24.5578,24.5578,24.5578,24.5578,2000,0
GOU.US,5,20251208,202500,24.58,24.58,24.58,24.58,100,0
GOU.US,5,20251208,203000,24.59,24.59,24.59,24.59,100,0
GOU.US,5,20251208,205000,24.705,24.749,24.705,24.749,400,0
GOU.US,5,20251208,212500,24.5383,24.5383,24.5383,24.5383,150,0
GOU.US,5,20251208,213000,24.54,24.54,24.54,24.54,200,0
GOU.US,5,20251208,215000,24.425,24.425,24.425,24.425,400,0
GOU.US,5,20251209,153000,24.8,24.8,24.8,24.8,976,0
GOU.US,5,20251209,153500,24.7515,24.7515,24.7515,24.7515,483,0
GOU.US,5,20251209,154500,24.54,24.54,24.54,24.54,100,0
GOU.US,5,20251209,155000,24.48,24.48,24.48,24.48,300,0
GOU.US,5,20251209,163000,24.716,24.716,24.716,24.716,100,0
GOU.US,5,20251209,164500,24.59,24.59,24.59,24.59,100,0
GOU.US,5,20251209,180000,24.9,24.9,24.9,24.9,1300,0
GOU.US,5,20251209,180500,25.0058,25.0499,25.0058,25.0499,1000,0
GOU.US,5,20251209,182000,25.1184,25.1184,25.1184,25.1184,542,0
GOU.US,5,20251209,182500,25.13,25.13,25.13,25.13,100,0
GOU.US,5,20251209,183500,25.27,25.27,25.27,25.27,1000,0
GOU.US,5,20251209,190500,25.4,25.4,25.4,25.4,1000,0
GOU.US,5,20251209,191500,25.35,25.35,25.35,25.35,2500,0
GOU.US,5,20251209,192000,25.35,25.35,25.35,25.35,1211,0
GOU.US,5,20251209,193500,25.35,25.35,25.29,25.29,489,0
GOU.US,5,20251209,200500,25.26,25.26,25.26,25.26,100,0
GOU.US,5,20251209,205500,25.2505,25.3,25.2505,25.3,1500,0
GOU.US,5,20251210,153500,25.34,25.34,25.3126,25.3126,294,0
GOU.US,5,20251210,154000,25.3294,25.3294,25.3294,25.3294,200,0
GOU.US,5,20251210,161000,25.39,25.39,25.39,25.39,100,0
GOU.US,5,20251210,162500,25.4645,25.4645,25.4645,25.4645,100,0
GOU.US,5,20251210,170000,25.26,25.26,25.26,25.26,100,0
GOU.US,5,20251210,172000,25.4353,25.4353,25.4353,25.4353,150,0
GOU.US,5,20251210,200000,25.23,25.25,25.23,25.25,1532,0
GOU.US,5,20251210,202000,25.49,25.49,25.44,25.44,300,0
GOU.US,5,20251210,205500,25.64,25.73,25.64,25.73,1500,0
GOU.US,5,20251210,210000,25.68,25.68,25.68,25.68,100,0
GOU.US,5,20251210,211000,25.81,25.81,25.81,25.81,500,0
GOU.US,5,20251210,211500,25.7,25.7,25.7,25.7,100,0
GOU.US,5,20251210,212000,25.7,25.7,25.7,25.7,200,0
GOU.US,5,20251210,214500,25.87,25.9,25.87,25.9,2060,0
GOU.US,5,20251210,215000,25.91,25.95,25.91,25.92,300,0
GOU.US,5,20251211,153000,25.8,25.8,25.8,25.8,200,0
GOU.US,5,20251211,154000,25.2,25.2,25.2,25.2,170,0
GOU.US,5,20251211,161000,24.87,24.87,24.87,24.87,100,0
GOU.US,5,20251211,161500,24.87,25,24.87,25,500,0
GOU.US,5,20251211,165000,24.99,24.99,24.99,24.99,100,0
GOU.US,5,20251211,170500,25.0398,25.0398,24.9713,24.9713,200,0
GOU.US,5,20251211,180000,24.7667,24.7667,24.7667,24.7667,284,0
GOU.US,5,20251211,182000,24.8909,24.8909,24.8909,24.8909,200,0
GOU.US,5,20251211,190500,24.99,24.99,24.99,24.99,152,0
GOU.US,5,20251211,192000,24.47,24.47,24.47,24.47,100,0
GOU.US,5,20251211,192500,24.14,24.14,23.9166,23.9166,500,0
GOU.US,5,20251211,203500,24.55,24.55,24.55,24.55,100,0
GOU.US,5,20251211,210500,24.5,24.5,24.5,24.5,100,0
GOU.US,5,20251211,215500,24.55,24.6,24.55,24.6,1100,0
GOU.US,5,20251212,154000,24.54,24.54,24.5,24.5,700,0
GOU.US,5,20251212,154500,24.2495,24.2495,24.2495,24.2495,210,0
GOU.US,5,20251212,155000,24.3537,24.3537,24.3537,24.3537,100,0
GOU.US,5,20251212,160500,24.17,24.17,24.17,24.17,762,0
GOU.US,5,20251212,161000,24.23,24.23,24.23,24.23,500,0
GOU.US,5,20251212,162500,24,24.0203,24,24.0203,265,0
GOU.US,5,20251212,163000,23.89,23.89,23.889,23.889,1000,0
GOU.US,5,20251212,165500,23.8,23.8,23.8,23.8,500,0
GOU.US,5,20251212,170000,23.62,23.62,23.5755,23.5755,400,0
GOU.US,5,20251212,170500,23.62,23.62,23.62,23.62,100,0
GOU.US,5,20251212,171500,23.67,23.67,23.67,23.67,135,0
GOU.US,5,20251212,172000,23.5,23.5,23.5,23.5,200,0
GOU.US,5,20251212,174500,23.64,23.64,23.64,23.64,700,0
GOU.US,5,20251212,180000,23.85,23.85,23.85,23.85,100,0
GOU.US,5,20251212,181500,23.93,23.93,23.93,23.93,1100,0
GOU.US,5,20251212,191500,24.0914,24.0914,24.0914,24.0914,920,0
GOU.US,5,20251212,193500,24.203,24.203,24.203,24.203,100,0
GOU.US,5,20251212,202500,23.95,23.95,23.95,23.95,100,0
GOU.US,5,20251212,203000,24.065,24.065,24.065,24.065,400,0
GOU.US,5,20251212,213000,23.825,23.8251,23.82,23.8251,600,0
GOU.US,5,20251212,213500,23.85,23.85,23.85,23.85,100,0
GOU.US,5,20251212,215500,23.875,23.875,23.875,23.875,200,0
GOU.US,5,20251215,155000,23.76,23.8648,23.743,23.8648,600,0
GOU.US,5,20251215,155500,23.67,23.7371,23.6273,23.7371,1482,0
GOU.US,5,20251215,161000,23.81,23.81,23.81,23.81,100,0
GOU.US,5,20251215,163500,23.7,23.7,23.7,23.7,1000,0
GOU.US,5,20251215,170500,23.72,23.72,23.72,23.72,100,0
GOU.US,5,20251215,171500,23.7,23.7,23.7,23.7,1000,0
GOU.US,5,20251215,182000,23.4471,23.4471,23.42,23.42,200,0
GOU.US,5,20251215,185500,23.4,23.4,23.4,23.4,200,0
GOU.US,5,20251215,192500,23.5,23.5,23.5,23.5,350,0
GOU.US,5,20251215,201500,23.7,23.7,23.7,23.7,332,0
GOU.US,5,20251215,210500,23.85,23.85,23.85,23.85,100,0
GOU.US,5,20251215,215500,23.77,23.77,23.77,23.77,100,0
GOU.US,5,20251216,153000,23.08,23.3,23.08,23.3,952,0
GOU.US,5,20251216,153500,23.39,23.39,23.39,23.39,140,0
GOU.US,5,20251216,160000,24.06,24.06,24.06,24.06,100,0
GOU.US,5,20251216,193000,23.08,23.08,23.08,23.08,100,0
GOU.US,5,20251216,193500,23.13,23.1825,23.13,23.1825,1300,0
GOU.US,5,20251216,200000,23.23,23.23,23.23,23.23,100,0
GOU.US,5,20251217,153500,23.15,23.15,23.023,23.023,500,0
GOU.US,5,20251217,154000,22.686,22.686,22.686,22.686,100,0
GOU.US,5,20251217,154500,22.4658,22.4658,22.45,22.45,1500,0
GOU.US,5,20251217,155500,22.65,22.65,22.65,22.65,1416,0
GOU.US,5,20251217,161000,22.515,22.515,22.49,22.49,400,0
GOU.US,5,20251217,163500,22.25,22.25,22.25,22.25,150,0
GOU.US,5,20251217,164000,22.12,22.12,22.11,22.115,2172,0
GOU.US,5,20251217,164500,21.98,21.98,21.98,21.98,100,0
GOU.US,5,20251217,165000,22.2635,22.2635,22.2635,22.2635,100,0
GOU.US,5,20251217,165500,22.1,22.1,22.1,22.1,100,0
GOU.US,5,20251217,170000,22.22,22.22,22.22,22.22,1000,0
GOU.US,5,20251217,170500,22.4376,22.4376,22.4376,22.4376,100,0
GOU.US,5,20251217,171000,22.28,22.28,22.28,22.28,500,0
GOU.US,5,20251217,172000,22.29,22.3,22.25,22.3,1190,0
GOU.US,5,20251217,174000,22.49,22.49,22.49,22.49,100,0
GOU.US,5,20251217,180000,22.41,22.41,22.41,22.41,100,0
GOU.US,5,20251217,181000,22.4,22.4,22.4,22.4,100,0
GOU.US,5,20251217,182000,22.4748,22.4748,22.4748,22.4748,700,0
GOU.US,5,20251217,182500,22.53,22.585,22.52,22.52,550,0
GOU.US,5,20251217,183000,22.58,22.58,22.58,22.58,100,0
GOU.US,5,20251217,190000,22.37,22.37,22.37,22.37,100,0
GOU.US,5,20251217,191000,22.42,22.42,22.42,22.42,100,0
GOU.US,5,20251217,195000,22.3482,22.3482,22.3482,22.3482,250,0
GOU.US,5,20251217,200000,22.27,22.29,22.23,22.23,709,0
GOU.US,5,20251217,203000,22.08,22.08,22.08,22.08,100,0
GOU.US,5,20251217,203500,22.0707,22.0707,22.0707,22.0707,200,0
GOU.US,5,20251217,205000,22.04,22.05,22.04,22.05,200,0
GOU.US,5,20251217,210500,22.035,22.035,22.035,22.035,100,0
GOU.US,5,20251218,154500,22.43,22.43,22.38,22.38,600,0
GOU.US,5,20251218,155000,22.4523,22.4523,22.4523,22.4523,100,0
GOU.US,5,20251218,155500,22.6,22.6,22.6,22.6,200,0
GOU.US,5,20251218,160500,22.5,22.5,22.5,22.5,230,0
GOU.US,5,20251218,161000,22.52,22.52,22.52,22.52,200,0
GOU.US,5,20251218,161500,22.47,22.5,22.47,22.5,600,0
GOU.US,5,20251218,162000,22.48,22.6,22.48,22.6,1422,0
GOU.US,5,20251218,165500,22.791,22.791,22.791,22.791,1300,0
GOU.US,5,20251218,170000,22.83,22.83,22.83,22.83,300,0
GOU.US,5,20251218,175000,22.991,22.991,22.94,22.94,600,0
GOU.US,5,20251218,181500,22.7779,22.7779,22.7779,22.7779,150,0
GOU.US,5,20251218,182500,22.82,22.82,22.82,22.82,200,0
GOU.US,5,20251218,183500,22.92,22.92,22.92,22.92,100,0
GOU.US,5,20251218,191000,22.98,22.98,22.98,22.98,100,0
GOU.US,5,20251218,192000,23.055013,23.055013,23.055013,23.055013,861,0
GOU.US,5,20251218,193000,23.04,23.04,23.04,23.04,100,0
GOU.US,5,20251218,194500,22.98,22.98,22.98,22.98,300,0
GOU.US,5,20251218,211500,22.899,22.899,22.899,22.899,200,0
GOU.US,5,20251218,213000,22.87,22.87,22.87,22.87,100,0
GOU.US,5,20251218,215000,22.945,22.945,22.945,22.945,100,0
GOU.US,5,20251219,153500,22.74,22.74,22.73,22.73,1326,0
GOU.US,5,20251219,154000,22.96,22.96,22.96,22.96,100,0
GOU.US,5,20251219,161000,23.28,23.28,23.28,23.28,100,0
GOU.US,5,20251219,164500,23.15,23.15,23.15,23.15,122,0
GOU.US,5,20251219,165000,23.28,23.28,23.28,23.28,200,0
GOU.US,5,20251219,171500,23.3699,23.3699,23.3699,23.3699,100,0
GOU.US,5,20251219,181500,23.3472,23.3472,23.28,23.28,400,0
GOU.US,5,20251219,183500,23.1973,23.1973,23.1973,23.1973,861,0
GOU.US,5,20251219,184000,23.225,23.225,23.22,23.22,1040,0
GOU.US,5,20251219,184500,23.2587,23.2587,23.2587,23.2587,1000,0
GOU.US,5,20251219,191500,23.15,23.15,23.09,23.1,950,0
GOU.US,5,20251219,194000,23.1,23.1,23.1,23.1,1000,0
GOU.US,5,20251219,194500,23.15,23.15,23.15,23.15,100,0
GOU.US,5,20251219,200000,23.13,23.13,23.13,23.13,100,0
GOU.US,5,20251219,214000,23.105,23.105,23.06,23.06,503,0
GOU.US,5,20251222,153000,24.41,24.41,23.5,23.5,2608,0
GOU.US,5,20251222,153500,23.4,23.4,23.34,23.34,250,0
GOU.US,5,20251222,155000,23.57,23.57,23.57,23.57,100,0
GOU.US,5,20251222,155500,23.525,23.525,23.5,23.5,700,0
GOU.US,5,20251222,161000,23.4223,23.4223,23.4223,23.4223,230,0
GOU.US,5,20251222,163000,23.54,23.575,23.54,23.575,200,0
GOU.US,5,20251222,165500,23.59,23.59,23.54,23.54,950,0
GOU.US,5,20251222,171000,23.83,23.83,23.83,23.83,100,0
GOU.US,5,20251222,171500,23.77,23.77,23.76,23.76,400,0
GOU.US,5,20251222,172500,23.76,23.76,23.76,23.76,100,0
GOU.US,5,20251222,184000,23.84,23.84,23.84,23.84,100,0
GOU.US,5,20251222,185000,23.7609,23.7609,23.7609,23.7609,140,0
GOU.US,5,20251222,190500,23.82,23.82,23.82,23.82,100,0
GOU.US,5,20251222,191500,23.77,23.77,23.77,23.77,100,0
GOU.US,5,20251222,202500,23.84,23.84,23.84,23.84,865,0
GOU.US,5,20251222,212500,23.94,23.94,23.94,23.94,100,0
GOU.US,5,20251222,213500,23.93,23.93,23.93,23.93,100,0
GOU.US,5,20251222,215500,23.96,23.96,23.96,23.96,103,0
GOU.US,5,20251223,153000,24.02,24.02,24.02,24.02,1238,0
GOU.US,5,20251223,153500,24.1896,24.32,24.1896,24.3118,871,0
GOU.US,5,20251223,154000,24.27,24.4402,24.27,24.3101,1513,0
GOU.US,5,20251223,160000,24.49,24.49,24.31,24.31,332,0
GOU.US,5,20251223,163000,24.35,24.4916,24.35,24.4916,941,0
GOU.US,5,20251223,163500,24.39,24.39,24.39,24.39,500,0
GOU.US,5,20251223,164000,24.57,24.57,24.57,24.57,500,0
GOU.US,5,20251223,165500,24.46,24.46,24.46,24.46,100,0
GOU.US,5,20251223,170000,24.63,24.63,24.63,24.63,100,0
GOU.US,5,20251223,170500,24.63,24.63,24.6198,24.6198,705,0
GOU.US,5,20251223,171500,24.55,24.55,24.55,24.55,100,0
GOU.US,5,20251223,173000,24.48,24.48,24.4705,24.4705,300,0
GOU.US,5,20251223,184000,24.54,24.54,24.54,24.54,100,0
GOU.US,5,20251223,192500,24.67,24.67,24.67,24.67,416,0
GOU.US,5,20251223,202000,24.67,24.67,24.67,24.67,100,0
GOU.US,5,20251223,203500,24.5618,24.5618,24.5618,24.5618,773,0
GOU.US,5,20251223,204000,24.7,24.7,24.7,24.7,100,0
GOU.US,5,20251223,205500,24.7,24.7,24.7,24.7,100,0
GOU.US,5,20251223,212000,24.77,24.77,24.77,24.77,1200,0
GOU.US,5,20251223,214000,24.69,24.69,24.69,24.69,100,0
GOU.US,5,20251223,215500,24.725,24.725,24.725,24.725,100,0
GOU.US,5,20251224,153000,24.4775,24.6202,24.2269,24.6202,1337,0
GOU.US,5,20251224,161000,24.39,24.45,24.33,24.45,714,0
GOU.US,5,20251224,171000,24.4675,24.4675,24.4675,24.4675,300,0
GOU.US,5,20251224,171500,24.46,24.46,24.46,24.46,100,0
GOU.US,5,20251224,173000,24.53,24.53,24.53,24.53,299,0
GOU.US,5,20251224,182000,24.5,24.5,24.5,24.5,100,0
GOU.US,5,20251224,183500,24.4453,24.4453,24.4453,24.4453,150,0
GOU.US,5,20251224,184000,24.49,24.49,24.49,24.49,388,0
GOU.US,5,20251224,185500,24.6,24.6,24.6,24.6,100,0
GOU.US,5,20251226,154000,24.6,24.6,24.6,24.6,3000,0
GOU.US,5,20251226,160500,24.2501,24.2501,24.2501,24.2501,100,0
GOU.US,5,20251226,163500,24.4107,24.4107,24.4107,24.4107,150,0
GOU.US,5,20251226,171500,24.45,24.45,24.45,24.45,100,0
GOU.US,5,20251229,153000,24.39,24.39,24.39,24.39,805,0
GOU.US,5,20251229,155000,24.24,24.24,24.2277,24.2277,500,0
GOU.US,5,20251229,160000,24.295,24.3128,24.295,24.3128,1500,0
GOU.US,5,20251229,160500,24.31,24.3899,24.31,24.3899,330,0
GOU.US,5,20251229,161500,24.16,24.17,24.16,24.17,343,0
GOU.US,5,20251229,162000,24.22,24.22,24.22,24.22,155,0
GOU.US,5,20251229,180000,24.21,24.21,24.21,24.21,100,0
GOU.US,5,20251229,185000,24.39,24.39,24.389,24.389,1985,0
GOU.US,5,20251229,190500,24.3799,24.3799,24.3799,24.3799,400,0
GOU.US,5,20251229,191000,24.3002,24.3002,24.3002,24.3002,2200,0
GOU.US,5,20251229,193500,24.35,24.35,24.35,24.35,100,0
GOU.US,5,20251229,200500,24.38,24.38,24.38,24.38,200,0
GOU.US,5,20251229,204000,24.37,24.37,24.37,24.37,100,0
GOU.US,5,20251229,204500,24.36,24.36,24.36,24.36,100,0
GOU.US,5,20251229,205000,24.45,24.45,24.45,24.45,125,0
GOU.US,5,20251229,210500,24.55,24.55,24.55,24.55,200,0
GOU.US,5,20251229,212000,24.49,24.49,24.49,24.49,100,0
GOU.US,5,20251229,212500,24.4672,24.53,24.4672,24.53,200,0
GOU.US,5,20251230,153000,23.99,24.84,23.99,24.84,324,0
GOU.US,5,20251230,153500,24.4901,24.63,24.4901,24.63,1299,0
GOU.US,5,20251230,161000,24.54,24.54,24.4902,24.4902,235,0
GOU.US,5,20251230,161500,24.47,24.47,24.47,24.47,100,0
GOU.US,5,20251230,162000,24.5,24.5,24.5,24.5,100,0
GOU.US,5,20251230,174500,24.69,24.69,24.69,24.69,100,0
GOU.US,5,20251230,183000,24.55,24.55,24.55,24.55,100,0
GOU.US,5,20251230,195500,24.55,24.55,24.55,24.55,500,0
GOU.US,5,20251230,201000,24.5,24.5,24.5,24.5,500,0
GOU.US,5,20251230,213000,24.7,24.7,24.7,24.7,100,0
GOU.US,5,20251231,155000,24.54,24.54,24.54,24.54,100,0
GOU.US,5,20251231,163000,24.5,24.5,24.5,24.5,500,0
GOU.US,5,20251231,171500,24.48,24.48,24.48,24.48,100,0
GOU.US,5,20251231,172500,24.49,24.49,24.49,24.49,100,0
GOU.US,5,20251231,180500,24.4231,24.4231,24.3368,24.3368,620,0
GOU.US,5,20251231,193500,24.535,24.535,24.535,24.535,500,0
GOU.US,5,20251231,194500,24.5597,24.5597,24.5597,24.5597,100,0
GOU.US,5,20251231,203500,24.59,24.59,24.59,24.59,100,0
GOU.US,5,20251231,215500,24.415,24.415,24.415,24.415,114,0
GOU.US,5,20260102,153000,25.04,25.3,25.04,25.3,501,0
GOU.US,5,20260102,153500,25.55,25.55,25.55,25.55,100,0
GOU.US,5,20260102,154000,25.5,25.5,25.5,25.5,454,0
GOU.US,5,20260102,160000,25.51,25.51,25.51,25.51,100,0
GOU.US,5,20260102,161500,24.82,24.82,24.82,24.82,100,0
GOU.US,5,20260102,164500,24.7995,24.7995,24.75,24.75,522,0
GOU.US,5,20260102,165000,24.58,24.58,24.58,24.58,100,0
GOU.US,5,20260102,170000,24.25,24.25,24.25,24.25,100,0
GOU.US,5,20260102,172500,24.04,24.04,24.04,24.04,100,0
GOU.US,5,20260102,181000,24.34,24.34,24.34,24.34,100,0
GOU.US,5,20260102,190000,24.49,24.49,24.49,24.49,100,0
GOU.US,5,20260102,191500,24.49,24.49,24.49,24.49,100,0
GOU.US,5,20260102,202500,24.7,24.7,24.699,24.7,918,0
GOU.US,5,20260102,203000,24.7,24.7,24.7,24.7,500,0
GOU.US,5,20260102,205500,24.65,24.66,24.65,24.66,400,0
GOU.US,5,20260102,210500,24.57,24.57,24.57,24.57,100,0
GOU.US,5,20260102,211000,24.71,24.71,24.71,24.71,100,0
GOU.US,5,20260105,153000,24.995,24.995,24.995,24.995,500,0
GOU.US,5,20260105,154500,24.93,24.93,24.93,24.93,100,0
GOU.US,5,20260105,155000,24.93,24.93,24.93,24.93,110,0
GOU.US,5,20260105,155500,25.04,25.04,24.91,25,1500,0
GOU.US,5,20260105,160000,24.94,25,24.94,25,200,0
GOU.US,5,20260105,162000,24.9921,24.9921,24.9921,24.9921,100,0
GOU.US,5,20260105,163000,24.99,24.99,24.99,24.99,300,0
GOU.US,5,20260105,165500,24.9401,24.9401,24.9401,24.9401,250,0
GOU.US,5,20260105,170500,24.92,24.92,24.92,24.92,100,0
GOU.US,5,20260105,172000,24.8542,24.8542,24.8542,24.8542,147,0
GOU.US,5,20260105,174000,24.8,24.8,24.8,24.8,105,0
GOU.US,5,20260105,175000,24.83,24.83,24.83,24.83,100,0
GOU.US,5,20260105,204000,24.761,24.761,24.75,24.75,1771,0
GOU.US,5,20260105,214000,24.82,24.82,24.82,24.82,500,0
GOU.US,5,20260105,214500,24.85,24.85,24.82,24.82,952,0
GOU.US,5,20260106,153000,25.4848,25.4848,25.4848,25.4848,486,0
GOU.US,5,20260106,154000,24.9334,24.9334,24.9334,24.9334,116,0
GOU.US,5,20260106,154500,25.19,25.19,25.1777,25.1777,400,0
GOU.US,5,20260106,155500,25.05,25.05,25.05,25.05,413,0
GOU.US,5,20260106,160000,25.1,25.1,25.1,25.1,400,0
GOU.US,5,20260106,165500,24.478,24.478,24.478,24.478,100,0
GOU.US,5,20260106,171000,24.371,24.43,24.371,24.43,1000,0
GOU.US,5,20260106,174500,24.41,24.41,24.41,24.41,100,0
GOU.US,5,20260106,183500,24.4701,24.4701,24.4701,24.4701,1036,0
GOU.US,5,20260106,185000,24.415,24.415,24.415,24.415,225,0
GOU.US,5,20260106,190500,24.34,24.34,24.34,24.34,100,0
GOU.US,5,20260106,200500,24.551,24.551,24.5408,24.5408,500,0
GOU.US,5,20260106,201000,24.55,24.55,24.55,24.55,200,0
GOU.US,5,20260106,214000,24.4,24.4,24.4,24.4,490,0
GOU.US,5,20260107,153000,24.875,24.9,24.875,24.8999,4200,0
GOU.US,5,20260107,153500,25.2,25.2,25.2,25.2,100,0
GOU.US,5,20260107,155500,25.7,25.7,25.52,25.52,3717,0
GOU.US,5,20260107,160000,25.3,25.38,25.3,25.38,400,0
GOU.US,5,20260107,161000,25.44,25.44,25.44,25.44,100,0
GOU.US,5,20260107,183500,25.54,25.54,25.54,25.54,220,0
GOU.US,5,20260107,184500,25.67,25.67,25.67,25.67,100,0
GOU.US,5,20260107,185000,25.58,25.58,25.58,25.58,100,0
GOU.US,5,20260107,193000,25.75,25.75,25.75,25.75,100,0
GOU.US,5,20260107,193500,26,26.189,26,26.12,698,0
GOU.US,5,20260107,194000,26.17,26.33,26.17,26.33,1100,0
GOU.US,5,20260107,200000,26.06,26.06,26.06,26.06,100,0
GOU.US,5,20260107,202500,25.75,25.75,25.75,25.75,2000,0
GOU.US,5,20260107,210500,25.895,25.9499,25.895,25.9499,1600,0
GOU.US,5,20260107,211000,25.75,25.778,25.75,25.778,584,0
GOU.US,5,20260107,212000,25.7706,25.7706,25.77,25.77,300,0
GOU.US,5,20260107,212500,25.7,25.7,25.7,25.7,400,0
GOU.US,5,20260107,213000,25.65,25.65,25.65,25.65,250,0
GOU.US,5,20260107,213500,25.59,25.59,25.59,25.59,600,0
GOU.US,5,20260107,214000,25.54,25.54,25.54,25.54,200,0
GOU.US,5,20260107,215500,25.73,25.73,25.73,25.73,1000,0
GOU.US,5,20260108,153000,26.7,26.7,26.1655,26.1655,1000,0
GOU.US,5,20260108,153500,26.4412,26.4412,26.1305,26.1305,200,0
GOU.US,5,20260108,154000,26.12,26.12,26.12,26.12,200,0
GOU.US,5,20260108,160000,25.8109,25.8109,25.7564,25.7564,220,0
GOU.US,5,20260108,161000,26.1811,26.22,26.1811,26.22,250,0
GOU.US,5,20260108,162500,26.36,26.36,26.36,26.36,260,0
GOU.US,5,20260108,163500,26.12,26.12,26.12,26.12,100,0
GOU.US,5,20260108,164000,26.116,26.2412,26.116,26.2412,450,0
GOU.US,5,20260108,165000,26.43,26.43,26.43,26.43,100,0
GOU.US,5,20260108,171500,26.605,26.605,26.6,26.6,797,0
GOU.US,5,20260108,172500,26.597731,26.597731,26.44,26.44,250,0
GOU.US,5,20260108,173500,26.330215,26.330215,26.330215,26.330215,200,0
GOU.US,5,20260108,180000,26.63,26.63,26.63,26.63,200,0
GOU.US,5,20260108,185500,26.47,26.503,26.47,26.503,224,0
GOU.US,5,20260108,205000,26.14,26.14,26.14,26.14,750,0
GOU.US,5,20260108,212000,26.15,26.15,26.15,26.15,454,0
