<TICKER>,<PER>,<DATE>,<TIME>,<OPEN>,<HIGH>,<LOW>,<CLOSE>,<VOL>,<OPENINT>
JCSE.US,5,20250813,153500,0.9698,0.9698,0.9549,0.9549,3000,0
JCSE.US,5,20250813,161000,0.94,0.94,0.94,0.94,200,0
JCSE.US,5,20250813,162500,0.94,0.94,0.94,0.94,100,0
JCSE.US,5,20250813,165000,0.94,0.9564,0.94,0.9564,9900,0
JCSE.US,5,20250813,165500,0.962399,0.962399,0.962399,0.962399,500,0
JCSE.US,5,20250813,171500,0.94,0.94,0.94,0.94,100,0
JCSE.US,5,20250813,173500,0.9401,0.9401,0.9401,0.9401,1800,0
JCSE.US,5,20250813,181000,0.9575,0.9575,0.9575,0.9575,103,0
JCSE.US,5,20250813,183000,0.94,0.94,0.94,0.94,100,0
JCSE.US,5,20250814,153500,0.93,0.93,0.93,0.93,100,0
JCSE.US,5,20250814,154000,0.93,0.93,0.93,0.93,100,0
JCSE.US,5,20250814,154500,0.9301,0.9301,0.9301,0.9301,150,0
JCSE.US,5,20250814,155000,0.935,0.94,0.935,0.94,1357,0
JCSE.US,5,20250814,160000,0.935,0.935,0.935,0.935,100,0
JCSE.US,5,20250814,160500,0.94,0.95,0.94,0.95,3263,0
JCSE.US,5,20250814,163000,0.93,0.93,0.93,0.93,100,0
JCSE.US,5,20250814,175500,0.94,0.94,0.94,0.94,100,0
JCSE.US,5,20250814,181500,0.955,0.955,0.955,0.955,100,0
JCSE.US,5,20250814,192000,0.93,0.93,0.93,0.93,100,0
JCSE.US,5,20250814,204500,0.93,0.9301,0.92,0.9301,2031,0
JCSE.US,5,20250814,210500,0.91,0.91,0.91,0.91,100,0
JCSE.US,5,20250815,153000,0.91,0.91,0.91,0.91,552,0
JCSE.US,5,20250815,153500,0.9101,0.9101,0.9101,0.9101,200,0
JCSE.US,5,20250815,154000,0.91,0.91,0.91,0.91,100,0
JCSE.US,5,20250815,161000,0.9101,0.9101,0.91,0.91,1680,0
JCSE.US,5,20250815,162500,0.91,0.91,0.91,0.91,220,0
JCSE.US,5,20250815,203000,0.9107,0.9107,0.9107,0.9107,700,0
JCSE.US,5,20250815,205000,0.901,0.901,0.901,0.901,100,0
JCSE.US,5,20250818,160000,0.9021,0.9021,0.9021,0.9021,408,0
JCSE.US,5,20250818,161500,0.9021,0.9021,0.9021,0.9021,100,0
JCSE.US,5,20250818,163500,0.9002,0.9002,0.9002,0.9002,171,0
JCSE.US,5,20250818,170500,0.9,0.9,0.9,0.9,100,0
JCSE.US,5,20250818,184000,0.9,0.9,0.9,0.9,100,0
JCSE.US,5,20250818,202000,0.9198,0.9198,0.9198,0.9198,500,0
JCSE.US,5,20250818,204500,0.9,0.9,0.9,0.9,100,0
JCSE.US,5,20250819,154000,0.91,0.91,0.91,0.91,100,0
JCSE.US,5,20250819,160000,0.93,0.93,0.92281,0.92281,1587,0
JCSE.US,5,20250819,162500,0.93,0.93,0.93,0.93,456,0
JCSE.US,5,20250819,165000,0.926068,0.926068,0.926068,0.926068,420,0
JCSE.US,5,20250819,165500,0.9103,0.9103,0.9103,0.9103,100,0
JCSE.US,5,20250819,172500,0.9103,0.9103,0.9103,0.9103,100,0
JCSE.US,5,20250819,190000,0.9103,0.9103,0.9103,0.9103,100,0
JCSE.US,5,20250819,200500,0.91,0.91,0.91,0.91,100,0
JCSE.US,5,20250819,202000,0.9274,0.9274,0.9274,0.9274,104,0
JCSE.US,5,20250819,205000,0.924015,0.924015,0.924015,0.924015,420,0
JCSE.US,5,20250819,210500,0.91,0.91,0.91,0.91,100,0
JCSE.US,5,20250819,215000,0.91408,0.914233,0.913658,0.914233,840,0
JCSE.US,5,20250819,215500,0.92,0.92,0.92,0.92,300,0
JCSE.US,5,20250820,153000,0.91,0.91,0.91,0.91,105,0
JCSE.US,5,20250820,154500,0.91,0.91,0.91,0.91,124,0
JCSE.US,5,20250820,155000,0.918604,0.918604,0.918604,0.918604,100,0
JCSE.US,5,20250820,164500,0.93,0.93,0.93,0.93,456,0
JCSE.US,5,20250820,165000,0.92,0.92,0.92,0.92,100,0
JCSE.US,5,20250820,184500,0.91,0.91,0.91,0.91,100,0
JCSE.US,5,20250820,185000,0.925457,0.925457,0.925457,0.925457,400,0
JCSE.US,5,20250820,185500,0.926186,0.926186,0.926186,0.926186,249,0
JCSE.US,5,20250820,201000,0.91,0.91,0.896,0.9,5333,0
JCSE.US,5,20250820,202000,0.917631,0.917631,0.917631,0.917631,250,0
JCSE.US,5,20250820,203500,0.9,0.9,0.9,0.9,1100,0
JCSE.US,5,20250821,153000,0.918,0.918,0.906998,0.906998,1229,0
JCSE.US,5,20250821,172500,0.9092,0.9092,0.9092,0.9092,100,0
JCSE.US,5,20250821,182500,0.914899,0.914899,0.914899,0.914899,200,0
JCSE.US,5,20250821,200500,0.902779,0.902779,0.902779,0.902779,500,0
JCSE.US,5,20250821,205500,0.9148,0.9148,0.9148,0.9148,1000,0
JCSE.US,5,20250821,215000,0.9,0.9,0.9,0.9,239,0
JCSE.US,5,20250821,215500,0.9,0.9148,0.9,0.9148,6000,0
JCSE.US,5,20250822,165000,0.914,0.914,0.914,0.914,100,0
JCSE.US,5,20250822,184000,0.943799,0.943799,0.943799,0.943799,200,0
JCSE.US,5,20250822,185500,0.943716,0.943716,0.943716,0.943716,250,0
JCSE.US,5,20250825,153000,1,1,1,1,449,0
JCSE.US,5,20250825,174500,0.93,0.93,0.93,0.93,500,0
JCSE.US,5,20250825,175500,0.9789,0.98,0.9555,0.98,4778,0
JCSE.US,5,20250825,185000,0.931,0.931,0.931,0.931,100,0
JCSE.US,5,20250826,153000,0.97,0.97,0.97,0.97,570,0
JCSE.US,5,20250826,155000,0.9701,0.9701,0.9701,0.9701,100,0
JCSE.US,5,20250826,163000,0.95,0.95,0.95,0.95,200,0
JCSE.US,5,20250826,163500,0.935,0.97,0.935,0.97,340,0
JCSE.US,5,20250826,165000,0.97708,0.97708,0.97708,0.97708,1031,0
JCSE.US,5,20250826,181000,0.97,0.97,0.97,0.97,100,0
JCSE.US,5,20250826,184500,0.973006,0.973006,0.973006,0.973006,100,0
JCSE.US,5,20250826,213500,0.95,0.95,0.95,0.95,477,0
JCSE.US,5,20250827,153000,0.935,0.935,0.935,0.935,100,0
JCSE.US,5,20250827,165500,0.97,0.97,0.97,0.97,110,0
JCSE.US,5,20250827,181500,0.9698,0.9698,0.9698,0.9698,381,0
JCSE.US,5,20250827,184500,0.9897,0.9897,0.9897,0.9897,100,0
JCSE.US,5,20250827,190000,0.99,0.99,0.99,0.99,1000,0
JCSE.US,5,20250827,191000,0.9899,0.9899,0.9816,0.9816,300,0
JCSE.US,5,20250827,211500,0.9752,0.9752,0.9752,0.9752,300,0
JCSE.US,5,20250827,215500,0.9899,0.99,0.9899,0.9899,391,0
JCSE.US,5,20250828,153000,0.99,0.99,0.99,0.99,107,0
JCSE.US,5,20250828,180000,0.99,0.99,0.99,0.99,1001,0
JCSE.US,5,20250828,181000,1,1,1,1,1100,0
JCSE.US,5,20250828,182000,1.0099,1.07,1.0099,1.0699,4156,0
JCSE.US,5,20250828,182500,1.07,1.07,1.06,1.0689,1100,0
JCSE.US,5,20250828,183000,1.09,1.28,1.07,1.2025,227624,0
JCSE.US,5,20250828,183500,1.2024,1.26,1.1422,1.2252,129517,0
JCSE.US,5,20250828,184000,1.21,1.2299,1.15,1.18,31398,0
JCSE.US,5,20250828,184500,1.18,1.21,1.15,1.16,76161,0
JCSE.US,5,20250828,185000,1.16,1.1797,1.08,1.1143,83721,0
JCSE.US,5,20250828,185500,1.11,1.11,1.0882,1.09,14632,0
JCSE.US,5,20250828,190000,1.0999,1.114,0.9849,1,35092,0
JCSE.US,5,20250828,190500,0.9801,1.01,0.9,1,53040,0
JCSE.US,5,20250828,191000,1.02,1.02,0.986,1.0002,20864,0
JCSE.US,5,20250828,191500,1.01,1.01,1,1,2224,0
JCSE.US,5,20250828,192000,1,1.0001,0.995,1.0001,8882,0
JCSE.US,5,20250828,192500,1,1,0.975,0.981106,17164,0
JCSE.US,5,20250828,193000,0.9772,1,0.9652,1,8788,0
JCSE.US,5,20250828,193500,0.9999,1,0.9635,0.9688,2134,0
JCSE.US,5,20250828,194000,0.9688,0.9693,0.9688,0.9693,1300,0
JCSE.US,5,20250828,194500,0.9694,0.9999,0.963,0.963,3809,0
JCSE.US,5,20250828,195000,0.9874,0.9874,0.9874,0.9874,999,0
JCSE.US,5,20250828,195500,0.99,1.0588,0.977113,1.0588,22892,0
JCSE.US,5,20250828,200000,1.02,1.05,1.02,1.0222,4600,0
JCSE.US,5,20250828,200500,1.04,1.0599,0.98,0.98,10200,0
JCSE.US,5,20250828,201000,1.0234,1.06,1.0201,1.0592,8500,0
JCSE.US,5,20250828,201500,1.0501,1.06,1.05,1.0501,3800,0
JCSE.US,5,20250828,202000,1.055,1.058,1.05,1.05,3506,0
JCSE.US,5,20250828,203000,1.055,1.055,1.055,1.055,500,0
JCSE.US,5,20250828,203500,1.06,1.06,1.05,1.055,2196,0
JCSE.US,5,20250828,204000,1.05,1.0597,1.05,1.0597,400,0
JCSE.US,5,20250828,204500,1.0597,1.0597,1.0597,1.0597,500,0
JCSE.US,5,20250828,205000,1.0512,1.0585,1.05,1.0519,1100,0
JCSE.US,5,20250828,205500,1.06,1.06,1.06,1.06,160,0
JCSE.US,5,20250828,210000,1.055,1.055,1.055,1.055,100,0
JCSE.US,5,20250828,211000,1.05,1.0651,1.0144,1.02,15728,0
JCSE.US,5,20250828,211500,1.06,1.06,1.02,1.02,900,0
JCSE.US,5,20250828,212000,1.06,1.0999,1.02,1.07,3365,0
JCSE.US,5,20250828,212500,1.06,1.07,1.0331,1.0331,800,0
JCSE.US,5,20250828,213000,1.06,1.06,1.0452,1.0491,1502,0
JCSE.US,5,20250828,213500,1.08,1.08,1.0201,1.0201,12000,0
JCSE.US,5,20250828,214500,1.06,1.06,1.06,1.06,1000,0
JCSE.US,5,20250828,215000,1.05,1.1,1.02,1.02,1905,0
JCSE.US,5,20250829,153000,1.05,1.0698,1.02,1.02,2213,0
JCSE.US,5,20250829,153500,1.05,1.05,1.0258,1.0258,200,0
JCSE.US,5,20250829,154500,1.035,1.035,1.02,1.02,771,0
JCSE.US,5,20250829,155000,1.05,1.05,1.04,1.04,200,0
JCSE.US,5,20250829,155500,1.0374,1.0374,1.02,1.0256,472,0
JCSE.US,5,20250829,160000,1.02,1.0297,1.02,1.02,500,0
JCSE.US,5,20250829,160500,1.03,1.03,1.0001,1.01,2259,0
JCSE.US,5,20250829,161000,1,1,0.985,0.9876,4327,0
JCSE.US,5,20250829,161500,0.9999,1,0.9999,0.9999,4100,0
JCSE.US,5,20250829,162000,0.9998,0.9999,0.9998,0.9999,900,0
JCSE.US,5,20250829,163000,1,1,0.97,0.9731,7599,0
JCSE.US,5,20250829,163500,0.99,0.996,0.98,0.996,2201,0
JCSE.US,5,20250829,164000,0.9999,1,0.9936,0.9936,1700,0
JCSE.US,5,20250829,165000,0.9999,1,0.9999,1,2400,0
JCSE.US,5,20250829,165500,1,1,0.9998,0.9999,1914,0
JCSE.US,5,20250829,170000,1,1,0.9999,0.9999,2350,0
JCSE.US,5,20250829,170500,0.98,0.98,0.98,0.98,300,0
JCSE.US,5,20250829,174000,0.9999,0.9999,0.9937,0.9937,1500,0
JCSE.US,5,20250829,175500,1,1,0.99,0.99,3750,0
JCSE.US,5,20250829,180000,0.9801,0.9801,0.9801,0.9801,550,0
JCSE.US,5,20250829,181500,0.9801,0.99,0.98,0.98,6375,0
JCSE.US,5,20250829,184000,0.9803,0.9803,0.98,0.98,8000,0
JCSE.US,5,20250829,185500,0.9999,0.9999,0.98,0.98,900,0
JCSE.US,5,20250829,190500,0.98995,0.98995,0.95,0.9615,10301,0
JCSE.US,5,20250829,191000,0.95,0.95,0.95,0.95,351,0
JCSE.US,5,20250829,192500,0.95,0.95,0.95,0.95,417,0
JCSE.US,5,20250829,194000,0.975999,0.975999,0.9639,0.9639,3200,0
JCSE.US,5,20250829,195000,0.9759,0.9759,0.9639,0.9639,1600,0
JCSE.US,5,20250829,200500,0.963,0.963,0.95,0.95,8139,0
JCSE.US,5,20250829,204500,0.978,0.978,0.96,0.96,6100,0
JCSE.US,5,20250829,205000,0.9779,0.978,0.9774,0.978,36878,0
JCSE.US,5,20250829,211000,1.02,1.03,1.02,1.03,395,0
JCSE.US,5,20250829,215500,1.0484,1.0484,1.0484,1.0484,625,0
JCSE.US,5,20250902,153000,1.03,1.03,1.03,1.03,144,0
JCSE.US,5,20250902,155000,1.03,1.03,1.03,1.03,100,0
JCSE.US,5,20250902,161000,1.0024,1.0024,1.0024,1.0024,100,0
JCSE.US,5,20250902,164000,1.02,1.02,1.02,1.02,5000,0
JCSE.US,5,20250902,171000,1.03,1.03,1.028,1.028,2100,0
JCSE.US,5,20250902,172000,0.9841,0.9841,0.9841,0.9841,1200,0
JCSE.US,5,20250902,173500,0.9701,0.9701,0.9701,0.9701,4000,0
JCSE.US,5,20250902,174000,1,1,1,1,500,0
JCSE.US,5,20250902,180000,1.03,1.03,0.9848,0.9848,1600,0
JCSE.US,5,20250902,181500,1.02,1.02,1.02,1.02,100,0
JCSE.US,5,20250902,185000,0.999,0.999,0.999,0.999,762,0
JCSE.US,5,20250902,192500,1.02,1.02,1.02,1.02,100,0
JCSE.US,5,20250902,202500,1.0299,1.0299,1.0299,1.0299,5000,0
JCSE.US,5,20250902,205500,1.03,1.03,1.03,1.03,100,0
JCSE.US,5,20250902,215500,1.0299,1.0299,1.0299,1.0299,1000,0
JCSE.US,5,20250903,153000,0.97,0.97,0.97,0.97,198,0
JCSE.US,5,20250903,154000,0.9816,0.9816,0.9816,0.9816,1000,0
JCSE.US,5,20250903,160500,1.02,1.02,1.02,1.02,100,0
JCSE.US,5,20250903,163500,1.02,1.02,1.02,1.02,100,0
JCSE.US,5,20250903,165500,1.0002,1.0002,1.0002,1.0002,100,0
JCSE.US,5,20250903,170500,1.002,1.01,1.002,1.002,500,0
JCSE.US,5,20250903,171500,1,1,1,1,2503,0
JCSE.US,5,20250903,172000,1.02,1.02,1.02,1.02,100,0
JCSE.US,5,20250903,173500,1.0041,1.0041,1.0041,1.0041,500,0
JCSE.US,5,20250903,175500,1.02,1.02,1.02,1.02,100,0
JCSE.US,5,20250903,183500,1.01,1.01,1.0077,1.0077,1115,0
JCSE.US,5,20250903,190000,1.02,1.02,1.02,1.02,100,0
JCSE.US,5,20250903,190500,0.9999,0.9999,0.9999,0.9999,100,0
JCSE.US,5,20250903,195000,1.0025,1.0025,1.0025,1.0025,500,0
JCSE.US,5,20250903,213000,1,1,1,1,100,0
JCSE.US,5,20250903,215500,1,1,1,1,254,0
JCSE.US,5,20250904,153000,0.99,0.99,0.99,0.99,457,0
JCSE.US,5,20250904,154000,0.97,0.98,0.97,0.98,200,0
JCSE.US,5,20250904,160500,1.0411,1.0411,1.0411,1.0411,100,0
JCSE.US,5,20250904,170000,1.015,1.015,1,1,300,0
JCSE.US,5,20250904,172000,1.03,1.03,1.03,1.03,100,0
JCSE.US,5,20250904,201000,1.0299,1.0299,1.0299,1.0299,170,0
JCSE.US,5,20250904,203000,1.02,1.02,1.02,1.02,100,0
JCSE.US,5,20250904,203500,1.02,1.02,1.02,1.02,250,0
JCSE.US,5,20250904,204000,1.03,1.03,1.03,1.03,100,0
JCSE.US,5,20250904,212500,1.0301,1.05,1.03,1.0311,14138,0
JCSE.US,5,20250904,214000,1.0501,1.0501,1.0501,1.0501,100,0
JCSE.US,5,20250905,153000,1.06,1.06,1.06,1.06,333,0
JCSE.US,5,20250905,154500,1.0205,1.0205,1.0205,1.0205,170,0
JCSE.US,5,20250905,160000,1.05,1.05,1.0327,1.0327,536,0
JCSE.US,5,20250905,170500,1.0462,1.0462,1.0462,1.0462,100,0
JCSE.US,5,20250905,181000,1.055,1.07,1.055,1.055,8975,0
JCSE.US,5,20250905,185000,1.07,1.07,1.07,1.07,100,0
JCSE.US,5,20250905,202000,1.0645,1.0699,1.055,1.0699,1233,0
JCSE.US,5,20250905,214000,1.055,1.055,1.055,1.055,200,0
JCSE.US,5,20250908,164000,1.06,1.06,1.06,1.06,100,0
JCSE.US,5,20250908,171500,1.0504,1.0504,1.0504,1.0504,218,0
JCSE.US,5,20250908,191500,1.06,1.06,1.06,1.06,3500,0
JCSE.US,5,20250908,213000,1.0616,1.0616,1.0616,1.0616,433,0
JCSE.US,5,20250908,215500,1.075,1.075,1.075,1.075,500,0
JCSE.US,5,20250909,153000,1.14,1.14,1.14,1.14,3022,0
JCSE.US,5,20250909,153500,1.08,1.08,1.02,1.02,4779,0
JCSE.US,5,20250909,155000,1.035,1.045,1.035,1.045,525,0
JCSE.US,5,20250909,160500,1.05,1.05,1.05,1.05,500,0
JCSE.US,5,20250909,170000,1.0502,1.0502,1.05,1.05,3289,0
JCSE.US,5,20250909,172500,1.04,1.04,1.04,1.04,100,0
JCSE.US,5,20250909,180000,1.04,1.04,1.04,1.04,100,0
JCSE.US,5,20250909,181500,1.08,1.08,1.06,1.08,500,0
JCSE.US,5,20250909,184000,1.08,1.08,1.08,1.08,100,0
JCSE.US,5,20250909,195000,1.08,1.08,1.08,1.08,653,0
JCSE.US,5,20250909,195500,1.06,1.06,1.06,1.06,200,0
JCSE.US,5,20250909,205000,1.08,1.1,1.08,1.1,5092,0
JCSE.US,5,20250909,210500,1.1041,1.1041,1.1041,1.1041,1000,0
JCSE.US,5,20250909,211000,1.1,1.125,1.1,1.125,4272,0
JCSE.US,5,20250909,212000,1.1,1.1,1.1,1.1,200,0
JCSE.US,5,20250909,213500,1.12,1.12,1.12,1.12,1000,0
JCSE.US,5,20250909,214500,1.0901,1.1388,1.0901,1.1388,5300,0
JCSE.US,5,20250909,215000,1.0933,1.1299,1.0933,1.1299,1101,0
JCSE.US,5,20250909,215500,1.1189,1.1189,1.1189,1.1189,1000,0
JCSE.US,5,20250910,153000,1.075,1.105,1.04,1.105,2783,0
JCSE.US,5,20250910,153500,1.09,1.1131,1.05,1.05,1506,0
JCSE.US,5,20250910,154000,1.0507,1.0507,1.0454,1.0454,1367,0
JCSE.US,5,20250910,154500,1.0788,1.0788,1.0788,1.0788,333,0
JCSE.US,5,20250910,155000,1.06,1.0647,1.06,1.0647,300,0
JCSE.US,5,20250910,155500,1.0464,1.0559,1.04,1.0401,4558,0
JCSE.US,5,20250910,160000,1.0417,1.0417,1.04,1.04,1805,0
JCSE.US,5,20250910,160500,1.036,1.036,1.036,1.036,500,0
JCSE.US,5,20250910,162000,1.06,1.06,1.05,1.0501,300,0
JCSE.US,5,20250910,163000,1.0339,1.04,1.0339,1.04,600,0
JCSE.US,5,20250910,163500,1.04,1.05,1.04,1.05,5850,0
JCSE.US,5,20250910,164500,1.0301,1.0301,1.0301,1.0301,1500,0
JCSE.US,5,20250910,165000,1.0496,1.0496,1.0496,1.0496,100,0
JCSE.US,5,20250910,165500,1.0329,1.05,1.0329,1.05,894,0
JCSE.US,5,20250910,170000,1.05,1.05,1.05,1.05,709,0
JCSE.US,5,20250910,171500,1.05,1.15,1.05,1.15,21439,0
JCSE.US,5,20250910,172000,1.129,1.17,1.1069,1.17,16800,0
JCSE.US,5,20250910,172500,1.19,1.19,1.19,1.19,100,0
JCSE.US,5,20250910,173000,1.18,1.2,1.18,1.19,4200,0
JCSE.US,5,20250910,173500,1.2,1.3413,1.17,1.32,180969,0
JCSE.US,5,20250910,174000,1.32,1.4593,1.3,1.4283,130683,0
JCSE.US,5,20250910,174500,1.4351,1.57,1.14,1.36,343358,0
JCSE.US,5,20250910,175000,1.36,1.4991,1.32,1.47,242154,0
JCSE.US,5,20250910,175500,1.47,1.47,1.21,1.33,187113,0
JCSE.US,5,20250910,180000,1.3298,1.37,1.29,1.3579,44475,0
JCSE.US,5,20250910,180500,1.36,1.4,1.32,1.3593,45287,0
JCSE.US,5,20250910,181000,1.355,1.38,1.285,1.35,37025,0
JCSE.US,5,20250910,181500,1.335,1.36,1.32,1.33,19831,0
JCSE.US,5,20250910,182000,1.3201,1.3578,1.32,1.33,26252,0
JCSE.US,5,20250910,182500,1.3266,1.36,1.3101,1.35,8270,0
JCSE.US,5,20250910,183000,1.3513,1.44,1.3513,1.37,52395,0
JCSE.US,5,20250910,183500,1.37,1.3993,1.3,1.3861,20684,0
JCSE.US,5,20250910,184000,1.3318,1.39,1.3301,1.363,13039,0
JCSE.US,5,20250910,184500,1.3637,1.44,1.3637,1.415,24266,0
JCSE.US,5,20250910,185000,1.415,1.44,1.39,1.42,30731,0
JCSE.US,5,20250910,185500,1.42,1.44,1.41,1.41,6603,0
JCSE.US,5,20250910,190000,1.4163,1.4163,1.33,1.38,32650,0
JCSE.US,5,20250910,190500,1.3501,1.3769,1.31,1.32,11275,0
JCSE.US,5,20250910,191000,1.38,1.38,1.31,1.33,2859,0
JCSE.US,5,20250910,191500,1.322,1.345,1.32,1.345,11530,0
JCSE.US,5,20250910,192000,1.32,1.321,1.3001,1.3003,6510,0
JCSE.US,5,20250910,192500,1.3101,1.35,1.31,1.34,3415,0
JCSE.US,5,20250910,193000,1.322,1.33,1.32,1.33,1973,0
JCSE.US,5,20250910,193500,1.33,1.36,1.32,1.3564,2972,0
JCSE.US,5,20250910,194000,1.35,1.35,1.3088,1.32,1487,0
JCSE.US,5,20250910,195000,1.33,1.33,1.21,1.2175,19629,0
JCSE.US,5,20250910,195500,1.2585,1.2694,1.2301,1.24,12106,0
JCSE.US,5,20250910,200000,1.26,1.33,1.22,1.22,11498,0
JCSE.US,5,20250910,200500,1.29,1.4174,1.25,1.4,29099,0
JCSE.US,5,20250910,201000,1.4,1.41,1.37,1.38,4991,0
JCSE.US,5,20250910,201500,1.38,1.38,1.3101,1.34,7919,0
JCSE.US,5,20250910,202000,1.34,1.37,1.28,1.34,12715,0
JCSE.US,5,20250910,202500,1.37,1.37,1.3412,1.369,4135,0
JCSE.US,5,20250910,203000,1.37,1.37,1.35,1.37,1605,0
JCSE.US,5,20250910,203500,1.37,1.37,1.3,1.33,15560,0
JCSE.US,5,20250910,204000,1.33,1.33,1.31,1.33,2060,0
JCSE.US,5,20250910,204500,1.33,1.33,1.32,1.33,1831,0
JCSE.US,5,20250910,205000,1.33,1.33,1.32,1.33,2070,0
JCSE.US,5,20250910,205500,1.31,1.36,1.27,1.356,4483,0
JCSE.US,5,20250910,210000,1.36,1.36,1.26,1.34,16451,0
JCSE.US,5,20250910,210500,1.34,1.35,1.327,1.327,2110,0
JCSE.US,5,20250910,211000,1.35,1.35,1.34,1.35,1700,0
JCSE.US,5,20250910,211500,1.35,1.35,1.33,1.34,2913,0
JCSE.US,5,20250910,212000,1.35,1.35,1.33,1.34,1399,0
JCSE.US,5,20250910,212500,1.34,1.34,1.3224,1.33,1287,0
JCSE.US,5,20250910,213000,1.34,1.34,1.31,1.33,11288,0
JCSE.US,5,20250910,213500,1.34,1.34,1.34,1.34,2769,0
JCSE.US,5,20250910,214000,1.337,1.41,1.33,1.4099,16269,0
JCSE.US,5,20250910,214500,1.38,1.41,1.38,1.4,11515,0
JCSE.US,5,20250910,215000,1.4,1.435,1.39,1.43,13504,0
JCSE.US,5,20250910,215500,1.4316,1.5,1.391,1.45,39656,0
JCSE.US,5,20250911,153000,1.43,1.44,1.3686,1.3686,4141,0
JCSE.US,5,20250911,153500,1.41,1.41,1.41,1.41,1500,0
JCSE.US,5,20250911,154000,1.39,1.39,1.36,1.3836,530,0
JCSE.US,5,20250911,154500,1.36,1.3601,1.35,1.3501,1990,0
JCSE.US,5,20250911,155000,1.35,1.375,1.34,1.3401,3507,0
JCSE.US,5,20250911,155500,1.34,1.3583,1.34,1.3512,2736,0
JCSE.US,5,20250911,160500,1.3442,1.3442,1.34,1.34,2050,0
JCSE.US,5,20250911,161000,1.345,1.36,1.31,1.31,9541,0
JCSE.US,5,20250911,161500,1.3111,1.32,1.21,1.2149,14175,0
JCSE.US,5,20250911,162500,1.2664,1.2664,1.22,1.2203,10495,0
JCSE.US,5,20250911,163000,1.22,1.2208,1.22,1.22,1374,0
JCSE.US,5,20250911,163500,1.2708,1.2708,1.25,1.25,300,0
JCSE.US,5,20250911,164000,1.2201,1.2679,1.2201,1.2679,500,0
JCSE.US,5,20250911,164500,1.2236,1.2236,1.2236,1.2236,456,0
JCSE.US,5,20250911,165000,1.25,1.25,1.25,1.25,340,0
JCSE.US,5,20250911,171000,1.275,1.29,1.275,1.29,211,0
JCSE.US,5,20250911,171500,1.2983,1.2983,1.2983,1.2983,100,0
JCSE.US,5,20250911,172000,1.2566,1.2566,1.2566,1.2566,588,0
JCSE.US,5,20250911,172500,1.2704,1.2704,1.2704,1.2704,200,0
JCSE.US,5,20250911,173000,1.27,1.27,1.27,1.27,1149,0
JCSE.US,5,20250911,173500,1.3,1.3,1.28,1.28,200,0
JCSE.US,5,20250911,175000,1.29,1.29,1.29,1.29,300,0
JCSE.US,5,20250911,180000,1.28,1.3,1.2612,1.3,2180,0
JCSE.US,5,20250911,185500,1.26,1.26,1.2584,1.2584,1000,0
JCSE.US,5,20250911,190000,1.2519,1.2519,1.2519,1.2519,207,0
JCSE.US,5,20250911,191000,1.251,1.2511,1.2301,1.24,2059,0
JCSE.US,5,20250911,192000,1.24,1.24,1.2399,1.2399,400,0
JCSE.US,5,20250911,192500,1.22,1.2301,1.21,1.23,7306,0
JCSE.US,5,20250911,193000,1.216,1.216,1.216,1.216,100,0
JCSE.US,5,20250911,193500,1.2181,1.2181,1.2181,1.2181,150,0
JCSE.US,5,20250911,194000,1.22,1.22,1.22,1.22,5000,0
JCSE.US,5,20250911,194500,1.23,1.23,1.23,1.23,100,0
JCSE.US,5,20250911,200500,1.22,1.22,1.2109,1.2109,1159,0
JCSE.US,5,20250911,201000,1.2105,1.2105,1.2105,1.2105,1319,0
JCSE.US,5,20250911,201500,1.23,1.23,1.23,1.23,167,0
JCSE.US,5,20250911,204000,1.21,1.23,1.21,1.23,2108,0
JCSE.US,5,20250911,205000,1.23,1.23,1.23,1.23,990,0
JCSE.US,5,20250911,205500,1.22,1.22,1.22,1.22,609,0
JCSE.US,5,20250911,210000,1.2395,1.2395,1.2395,1.2395,100,0
JCSE.US,5,20250911,211500,1.235,1.235,1.235,1.235,100,0
JCSE.US,5,20250911,212000,1.247,1.247,1.2234,1.2234,1200,0
JCSE.US,5,20250911,212500,1.235,1.235,1.235,1.235,150,0
JCSE.US,5,20250911,214000,1.235,1.235,1.235,1.235,500,0
JCSE.US,5,20250911,214500,1.25,1.25,1.25,1.25,241,0
JCSE.US,5,20250911,215500,1.2301,1.31,1.2301,1.26,3754,0
JCSE.US,5,20250912,153000,1.17,1.2928,1.17,1.2928,3017,0
JCSE.US,5,20250912,154000,1.225,1.283,1.22,1.283,350,0
JCSE.US,5,20250912,154500,1.1601,1.1664,1.1601,1.1664,1100,0
JCSE.US,5,20250912,155000,1.205,1.205,1.1601,1.1601,3428,0
JCSE.US,5,20250912,160000,1.19,1.19,1.19,1.19,200,0
JCSE.US,5,20250912,161000,1.18,1.18,1.18,1.18,400,0
JCSE.US,5,20250912,161500,1.195,1.195,1.195,1.195,100,0
JCSE.US,5,20250912,162000,1.1652,1.1652,1.1652,1.1652,1000,0
JCSE.US,5,20250912,162500,1.17,1.17,1.17,1.17,1000,0
JCSE.US,5,20250912,163500,1.19,1.19,1.19,1.19,100,0
JCSE.US,5,20250912,164000,1.19,1.19,1.19,1.19,300,0
JCSE.US,5,20250912,170500,1.2261,1.2261,1.2261,1.2261,100,0
JCSE.US,5,20250912,175500,1.18,1.18,1.18,1.18,1500,0
JCSE.US,5,20250912,180000,1.1799,1.18,1.1799,1.18,2700,0
JCSE.US,5,20250912,180500,1.19,1.19,1.19,1.19,200,0
JCSE.US,5,20250912,181000,1.1996,1.1996,1.19,1.19,2100,0
JCSE.US,5,20250912,182000,1.165,1.1808,1.165,1.1808,250,0
JCSE.US,5,20250912,184000,1.18,1.18,1.18,1.18,500,0
JCSE.US,5,20250912,191500,1.19,1.19,1.19,1.19,200,0
JCSE.US,5,20250912,192000,1.17,1.1945,1.17,1.185,5250,0
JCSE.US,5,20250912,193000,1.185,1.194,1.185,1.194,200,0
JCSE.US,5,20250912,195000,1.185,1.185,1.185,1.185,100,0
JCSE.US,5,20250912,200500,1.185,1.2,1.185,1.2,2666,0
JCSE.US,5,20250912,201500,1.21,1.21,1.21,1.21,500,0
JCSE.US,5,20250912,202000,1.195,1.195,1.195,1.195,100,0
JCSE.US,5,20250912,204500,1.19,1.19,1.19,1.19,400,0
JCSE.US,5,20250912,212000,1.2,1.2,1.2,1.2,200,0
JCSE.US,5,20250912,213500,1.199,1.21,1.199,1.21,945,0
JCSE.US,5,20250912,215000,1.19,1.19,1.19,1.19,400,0
JCSE.US,5,20250912,215500,1.16,1.2182,1.14,1.14,6397,0
JCSE.US,5,20250915,153000,1.15,1.15,1.14,1.15,4857,0
JCSE.US,5,20250915,153500,1.14,1.14,1.14,1.14,1800,0
JCSE.US,5,20250915,154000,1.13,1.13,1.13,1.13,800,0
JCSE.US,5,20250915,154500,1.15,1.15,1.15,1.15,700,0
JCSE.US,5,20250915,155000,1.15,1.15,1.1301,1.1301,578,0
JCSE.US,5,20250915,162000,1.13,1.13,1.13,1.13,1100,0
JCSE.US,5,20250915,163000,1.1253,1.1253,1.1253,1.1253,100,0
JCSE.US,5,20250915,164500,1.11,1.12,1.11,1.12,1200,0
JCSE.US,5,20250915,165000,1.1261,1.1261,1.11,1.11,267,0
JCSE.US,5,20250915,171000,1.1101,1.1101,1.1101,1.1101,1000,0
JCSE.US,5,20250915,172000,1.1195,1.1195,1.1195,1.1195,1250,0
JCSE.US,5,20250915,182000,1.1,1.1,1.1,1.1,673,0
JCSE.US,5,20250915,191000,1.1299,1.1299,1.1299,1.1299,100,0
JCSE.US,5,20250915,192500,1.12,1.12,1.12,1.12,100,0
JCSE.US,5,20250915,201500,1.1199,1.1199,1.1199,1.1199,1250,0
JCSE.US,5,20250915,205000,1.1297,1.1297,1.1297,1.1297,1125,0
JCSE.US,5,20250916,153000,1.12,1.1303,1.12,1.1303,822,0
JCSE.US,5,20250916,155000,1.13,1.1301,1.1105,1.1105,1300,0
JCSE.US,5,20250916,162500,1.1372,1.1372,1.1372,1.1372,1000,0
JCSE.US,5,20250916,163000,1.1517,1.1517,1.1517,1.1517,100,0
JCSE.US,5,20250916,164000,1.11,1.11,1.1,1.1,860,0
JCSE.US,5,20250916,175000,1.1,1.1,1.1,1.1,183,0
JCSE.US,5,20250916,181000,1.11,1.11,1.11,1.11,100,0
JCSE.US,5,20250916,185000,1.1,1.1244,1.1,1.1244,1200,0
JCSE.US,5,20250916,195000,1.1,1.12,1.1,1.12,300,0
JCSE.US,5,20250916,195500,1.115,1.115,1.115,1.115,190,0
JCSE.US,5,20250916,201500,1.11,1.11,1.11,1.11,251,0
JCSE.US,5,20250916,205000,1.1,1.1,1.1,1.1,200,0
JCSE.US,5,20250916,211500,1.115,1.14,1.1,1.1289,5340,0
JCSE.US,5,20250916,215000,1.1395,1.1395,1.1206,1.1206,2700,0
JCSE.US,5,20250916,215500,1.115,1.13,1.115,1.13,392,0
JCSE.US,5,20250917,160000,1.131,1.131,1.131,1.131,100,0
JCSE.US,5,20250917,160500,1.142,1.142,1.142,1.142,200,0
JCSE.US,5,20250917,162000,1.15,1.15,1.15,1.15,1300,0
JCSE.US,5,20250917,164000,1.15,1.1699,1.15,1.1699,3000,0
JCSE.US,5,20250917,164500,1.17,1.225,1.15,1.2001,13760,0
JCSE.US,5,20250917,165000,1.2,1.2795,1.2,1.25,11825,0
JCSE.US,5,20250917,165500,1.271,1.28,1.271,1.28,600,0
JCSE.US,5,20250917,170000,1.2492,1.26,1.235,1.26,1372,0
JCSE.US,5,20250917,170500,1.26,1.2667,1.2254,1.245,4184,0
JCSE.US,5,20250917,173000,1.24,1.24,1.24,1.24,871,0
JCSE.US,5,20250917,173500,1.2271,1.2515,1.2271,1.2319,3000,0
JCSE.US,5,20250917,174000,1.2398,1.2398,1.2398,1.2398,100,0
JCSE.US,5,20250917,174500,1.2301,1.2301,1.2301,1.2301,1199,0
JCSE.US,5,20250917,181000,1.2663,1.2663,1.2663,1.2663,500,0
JCSE.US,5,20250917,183500,1.2797,1.2797,1.2797,1.2797,100,0
JCSE.US,5,20250917,184500,1.2736,1.2736,1.2736,1.2736,450,0
JCSE.US,5,20250917,185000,1.25,1.25,1.25,1.25,178,0
JCSE.US,5,20250917,191000,1.2672,1.27,1.2602,1.2602,2250,0
JCSE.US,5,20250917,191500,1.26,1.26,1.26,1.26,400,0
JCSE.US,5,20250917,192000,1.25,1.25,1.25,1.25,1822,0
JCSE.US,5,20250917,195000,1.243,1.243,1.22,1.22,1980,0
JCSE.US,5,20250917,200500,1.2275,1.2275,1.2275,1.2275,100,0
JCSE.US,5,20250917,202000,1.2016,1.2016,1.2016,1.2016,870,0
JCSE.US,5,20250917,210500,1.2059,1.21,1.2,1.21,800,0
JCSE.US,5,20250917,211500,1.223,1.223,1.223,1.223,100,0
JCSE.US,5,20250917,212000,1.215,1.22,1.215,1.22,600,0
JCSE.US,5,20250917,214000,1.215,1.215,1.215,1.215,250,0
JCSE.US,5,20250918,153000,1.25,1.26,1.25,1.26,384,0
JCSE.US,5,20250918,155500,1.21,1.21,1.21,1.21,350,0
JCSE.US,5,20250918,161000,1.2,1.2,1.2,1.2,1000,0
JCSE.US,5,20250918,165500,1.21,1.25,1.21,1.25,5000,0
JCSE.US,5,20250918,170000,1.2,1.2,1.2,1.2,920,0
JCSE.US,5,20250918,171000,1.2,1.2,1.2,1.2,100,0
JCSE.US,5,20250918,203000,1.1929,1.1964,1.1929,1.1964,1065,0
JCSE.US,5,20250918,214000,1.1873,1.1873,1.1873,1.1873,325,0
JCSE.US,5,20250919,153000,1.13,1.29,1.13,1.29,1225,0
JCSE.US,5,20250919,153500,1.2443,1.2443,1.2443,1.2443,420,0
JCSE.US,5,20250919,161500,1.19,1.19,1.1595,1.1595,975,0
JCSE.US,5,20250919,175000,1.18,1.18,1.18,1.18,300,0
JCSE.US,5,20250919,192500,1.185,1.185,1.185,1.185,120,0
JCSE.US,5,20250919,202000,1.1736,1.1736,1.1736,1.1736,100,0
JCSE.US,5,20250919,203500,1.1721,1.1721,1.1721,1.1721,1000,0
JCSE.US,5,20250919,205000,1.17,1.17,1.17,1.17,200,0
JCSE.US,5,20250919,205500,1.185,1.185,1.185,1.185,120,0
JCSE.US,5,20250922,153000,1.17,1.17,1.17,1.17,154,0
JCSE.US,5,20250922,174500,1.1765,1.1765,1.1765,1.1765,958,0
JCSE.US,5,20250922,175000,1.19,1.2,1.19,1.2,400,0
JCSE.US,5,20250922,181000,1.191,1.191,1.19,1.19,1174,0
JCSE.US,5,20250922,185000,1.19,1.19,1.19,1.19,200,0
JCSE.US,5,20250922,195000,1.19,1.19,1.19,1.19,200,0
JCSE.US,5,20250922,202000,1.19,1.1938,1.19,1.1938,2348,0
JCSE.US,5,20250922,215500,1.19,1.2,1.19,1.2,200,0
JCSE.US,5,20250923,153500,1.19,1.19,1.19,1.19,7437,0
JCSE.US,5,20250923,155500,1.2,1.2,1.2,1.2,100,0
JCSE.US,5,20250923,160000,1.185,1.185,1.17,1.17,600,0
JCSE.US,5,20250923,161500,1.2051,1.2051,1.2051,1.2051,105,0
JCSE.US,5,20250923,162000,1.2,1.2,1.2,1.2,1000,0
JCSE.US,5,20250923,164000,1.2,1.2,1.2,1.2,500,0
JCSE.US,5,20250923,175000,1.24,1.24,1.24,1.24,100,0
JCSE.US,5,20250923,180000,1.195,1.195,1.195,1.195,4100,0
JCSE.US,5,20250923,190500,1.2,1.2,1.2,1.2,200,0
JCSE.US,5,20250923,201500,1.2,1.21,1.19,1.19,4515,0
JCSE.US,5,20250923,203000,1.2,1.2,1.2,1.2,100,0
JCSE.US,5,20250923,214000,1.2,1.2,1.2,1.2,300,0
JCSE.US,5,20250923,215500,1.21,1.21,1.21,1.21,790,0
JCSE.US,5,20250924,153000,1.21,1.21,1.21,1.21,420,0
JCSE.US,5,20250924,165500,1.2001,1.2111,1.2001,1.2111,750,0
JCSE.US,5,20250924,174000,1.2009,1.2009,1.2009,1.2009,150,0
JCSE.US,5,20250924,185500,1.2481,1.2481,1.2481,1.2481,100,0
JCSE.US,5,20250924,203500,1.1692,1.1692,1.1692,1.1692,200,0
JCSE.US,5,20250924,204000,1.2126,1.2126,1.2126,1.2126,444,0
JCSE.US,5,20250925,153000,1.17,1.19,1.16,1.19,1340,0
JCSE.US,5,20250925,163500,1.17,1.19,1.17,1.19,5160,0
JCSE.US,5,20250925,174500,1.185,1.185,1.185,1.185,220,0
JCSE.US,5,20250925,194000,1.19,1.19,1.19,1.19,100,0
JCSE.US,5,20250925,194500,1.2,1.2,1.2,1.2,100,0
JCSE.US,5,20250925,195000,1.19,1.19,1.19,1.19,123,0
JCSE.US,5,20250926,153000,1.1501,1.1501,1.1501,1.1501,100,0
JCSE.US,5,20250926,172000,1.1501,1.1501,1.1501,1.1501,1300,0
JCSE.US,5,20250926,180500,1.17,1.17,1.17,1.17,687,0
JCSE.US,5,20250929,155500,1.22,1.22,1.22,1.22,100,0
JCSE.US,5,20250929,160000,1.1666,1.1666,1.1666,1.1666,137,0
JCSE.US,5,20250929,162000,1.17,1.17,1.17,1.17,100,0
JCSE.US,5,20250929,164500,1.195,1.195,1.195,1.195,176,0
JCSE.US,5,20250929,170500,1.1793,1.1793,1.1793,1.1793,140,0
JCSE.US,5,20250929,172500,1.17,1.17,1.17,1.17,100,0
JCSE.US,5,20250929,182000,1.17,1.17,1.17,1.17,100,0
JCSE.US,5,20250929,212000,1.1701,1.1701,1.1701,1.1701,1000,0
JCSE.US,5,20250930,154000,1.15,1.15,1.15,1.15,184,0
JCSE.US,5,20250930,155500,1.19,1.19,1.19,1.19,100,0
JCSE.US,5,20250930,173000,1.15,1.15,1.15,1.15,846,0
JCSE.US,5,20250930,175500,1.2,1.2,1.2,1.2,100,0
JCSE.US,5,20250930,181000,1.15,1.15,1.15,1.15,493,0
JCSE.US,5,20250930,183500,1.2,1.2,1.2,1.2,100,0
JCSE.US,5,20250930,191000,1.15,1.15,1.15,1.15,200,0
JCSE.US,5,20250930,204000,1.175,1.175,1.175,1.175,600,0
JCSE.US,5,20250930,210000,1.2,1.2,1.2,1.2,100,0
JCSE.US,5,20250930,212000,1.15,1.15,1.15,1.15,294,0
JCSE.US,5,20250930,214500,1.2,1.2,1.2,1.2,100,0
JCSE.US,5,20251001,155500,1.15,1.19,1.15,1.19,1500,0
JCSE.US,5,20251001,160500,1.2,1.2,1.1999,1.1999,3800,0
JCSE.US,5,20251001,161000,1.2,1.2,1.2,1.2,100,0
JCSE.US,5,20251001,162000,1.22,1.22,1.22,1.22,100,0
JCSE.US,5,20251001,164000,1.2059,1.22,1.2059,1.22,200,0
JCSE.US,5,20251001,174500,1.22,1.22,1.22,1.22,100,0
JCSE.US,5,20251001,183500,1.22,1.22,1.22,1.22,100,0
JCSE.US,5,20251002,153000,1.22,1.22,1.22,1.22,1494,0
JCSE.US,5,20251002,154000,1.2188,1.22,1.215,1.22,7407,0
JCSE.US,5,20251002,155000,1.23,1.23,1.23,1.23,2000,0
JCSE.US,5,20251002,155500,1.24,1.24,1.24,1.24,200,0
JCSE.US,5,20251002,160000,1.25,1.25,1.25,1.25,100,0
JCSE.US,5,20251002,173500,1.2482,1.2482,1.2482,1.2482,100,0
JCSE.US,5,20251002,180000,1.2487,1.2491,1.2487,1.2491,2750,0
JCSE.US,5,20251002,181000,1.245,1.2476,1.24,1.2476,1158,0
JCSE.US,5,20251002,181500,1.26,1.26,1.26,1.26,100,0
JCSE.US,5,20251002,182500,1.266,1.266,1.266,1.266,100,0
JCSE.US,5,20251002,184000,1.29,1.29,1.29,1.29,100,0
JCSE.US,5,20251002,185500,1.29,1.29,1.29,1.29,1000,0
JCSE.US,5,20251002,190000,1.2856,1.2856,1.2856,1.2856,100,0
JCSE.US,5,20251002,190500,1.29,1.3387,1.29,1.3387,1250,0
JCSE.US,5,20251002,191000,1.3,1.3,1.3,1.3,500,0
JCSE.US,5,20251002,191500,1.2995,1.34,1.295,1.3266,1119,0
JCSE.US,5,20251002,192500,1.33,1.33,1.2506,1.2506,1500,0
JCSE.US,5,20251002,193000,1.34,1.34,1.33,1.34,325,0
JCSE.US,5,20251002,193500,1.33,1.33,1.33,1.33,600,0
JCSE.US,5,20251002,194000,1.34,1.34,1.33,1.33,600,0
JCSE.US,5,20251002,194500,1.34,1.34,1.322,1.33,3234,0
JCSE.US,5,20251002,195000,1.33,1.34,1.32,1.34,3431,0
JCSE.US,5,20251002,195500,1.33,1.33,1.33,1.33,100,0
JCSE.US,5,20251002,201000,1.31,1.34,1.31,1.34,926,0
JCSE.US,5,20251002,201500,1.35,1.35,1.29,1.3281,22905,0
JCSE.US,5,20251002,202000,1.35,1.5254,1.3499,1.43,21236,0
JCSE.US,5,20251002,202500,1.4231,1.43,1.381,1.42,8118,0
JCSE.US,5,20251002,203000,1.4222,1.45,1.4222,1.44,2600,0
JCSE.US,5,20251002,203500,1.43,1.48,1.39,1.3901,2982,0
JCSE.US,5,20251002,204500,1.381,1.3868,1.38,1.385,8174,0
JCSE.US,5,20251002,205500,1.37,1.37,1.35,1.35,2199,0
JCSE.US,5,20251002,210000,1.345,1.3701,1.32,1.3201,3320,0
JCSE.US,5,20251003,153000,1.4,1.43,1.39,1.39,9012,0
JCSE.US,5,20251003,153500,1.39,1.45,1.39,1.45,8690,0
JCSE.US,5,20251003,154000,1.45,1.51,1.434,1.465,15715,0
JCSE.US,5,20251003,154500,1.465,1.465,1.43,1.43,10200,0
JCSE.US,5,20251003,155000,1.46,1.47,1.42,1.47,5514,0
JCSE.US,5,20251003,155500,1.47,1.47,1.45,1.455,6280,0
JCSE.US,5,20251003,161000,1.46,1.4791,1.41,1.41,7893,0
JCSE.US,5,20251003,163000,1.45,1.45,1.41,1.41,1100,0
JCSE.US,5,20251003,164000,1.435,1.435,1.4,1.4282,6002,0
JCSE.US,5,20251003,165500,1.42,1.42,1.42,1.42,100,0
JCSE.US,5,20251003,171500,1.42,1.42,1.42,1.42,100,0
JCSE.US,5,20251003,173500,1.4226,1.4226,1.4226,1.4226,500,0
JCSE.US,5,20251003,174000,1.4332,1.4332,1.4332,1.4332,1410,0
JCSE.US,5,20251003,175000,1.45,1.45,1.45,1.45,199,0
JCSE.US,5,20251003,180000,1.4301,1.4301,1.4301,1.4301,100,0
JCSE.US,5,20251003,181500,1.43,1.43,1.43,1.43,100,0
JCSE.US,5,20251003,183500,1.44,1.445,1.44,1.445,1300,0
JCSE.US,5,20251003,184000,1.445,1.445,1.445,1.445,1000,0
JCSE.US,5,20251003,185000,1.445,1.445,1.445,1.445,200,0
JCSE.US,5,20251003,191500,1.44,1.44,1.44,1.44,2799,0
JCSE.US,5,20251003,192000,1.44,1.44,1.44,1.44,100,0
JCSE.US,5,20251003,195000,1.45,1.45,1.45,1.45,200,0
JCSE.US,5,20251003,203500,1.44,1.45,1.44,1.445,6894,0
JCSE.US,5,20251003,204000,1.4402,1.4402,1.44,1.44,1555,0
JCSE.US,5,20251003,205000,1.435,1.45,1.435,1.45,414,0
JCSE.US,5,20251003,213500,1.42,1.42,1.42,1.42,100,0
JCSE.US,5,20251003,215000,1.44,1.44,1.42,1.42,1132,0
JCSE.US,5,20251003,215500,1.45,1.46,1.45,1.46,200,0
JCSE.US,5,20251006,153000,1.48,1.48,1.47,1.47,427,0
JCSE.US,5,20251006,153500,1.4375,1.445,1.4375,1.445,600,0
JCSE.US,5,20251006,155000,1.47,1.51,1.47,1.5,4500,0
JCSE.US,5,20251006,160000,1.5,1.5,1.5,1.5,100,0
JCSE.US,5,20251006,160500,1.5,1.5099,1.5,1.5099,1100,0
JCSE.US,5,20251006,161000,1.51,1.51,1.51,1.51,269,0
JCSE.US,5,20251006,161500,1.5202,1.5202,1.5202,1.5202,3700,0
JCSE.US,5,20251006,162000,1.52,1.5299,1.52,1.5299,500,0
JCSE.US,5,20251006,163000,1.5248,1.5248,1.52,1.52,1850,0
JCSE.US,5,20251006,164000,1.5259,1.5259,1.5259,1.5259,300,0
JCSE.US,5,20251006,171500,1.51,1.51,1.5,1.5,1017,0
JCSE.US,5,20251006,172000,1.505,1.51,1.505,1.51,700,0
JCSE.US,5,20251006,172500,1.51,1.5124,1.51,1.5124,1086,0
JCSE.US,5,20251006,173000,1.51,1.5101,1.5,1.5001,12298,0
JCSE.US,5,20251006,175500,1.5001,1.5001,1.5001,1.5001,133,0
JCSE.US,5,20251006,180000,1.5,1.53,1.5,1.53,2700,0
JCSE.US,5,20251006,181000,1.515,1.5799,1.515,1.57,2600,0
JCSE.US,5,20251006,183000,1.5561,1.5561,1.5561,1.5561,1880,0
JCSE.US,5,20251006,190500,1.5349,1.5349,1.5349,1.5349,5000,0
JCSE.US,5,20251006,191000,1.52,1.52,1.52,1.52,100,0
JCSE.US,5,20251006,200500,1.5408,1.5408,1.5408,1.5408,195,0
JCSE.US,5,20251006,201000,1.5161,1.5161,1.5161,1.5161,3718,0
JCSE.US,5,20251006,202000,1.5403,1.5403,1.5403,1.5403,100,0
JCSE.US,5,20251006,203500,1.5001,1.5001,1.5,1.5,510,0
JCSE.US,5,20251006,204500,1.5,1.5,1.5,1.5,300,0
JCSE.US,5,20251006,210500,1.5,1.5011,1.5,1.5001,5914,0
JCSE.US,5,20251006,211000,1.5,1.5,1.5,1.5,100,0
JCSE.US,5,20251006,215000,1.525,1.525,1.525,1.525,155,0
JCSE.US,5,20251007,153000,1.52,1.52,1.51,1.51,558,0
JCSE.US,5,20251007,153500,1.5,1.5153,1.5,1.5153,298,0
JCSE.US,5,20251007,155000,1.4731,1.4731,1.4731,1.4731,300,0
JCSE.US,5,20251007,162500,1.46,1.4601,1.46,1.4601,468,0
JCSE.US,5,20251007,163000,1.455,1.455,1.455,1.455,543,0
JCSE.US,5,20251007,174000,1.45,1.45,1.45,1.45,149,0
JCSE.US,5,20251007,174500,1.4435,1.45,1.44,1.45,400,0
JCSE.US,5,20251007,175500,1.4441,1.4441,1.4441,1.4441,100,0
JCSE.US,5,20251007,200000,1.485,1.485,1.485,1.485,1859,0
JCSE.US,5,20251007,201500,1.45,1.48,1.45,1.45,2300,0
JCSE.US,5,20251007,202000,1.45,1.45,1.45,1.45,334,0
JCSE.US,5,20251007,202500,1.52,1.52,1.52,1.52,100,0
JCSE.US,5,20251007,210000,1.46,1.46,1.45,1.4595,2634,0
JCSE.US,5,20251007,212500,1.47,1.47,1.45,1.45,4632,0
JCSE.US,5,20251007,214500,1.49,1.49,1.49,1.49,100,0
JCSE.US,5,20251007,215500,1.45,1.4501,1.43,1.43,1785,0
JCSE.US,5,20251008,180000,1.42,1.42,1.42,1.42,299,0
JCSE.US,5,20251008,191000,1.417,1.417,1.417,1.417,198,0
JCSE.US,5,20251008,205000,1.45,1.45,1.45,1.45,2979,0
JCSE.US,5,20251008,212000,1.45,1.45,1.45,1.45,100,0
JCSE.US,5,20251008,213000,1.46,1.46,1.46,1.46,594,0
JCSE.US,5,20251008,215500,1.445,1.445,1.445,1.445,300,0
JCSE.US,5,20251009,154000,1.5442,1.5442,1.5442,1.5442,100,0
JCSE.US,5,20251009,155000,1.4263,1.4263,1.4263,1.4263,125,0
JCSE.US,5,20251009,163500,1.43,1.43,1.41,1.41,1477,0
JCSE.US,5,20251009,165000,1.41,1.41,1.41,1.41,129,0
JCSE.US,5,20251009,170000,1.4,1.4,1.4,1.4,976,0
JCSE.US,5,20251009,171500,1.3914,1.3914,1.3914,1.3914,1860,0
JCSE.US,5,20251009,172000,1.39,1.39,1.38,1.38,477,0
JCSE.US,5,20251009,173000,1.38,1.4112,1.32,1.4112,2491,0
JCSE.US,5,20251009,181000,1.4,1.4,1.32,1.34,7494,0
JCSE.US,5,20251009,181500,1.35,1.35,1.35,1.35,200,0
JCSE.US,5,20251009,182000,1.3601,1.3601,1.3601,1.3601,1063,0
JCSE.US,5,20251009,184000,1.36,1.36,1.32,1.33,2500,0
JCSE.US,5,20251009,185000,1.3201,1.33,1.32,1.33,3380,0
JCSE.US,5,20251009,185500,1.32,1.33,1.31,1.31,2100,0
JCSE.US,5,20251009,190000,1.3871,1.3871,1.3871,1.3871,100,0
JCSE.US,5,20251009,203500,1.355,1.376,1.355,1.3667,5000,0
JCSE.US,5,20251009,204000,1.3535,1.3535,1.3535,1.3535,1250,0
JCSE.US,5,20251009,214500,1.33,1.33,1.33,1.33,468,0
JCSE.US,5,20251009,215000,1.3643,1.3643,1.3643,1.3643,222,0
JCSE.US,5,20251009,215500,1.33,1.3301,1.32,1.32,2172,0
JCSE.US,5,20251010,153500,1.34,1.35,1.34,1.3427,2896,0
JCSE.US,5,20251010,155000,1.35,1.35,1.35,1.35,300,0
JCSE.US,5,20251010,160500,1.36,1.36,1.36,1.36,100,0
JCSE.US,5,20251010,161000,1.38,1.38,1.38,1.38,100,0
JCSE.US,5,20251010,161500,1.37,1.37,1.37,1.37,100,0
JCSE.US,5,20251010,162000,1.37,1.37,1.37,1.37,100,0
JCSE.US,5,20251010,164000,1.3771,1.3771,1.3771,1.3771,100,0
JCSE.US,5,20251010,165000,1.36,1.36,1.36,1.36,100,0
JCSE.US,5,20251010,175000,1.36,1.36,1.36,1.36,200,0
JCSE.US,5,20251010,183000,1.3601,1.3601,1.3601,1.3601,1490,0
JCSE.US,5,20251010,185000,1.36,1.36,1.36,1.36,200,0
JCSE.US,5,20251010,191000,1.3761,1.3761,1.3761,1.3761,200,0
JCSE.US,5,20251010,193000,1.36,1.36,1.36,1.36,100,0
JCSE.US,5,20251010,203500,1.3608,1.3608,1.3608,1.3608,200,0
JCSE.US,5,20251010,205500,1.36,1.36,1.36,1.36,100,0
JCSE.US,5,20251010,215500,1.36,1.36,1.36,1.36,135,0
JCSE.US,5,20251013,153000,1.37,1.37,1.37,1.37,145,0
JCSE.US,5,20251013,153500,1.34,1.34,1.34,1.34,100,0
JCSE.US,5,20251013,154500,1.347,1.37,1.34,1.37,1501,0
JCSE.US,5,20251013,155500,1.37,1.37,1.37,1.37,172,0
JCSE.US,5,20251013,175000,1.35,1.35,1.3316,1.3316,690,0
JCSE.US,5,20251013,180000,1.341,1.341,1.341,1.341,910,0
JCSE.US,5,20251013,180500,1.35,1.36,1.345,1.36,1862,0
JCSE.US,5,20251013,181000,1.36,1.36,1.36,1.36,1100,0
JCSE.US,5,20251013,184000,1.3698,1.3698,1.35,1.35,4462,0
JCSE.US,5,20251013,185000,1.35,1.36,1.35,1.355,800,0
JCSE.US,5,20251013,195000,1.35,1.35,1.35,1.35,711,0
JCSE.US,5,20251013,200000,1.355,1.355,1.355,1.355,100,0
JCSE.US,5,20251013,205000,1.35,1.35,1.35,1.35,330,0
JCSE.US,5,20251013,211500,1.355,1.355,1.355,1.355,100,0
JCSE.US,5,20251013,215000,1.35,1.35,1.35,1.35,200,0
JCSE.US,5,20251013,215500,1.35,1.35,1.35,1.35,300,0
JCSE.US,5,20251014,162500,1.325,1.325,1.325,1.325,100,0
JCSE.US,5,20251014,163500,1.325,1.325,1.325,1.325,100,0
JCSE.US,5,20251014,165000,1.33,1.3499,1.33,1.33,7950,0
JCSE.US,5,20251014,171500,1.33,1.33,1.33,1.33,100,0
JCSE.US,5,20251014,173000,1.32,1.32,1.32,1.32,400,0
JCSE.US,5,20251014,173500,1.31,1.31,1.31,1.31,100,0
JCSE.US,5,20251014,175000,1.3,1.3,1.3,1.3,2699,0
JCSE.US,5,20251014,180000,1.305,1.305,1.305,1.305,200,0
JCSE.US,5,20251014,180500,1.305,1.305,1.305,1.305,100,0
JCSE.US,5,20251014,185000,1.3,1.3,1.3,1.3,200,0
JCSE.US,5,20251014,190000,1.305,1.305,1.305,1.305,100,0
JCSE.US,5,20251014,192500,1.305,1.305,1.305,1.305,200,0
JCSE.US,5,20251014,193000,1.305,1.305,1.305,1.305,100,0
JCSE.US,5,20251014,193500,1.305,1.305,1.305,1.305,200,0
JCSE.US,5,20251014,194000,1.305,1.305,1.305,1.305,100,0
JCSE.US,5,20251014,194500,1.3087,1.3087,1.305,1.305,200,0
JCSE.US,5,20251014,195000,1.3,1.3,1.3,1.3,200,0
JCSE.US,5,20251014,200500,1.305,1.305,1.305,1.305,100,0
JCSE.US,5,20251014,202500,1.305,1.305,1.305,1.305,100,0
JCSE.US,5,20251014,203000,1.305,1.305,1.305,1.305,100,0
JCSE.US,5,20251014,205500,1.305,1.305,1.305,1.305,100,0
JCSE.US,5,20251014,210500,1.305,1.305,1.305,1.305,100,0
JCSE.US,5,20251014,215000,1.3,1.3,1.3,1.3,571,0
JCSE.US,5,20251014,215500,1.3,1.31,1.3,1.31,423,0
JCSE.US,5,20251015,154500,1.33,1.33,1.3263,1.3263,1998,0
JCSE.US,5,20251015,161000,1.3299,1.36,1.3299,1.36,3676,0
JCSE.US,5,20251015,163500,1.35,1.35,1.35,1.35,100,0
JCSE.US,5,20251015,164500,1.35,1.35,1.35,1.35,100,0
JCSE.US,5,20251015,172500,1.335,1.335,1.335,1.335,200,0
JCSE.US,5,20251015,173000,1.35,1.36,1.34,1.34,975,0
JCSE.US,5,20251015,203000,1.36,1.36,1.34,1.34,200,0
JCSE.US,5,20251015,204000,1.34,1.34,1.34,1.34,2000,0
JCSE.US,5,20251015,210000,1.36,1.36,1.34,1.34,400,0
JCSE.US,5,20251015,215500,1.35,1.35,1.34,1.34,405,0
JCSE.US,5,20251016,153000,1.32,1.32,1.32,1.32,141,0
JCSE.US,5,20251016,155500,1.35,1.35,1.35,1.35,100,0
JCSE.US,5,20251016,163000,1.33,1.33,1.33,1.33,100,0
JCSE.US,5,20251016,171500,1.329,1.33,1.329,1.33,699,0
JCSE.US,5,20251016,183000,1.34,1.34,1.34,1.34,140,0
JCSE.US,5,20251017,153000,1.34,1.34,1.34,1.34,102,0
JCSE.US,5,20251017,165500,1.3105,1.3105,1.3105,1.3105,200,0
JCSE.US,5,20251017,173000,1.335,1.335,1.3,1.3,3976,0
JCSE.US,5,20251017,183500,1.3206,1.3206,1.3206,1.3206,100,0
JCSE.US,5,20251017,190000,1.335,1.335,1.335,1.335,100,0
JCSE.US,5,20251017,193500,1.3213,1.3213,1.3213,1.3213,1147,0
JCSE.US,5,20251017,194500,1.335,1.335,1.335,1.335,100,0
JCSE.US,5,20251017,195000,1.33,1.3409,1.3,1.32,3500,0
JCSE.US,5,20251017,210500,1.323,1.323,1.323,1.323,330,0
JCSE.US,5,20251017,212500,1.31,1.325,1.31,1.325,300,0
JCSE.US,5,20251020,153500,1.31,1.31,1.31,1.31,106,0
JCSE.US,5,20251020,172000,1.335,1.36,1.31,1.31,767,0
JCSE.US,5,20251020,191000,1.3205,1.3205,1.3205,1.3205,100,0
JCSE.US,5,20251020,211500,1.3102,1.36,1.31,1.3548,24209,0
JCSE.US,5,20251020,215500,1.36,1.36,1.34,1.36,600,0
JCSE.US,5,20251021,153000,1.41,1.41,1.41,1.41,300,0
JCSE.US,5,20251021,154500,1.41,1.41,1.41,1.41,2000,0
JCSE.US,5,20251021,155500,1.41,1.41,1.41,1.41,100,0
JCSE.US,5,20251021,164500,1.38,1.38,1.37,1.38,350,0
JCSE.US,5,20251021,174000,1.3604,1.3604,1.3604,1.3604,200,0
JCSE.US,5,20251021,174500,1.36,1.36,1.3127,1.3275,2155,0
JCSE.US,5,20251021,215500,1.34,1.4,1.33,1.4,300,0
JCSE.US,5,20251023,160500,1.345,1.345,1.345,1.345,2000,0
JCSE.US,5,20251023,165000,1.325,1.325,1.325,1.325,100,0
JCSE.US,5,20251023,201000,1.325,1.325,1.325,1.325,100,0
JCSE.US,5,20251023,215500,1.325,1.325,1.325,1.325,100,0
JCSE.US,5,20251024,185000,1.3394,1.3394,1.3394,1.3394,765,0
JCSE.US,5,20251027,150000,1.32,1.345,1.31,1.32,2100,0
JCSE.US,5,20251027,164000,1.3101,1.3101,1.3101,1.3101,1700,0
JCSE.US,5,20251027,165000,1.3101,1.33,1.23,1.24,11405,0
JCSE.US,5,20251027,171000,1.29,1.29,1.29,1.29,1000,0
JCSE.US,5,20251027,190500,1.29,1.29,1.29,1.29,100,0
JCSE.US,5,20251027,203500,1.26,1.26,1.26,1.26,100,0
JCSE.US,5,20251027,205000,1.26,1.26,1.26,1.26,857,0
JCSE.US,5,20251027,205500,1.26,1.26,1.26,1.26,110,0
JCSE.US,5,20251028,143000,1.28,1.28,1.28,1.28,160,0
JCSE.US,5,20251028,145500,1.28,1.28,1.28,1.28,100,0
JCSE.US,5,20251028,204500,1.33,1.33,1.25,1.25,2155,0
JCSE.US,5,20251028,205500,1.22,1.22,1.22,1.22,206,0
JCSE.US,5,20251029,143000,1.22,1.24,1.22,1.24,508,0
JCSE.US,5,20251029,145000,1.23,1.23,1.22,1.22,300,0
JCSE.US,5,20251029,153500,1.2202,1.2202,1.2202,1.2202,5545,0
JCSE.US,5,20251029,154000,1.25,1.26,1.25,1.26,245,0
JCSE.US,5,20251029,164500,1.28,1.28,1.28,1.28,118,0
JCSE.US,5,20251029,165500,1.2301,1.2301,1.2301,1.2301,433,0
JCSE.US,5,20251029,185000,1.26,1.26,1.26,1.26,100,0
JCSE.US,5,20251029,195500,1.28,1.28,1.28,1.28,500,0
JCSE.US,5,20251030,163500,1.272,1.28,1.27,1.27,400,0
JCSE.US,5,20251030,190500,1.3,1.3,1.3,1.3,130,0
JCSE.US,5,20251030,191500,1.26,1.26,1.26,1.26,268,0
JCSE.US,5,20251030,201500,1.36,1.36,1.36,1.36,1700,0
JCSE.US,5,20251030,205500,1.34,1.34,1.33,1.33,200,0
JCSE.US,5,20251031,152000,1.32,1.32,1.32,1.32,2406,0
JCSE.US,5,20251031,153000,1.34,1.34,1.3201,1.3201,1000,0
JCSE.US,5,20251031,154500,1.32,1.32,1.32,1.32,100,0
JCSE.US,5,20251031,160000,1.335,1.335,1.335,1.335,100,0
JCSE.US,5,20251031,162000,1.3203,1.3203,1.3101,1.3101,344,0
JCSE.US,5,20251031,170500,1.31,1.31,1.3,1.3,300,0
JCSE.US,5,20251103,153000,1.22,1.22,1.22,1.22,101,0
JCSE.US,5,20251103,161000,1.2506,1.2506,1.2506,1.2506,116,0
JCSE.US,5,20251103,164000,1.25,1.25,1.25,1.25,161,0
JCSE.US,5,20251103,172000,1.2317,1.2317,1.23,1.23,1750,0
JCSE.US,5,20251103,203500,1.23,1.23,1.23,1.23,740,0
JCSE.US,5,20251103,204000,1.25,1.25,1.25,1.25,100,0
JCSE.US,5,20251103,205000,1.23,1.23,1.23,1.23,101,0
JCSE.US,5,20251103,211500,1.23,1.23,1.23,1.23,100,0
JCSE.US,5,20251103,213000,1.23,1.24,1.23,1.24,11935,0
JCSE.US,5,20251104,153000,1.22,1.22,1.22,1.22,267,0
JCSE.US,5,20251104,215000,1.21,1.21,1.21,1.21,221,0
JCSE.US,5,20251105,153000,1.21,1.21,1.21,1.21,246,0
JCSE.US,5,20251105,154500,1.2,1.2,1.2,1.2,100,0
JCSE.US,5,20251106,153000,1.2,1.2,1.2,1.2,5192,0
JCSE.US,5,20251106,155500,1.2,1.2,1.2,1.2,200,0
JCSE.US,5,20251106,160500,1.19,1.2,1.19,1.2,4524,0
JCSE.US,5,20251106,170000,1.1898,1.1899,1.1898,1.1899,1000,0
JCSE.US,5,20251107,162500,1.2,1.2,1.17,1.17,8100,0
JCSE.US,5,20251107,171500,1.1401,1.1401,1.1401,1.1401,152,0
JCSE.US,5,20251110,153000,1.14,1.14,1.14,1.14,476,0
JCSE.US,5,20251110,153500,1.1562,1.1562,1.1562,1.1562,133,0
JCSE.US,5,20251110,165500,1.1571,1.1571,1.1571,1.1571,199,0
JCSE.US,5,20251110,200500,1.175,1.175,1.175,1.175,100,0
JCSE.US,5,20251110,201500,1.14,1.14,1.14,1.14,264,0
JCSE.US,5,20251111,153000,1.09,1.09,1.09,1.09,129,0
JCSE.US,5,20251111,155000,1.2006,1.2006,1.2006,1.2006,300,0
JCSE.US,5,20251112,175000,1.1489,1.1489,1.1489,1.1489,150,0
JCSE.US,5,20251112,183500,1.165,1.165,1.165,1.165,899,0
JCSE.US,5,20251113,153000,1.16,1.16,1.16,1.16,124,0
JCSE.US,5,20251113,211500,1.21,1.21,1.21,1.21,100,0
JCSE.US,5,20251114,195000,1.31,1.31,1.31,1.31,100,0
JCSE.US,5,20251114,200000,1.24,1.24,1.24,1.24,100,0
JCSE.US,5,20251119,172000,1.2,1.2,1.2,1.2,102,0
JCSE.US,5,20251119,194500,1.2039,1.2039,1.2039,1.2039,1000,0
JCSE.US,5,20251119,202000,1.209,1.23,1.209,1.23,200,0
JCSE.US,5,20251120,202500,1.2,1.2001,1.2,1.2001,1109,0
JCSE.US,5,20251120,205000,1.2,1.2,1.2,1.2,139,0
JCSE.US,5,20251120,212500,1.2,1.2,1.2,1.2,100,0
JCSE.US,5,20251121,153000,1.2009,1.2009,1.2009,1.2009,155,0
JCSE.US,5,20251121,164000,1.205,1.205,1.205,1.205,100,0
JCSE.US,5,20251121,182000,1.2027,1.205,1.15,1.15,36463,0
JCSE.US,5,20251121,183500,1.15,1.15,1.15,1.15,100,0
JCSE.US,5,20251121,190000,1.15,1.15,1.15,1.15,200,0
JCSE.US,5,20251121,193500,1.13,1.17,1.13,1.166,700,0
JCSE.US,5,20251121,194500,1.13,1.13,1.13,1.13,100,0
JCSE.US,5,20251121,201000,1.12,1.12,1.12,1.12,100,0
JCSE.US,5,20251121,202500,1.12,1.12,1.12,1.12,100,0
JCSE.US,5,20251121,204000,1.17,1.17,1.17,1.17,100,0
JCSE.US,5,20251121,205000,1.12,1.12,1.12,1.12,200,0
JCSE.US,5,20251121,210500,1.12,1.12,1.12,1.12,100,0
JCSE.US,5,20251121,211500,1.12,1.12,1.12,1.12,100,0
JCSE.US,5,20251121,212500,1.12,1.12,1.12,1.12,100,0
JCSE.US,5,20251121,213500,1.12,1.12,1.12,1.12,100,0
JCSE.US,5,20251124,153000,1.12,1.12,1.12,1.12,156,0
JCSE.US,5,20251124,215500,1.12,1.12,1.12,1.12,181,0
JCSE.US,5,20251125,160500,1.12,1.12,1.12,1.12,100,0
JCSE.US,5,20251125,183000,1.1518,1.1518,1.1518,1.1518,100,0
JCSE.US,5,20251126,201000,1.1201,1.1201,1.1201,1.1201,310,0
JCSE.US,5,20251201,154000,1.2185,1.2185,1.2185,1.2185,300,0
JCSE.US,5,20251201,160000,1.21,1.21,1.21,1.21,100,0
JCSE.US,5,20251201,162000,1.19,1.19,1.19,1.19,100,0
JCSE.US,5,20251201,181500,1.2238,1.23,1.2238,1.2238,1100,0
JCSE.US,5,20251201,190000,1.23,1.23,1.23,1.23,100,0
JCSE.US,5,20251201,211000,1.22,1.22,1.22,1.22,100,0
JCSE.US,5,20251201,213500,1.2,1.2,1.2,1.2,1000,0
JCSE.US,5,20251203,153000,1.21,1.21,1.21,1.21,197,0
JCSE.US,5,20251203,160000,1.202,1.202,1.195,1.195,1304,0
JCSE.US,5,20251203,204000,1.18,1.18,1.18,1.18,100,0
JCSE.US,5,20251204,153000,1.18,1.18,1.18,1.18,136,0
JCSE.US,5,20251205,172500,1.1873,1.1999,1.1873,1.1999,290,0
JCSE.US,5,20251205,213000,1.2,1.2,1.2,1.2,210,0
JCSE.US,5,20251208,155000,1.175,1.175,1.175,1.175,350,0
JCSE.US,5,20251208,163500,1.165,1.165,1.165,1.165,466,0
JCSE.US,5,20251208,172000,1.1515,1.1515,1.1515,1.1515,250,0
JCSE.US,5,20251208,172500,1.1545,1.1545,1.1545,1.1545,100,0
JCSE.US,5,20251208,180000,1.15,1.15,1.15,1.15,100,0
JCSE.US,5,20251208,185500,1.18,1.18,1.18,1.18,1000,0
JCSE.US,5,20251208,190000,1.18,1.18,1.165,1.165,1100,0
JCSE.US,5,20251208,190500,1.1785,1.18,1.1785,1.1796,500,0
JCSE.US,5,20251208,191000,1.175,1.1799,1.14,1.14,2841,0
JCSE.US,5,20251208,193500,1.13,1.13,1.12,1.12,1000,0
JCSE.US,5,20251208,194000,1.13,1.13,1.13,1.13,100,0
JCSE.US,5,20251208,202000,1.12,1.12,1.12,1.12,100,0
JCSE.US,5,20251208,210000,1.13,1.13,1.13,1.13,100,0
JCSE.US,5,20251209,153000,1.12,1.12,1.12,1.12,156,0
JCSE.US,5,20251209,174500,1.15,1.15,1.15,1.15,167,0
JCSE.US,5,20251209,192000,1.135,1.135,1.135,1.135,300,0
JCSE.US,5,20251209,192500,1.12,1.12,1.12,1.12,345,0
JCSE.US,5,20251210,154000,1.161,1.161,1.161,1.161,500,0
JCSE.US,5,20251210,164000,1.15,1.155,1.15,1.1514,847,0
JCSE.US,5,20251210,180500,1.1589,1.1589,1.1589,1.1589,100,0
JCSE.US,5,20251211,164500,1.15,1.15,1.15,1.15,1453,0
JCSE.US,5,20251211,192500,1.11,1.11,1.11,1.11,267,0
JCSE.US,5,20251212,153000,1.1001,1.1001,1.1,1.1,449,0
JCSE.US,5,20251212,193500,1.1204,1.1204,1.1204,1.1204,2330,0
JCSE.US,5,20251212,214000,1.13,1.13,1.13,1.13,104,0
JCSE.US,5,20251215,153000,1.19,1.19,1.19,1.19,121,0
JCSE.US,5,20251216,171000,1.1,1.1,1.1,1.1,2258,0
JCSE.US,5,20251216,174000,1.11,1.11,1.11,1.11,500,0
JCSE.US,5,20251216,174500,1.11,1.11,1.11,1.11,500,0
JCSE.US,5,20251216,175500,1.11,1.15,1.11,1.15,4723,0
JCSE.US,5,20251216,180000,1.16,1.17,1.16,1.17,400,0
JCSE.US,5,20251216,181000,1.155,1.17,1.155,1.17,526,0
JCSE.US,5,20251216,184000,1.18,1.19,1.18,1.19,1500,0
JCSE.US,5,20251216,184500,1.19,1.2,1.19,1.2,1912,0
JCSE.US,5,20251216,185500,1.21,1.21,1.21,1.21,300,0
JCSE.US,5,20251216,190500,1.23,1.23,1.23,1.23,900,0
JCSE.US,5,20251216,191000,1.225,1.225,1.21,1.2101,750,0
JCSE.US,5,20251216,191500,1.1799,1.1799,1.1799,1.1799,100,0
JCSE.US,5,20251216,192500,1.18,1.18,1.18,1.18,300,0
JCSE.US,5,20251216,193500,1.185,1.185,1.185,1.185,100,0
JCSE.US,5,20251216,194500,1.25,1.25,1.2,1.2,4326,0
JCSE.US,5,20251216,195000,1.21,1.21,1.2,1.2,888,0
JCSE.US,5,20251216,195500,1.21,1.21,1.2,1.2,300,0
JCSE.US,5,20251216,200000,1.23,1.23,1.23,1.23,200,0
JCSE.US,5,20251216,201000,1.21,1.21,1.21,1.21,200,0
JCSE.US,5,20251216,212500,1.22,1.245,1.21,1.21,1129,0
JCSE.US,5,20251216,215000,1.19,1.19,1.177,1.1847,300,0
JCSE.US,5,20251217,171000,1.11,1.1101,1.1,1.1,6088,0
JCSE.US,5,20251217,175000,1.095,1.095,1.095,1.095,4999,0
JCSE.US,5,20251217,184500,1.1045,1.1045,1.1045,1.1045,1000,0
JCSE.US,5,20251217,194000,1.09,1.09,1.09,1.09,420,0
JCSE.US,5,20251219,153000,1.08,1.08,1.08,1.08,184,0
JCSE.US,5,20251219,153500,1.14,1.14,1.14,1.14,500,0
JCSE.US,5,20251219,161000,1.14,1.1401,1.14,1.14,2423,0
JCSE.US,5,20251219,164000,1.1,1.1,1.1,1.1,1500,0
JCSE.US,5,20251219,165000,1.1,1.1,1.09,1.09,1654,0
JCSE.US,5,20251219,180500,1.1199,1.1199,1.08,1.08,1378,0
JCSE.US,5,20251219,183500,1.0948,1.0948,1.0948,1.0948,400,0
JCSE.US,5,20251219,190000,1.08,1.08,1.08,1.08,100,0
JCSE.US,5,20251219,204000,1.08,1.08,1.08,1.08,312,0
JCSE.US,5,20251219,215500,1.0913,1.0913,1.0913,1.0913,100,0
JCSE.US,5,20251222,185000,1.1,1.11,1.1,1.11,1000,0
JCSE.US,5,20251223,163500,1.11,1.11,1.11,1.11,223,0
JCSE.US,5,20251223,185500,1.1,1.11,1.09,1.11,3500,0
JCSE.US,5,20251223,190000,1.11,1.11,1.11,1.11,1000,0
JCSE.US,5,20251223,191000,1.0901,1.0902,1.0901,1.0901,3700,0
JCSE.US,5,20251223,194000,1.1,1.1,1.1,1.1,100,0
JCSE.US,5,20251223,215500,1.1,1.1,1.1,1.1,124,0
JCSE.US,5,20251224,153000,1.1,1.1,1.1,1.1,401,0
JCSE.US,5,20251224,154500,1.0972,1.0972,1.09,1.092,2532,0
JCSE.US,5,20251224,155500,1.0975,1.0975,1.0975,1.0975,921,0
JCSE.US,5,20251224,162000,1.0961,1.0961,1.0961,1.0961,373,0
JCSE.US,5,20251226,153000,1.09,1.09,1.09,1.09,418,0
JCSE.US,5,20251226,154000,1.09,1.09,1.09,1.09,100,0
JCSE.US,5,20251226,160000,1.0994,1.0994,1.0994,1.0994,200,0
JCSE.US,5,20251226,162000,1.09,1.0989,1.09,1.0989,200,0
JCSE.US,5,20251226,163500,1.09,1.09,1.09,1.09,134,0
JCSE.US,5,20251229,155000,1.08,1.1,1.08,1.1,788,0
JCSE.US,5,20251229,160500,1.08,1.08,1.08,1.08,100,0
JCSE.US,5,20251229,161000,1.08,1.08,1.08,1.08,275,0
JCSE.US,5,20251229,163500,1.08,1.08,1.08,1.08,5415,0
JCSE.US,5,20251229,171500,1.08,1.08,1.08,1.08,124,0
JCSE.US,5,20251229,172500,1.08,1.08,1.08,1.08,100,0
JCSE.US,5,20251229,174000,1.09,1.0999,1.09,1.0999,215,0
JCSE.US,5,20251229,183500,1.09,1.09,1.09,1.09,100,0
JCSE.US,5,20251229,212000,1.08,1.08,1.08,1.08,277,0
JCSE.US,5,20251230,155500,1.08,1.08,1.08,1.08,100,0
JCSE.US,5,20251230,164000,1.085,1.085,1.08,1.08,3219,0
JCSE.US,5,20251230,170000,1.0548,1.0548,1.0548,1.0548,330,0
JCSE.US,5,20251230,175500,1.0706,1.0706,1.0706,1.0706,400,0
JCSE.US,5,20251230,202000,1.05,1.05,1.05,1.05,111,0
JCSE.US,5,20251230,202500,1.05,1.053,1.05,1.053,600,0
JCSE.US,5,20251230,203000,1.05,1.05,1.05,1.05,1200,0
JCSE.US,5,20251230,214000,1.0799,1.0799,1.0799,1.0799,500,0
JCSE.US,5,20251230,214500,1.065,1.065,1.065,1.065,500,0
JCSE.US,5,20251231,153000,1.02,1.02,1.02,1.02,460,0
JCSE.US,5,20251231,155000,1.09,1.09,1.09,1.09,100,0
JCSE.US,5,20251231,155500,1.09,1.09,1.08,1.08,600,0
JCSE.US,5,20251231,162000,1.0601,1.0601,1.0601,1.0601,100,0
JCSE.US,5,20251231,164500,1.057,1.06,1.057,1.06,864,0
JCSE.US,5,20251231,174000,1.06,1.06,1.05,1.05,600,0
JCSE.US,5,20251231,180500,1.05,1.05,1.05,1.05,100,0
JCSE.US,5,20251231,181500,1.05,1.05,1.05,1.05,196,0
JCSE.US,5,20251231,190000,1.05,1.05,1.05,1.05,198,0
JCSE.US,5,20251231,192500,1.0527,1.0527,1.0527,1.0527,300,0
JCSE.US,5,20251231,200500,1.05,1.05,1.05,1.05,298,0
JCSE.US,5,20260102,153000,1.05,1.05,1.05,1.05,137,0
JCSE.US,5,20260102,155500,1.05,1.05,1.05,1.05,100,0
JCSE.US,5,20260102,182500,1.071,1.071,1.071,1.071,200,0
JCSE.US,5,20260102,185000,1.07,1.07,1.07,1.07,196,0
JCSE.US,5,20260102,192500,1.07,1.07,1.07,1.07,260,0
JCSE.US,5,20260105,153000,1.26,1.26,1.2,1.2,195707,0
JCSE.US,5,20260105,153500,1.2015,1.26,1.16,1.255,288420,0
JCSE.US,5,20260105,154000,1.2584,1.29,1.2405,1.26,108177,0
JCSE.US,5,20260105,154500,1.2665,1.28,1.2313,1.2411,65789,0
JCSE.US,5,20260105,155000,1.2401,1.2401,1.16,1.2001,102775,0
JCSE.US,5,20260105,155500,1.21,1.28,1.2,1.2494,58976,0
JCSE.US,5,20260105,160000,1.25,1.27,1.24,1.2525,38016,0
JCSE.US,5,20260105,160500,1.25,1.26,1.2,1.2386,30615,0
JCSE.US,5,20260105,161000,1.239,1.29,1.239,1.2875,63789,0
JCSE.US,5,20260105,161500,1.28,1.32,1.27,1.275,123045,0
JCSE.US,5,20260105,162000,1.275,1.31,1.275,1.31,42518,0
JCSE.US,5,20260105,162500,1.305,1.31,1.26,1.29,38385,0
JCSE.US,5,20260105,163000,1.29,1.3305,1.2838,1.33,52988,0
JCSE.US,5,20260105,163500,1.3319,1.34,1.28,1.29,49445,0
JCSE.US,5,20260105,164000,1.305,1.305,1.28,1.3,22278,0
JCSE.US,5,20260105,164500,1.3,1.34,1.3,1.325,30407,0
JCSE.US,5,20260105,165000,1.3286,1.35,1.295,1.32,72283,0
JCSE.US,5,20260105,165500,1.32,1.32,1.26,1.31,55201,0
JCSE.US,5,20260105,170000,1.32,1.33,1.31,1.31,8776,0
JCSE.US,5,20260105,170500,1.315,1.34,1.315,1.34,40197,0
JCSE.US,5,20260105,171000,1.34,1.34,1.315,1.33,8661,0
JCSE.US,5,20260105,171500,1.33,1.34,1.3201,1.34,9113,0
JCSE.US,5,20260105,172000,1.34,1.3898,1.33,1.3898,87630,0
JCSE.US,5,20260105,172500,1.3802,1.45,1.38,1.44,278816,0
JCSE.US,5,20260105,173000,1.435,1.59,1.43,1.4999,805944,0
JCSE.US,5,20260105,173500,1.4988,1.57,1.46,1.5598,924463,0
JCSE.US,5,20260105,174000,1.56,1.78,1.54,1.745,1782816,0
JCSE.US,5,20260105,174500,1.7499,1.78,1.64,1.7599,1450346,0
JCSE.US,5,20260105,175000,1.7506,1.82,1.7,1.72,1602131,0
JCSE.US,5,20260105,175500,1.72,1.79,1.64,1.7601,1392165,0
JCSE.US,5,20260105,180000,1.77,1.83,1.68,1.7101,1368928,0
JCSE.US,5,20260105,180500,1.71,1.85,1.7,1.7686,1558421,0
JCSE.US,5,20260105,181000,1.7612,1.83,1.74,1.8075,1057799,0
JCSE.US,5,20260105,181500,1.8087,1.8199,1.7,1.73,871097,0
JCSE.US,5,20260105,182000,1.7301,1.7365,1.55,1.5701,1450888,0
JCSE.US,5,20260105,182500,1.575,1.625,1.55,1.56,501089,0
JCSE.US,5,20260105,183000,1.56,1.57,1.51,1.5668,414109,0
JCSE.US,5,20260105,183500,1.56,1.5687,1.49,1.525,392151,0
JCSE.US,5,20260105,184000,1.5202,1.548,1.49,1.5466,162430,0
JCSE.US,5,20260105,184500,1.5488,1.58,1.535,1.5499,181647,0
JCSE.US,5,20260105,185000,1.5502,1.56,1.52,1.5375,94119,0
JCSE.US,5,20260105,185500,1.5316,1.5318,1.47,1.49,197544,0
JCSE.US,5,20260105,190000,1.4803,1.53,1.47,1.51,156842,0
JCSE.US,5,20260105,190500,1.505,1.5203,1.41,1.46,164602,0
JCSE.US,5,20260105,191000,1.47,1.47,1.43,1.44,104723,0
JCSE.US,5,20260105,191500,1.4385,1.4599,1.43,1.4588,38320,0
JCSE.US,5,20260105,192000,1.4584,1.4584,1.38,1.3915,184373,0
JCSE.US,5,20260105,192500,1.3918,1.41,1.37,1.3916,100551,0
JCSE.US,5,20260105,193000,1.4,1.5,1.4,1.5,299218,0
JCSE.US,5,20260105,193500,1.49,1.5,1.44,1.4601,78521,0
JCSE.US,5,20260105,194000,1.46,1.4794,1.45,1.475,39115,0
JCSE.US,5,20260105,194500,1.47,1.4701,1.45,1.46,36641,0
JCSE.US,5,20260105,195000,1.4611,1.55,1.45,1.52,153934,0
JCSE.US,5,20260105,195500,1.5206,1.65,1.51,1.64,350744,0
JCSE.US,5,20260105,200000,1.6406,1.685,1.6,1.65,558436,0
JCSE.US,5,20260105,200500,1.6511,1.79,1.62,1.7614,758641,0
JCSE.US,5,20260105,201000,1.76,1.79,1.7,1.7184,488560,0
JCSE.US,5,20260105,201500,1.7114,1.72,1.65,1.67,313004,0
JCSE.US,5,20260105,202000,1.6788,1.86,1.67,1.78,1043641,0
JCSE.US,5,20260105,202500,1.78,1.83,1.72,1.77,590359,0
JCSE.US,5,20260105,203000,1.77,1.83,1.72,1.75,431287,0
JCSE.US,5,20260105,203500,1.74,1.79,1.7,1.74,297549,0
JCSE.US,5,20260105,204000,1.73,1.88,1.72,1.84,624477,0
JCSE.US,5,20260105,204500,1.83,1.93,1.82,1.85,1133383,0
JCSE.US,5,20260105,205000,1.84,1.855,1.73,1.81,438328,0
JCSE.US,5,20260105,205500,1.81,1.8699,1.77,1.82,215858,0
JCSE.US,5,20260105,210000,1.82,1.8299,1.58,1.6382,808279,0
JCSE.US,5,20260105,210500,1.64,1.68,1.61,1.65,293363,0
JCSE.US,5,20260105,211000,1.6506,1.6799,1.62,1.6682,140595,0
JCSE.US,5,20260105,211500,1.661,1.74,1.63,1.7,231494,0
JCSE.US,5,20260105,212000,1.7,1.73,1.67,1.722,152271,0
JCSE.US,5,20260105,212500,1.72,1.74,1.66,1.67,120774,0
JCSE.US,5,20260105,213000,1.6601,1.75,1.59,1.7186,437086,0
JCSE.US,5,20260105,213500,1.7183,1.74,1.66,1.685,136340,0
JCSE.US,5,20260105,214000,1.6803,1.75,1.67,1.7399,121894,0
JCSE.US,5,20260105,214500,1.732,1.75,1.7,1.7193,197343,0
JCSE.US,5,20260105,215000,1.72,1.81,1.7,1.7101,303338,0
JCSE.US,5,20260105,215500,1.72,1.94,1.71,1.93,384933,0
JCSE.US,5,20260106,153000,1.84,1.84,1.63,1.7,153980,0
JCSE.US,5,20260106,153500,1.7375,1.85,1.6,1.82,36920,0
JCSE.US,5,20260106,154000,1.7701,1.81,1.69,1.77,14760,0
JCSE.US,5,20260106,154500,1.76,1.79,1.76,1.7699,13478,0
JCSE.US,5,20260106,155000,1.79,1.83,1.79,1.83,7478,0
JCSE.US,5,20260106,155500,1.83,1.835,1.7694,1.8099,7203,0
JCSE.US,5,20260106,160000,1.8098,1.84,1.782,1.84,5539,0
JCSE.US,5,20260106,160500,1.832,1.88,1.832,1.88,44937,0
JCSE.US,5,20260106,161000,1.86,1.9199,1.82,1.85,54276,0
JCSE.US,5,20260106,161500,1.8494,1.897,1.8302,1.8302,7724,0
JCSE.US,5,20260106,162000,1.8301,1.85,1.81,1.85,6710,0
JCSE.US,5,20260106,162500,1.8101,1.84,1.8001,1.81,5462,0
JCSE.US,5,20260106,163000,1.85,1.86,1.85,1.86,4175,0
JCSE.US,5,20260106,163500,1.8602,1.8602,1.85,1.85,7096,0
JCSE.US,5,20260106,164000,1.88,1.88,1.855,1.855,2000,0
JCSE.US,5,20260106,164500,1.89,1.92,1.864,1.9,9860,0
JCSE.US,5,20260106,165000,1.87,1.89,1.87,1.8701,7758,0
JCSE.US,5,20260106,165500,1.87,1.87,1.76,1.8174,23233,0
JCSE.US,5,20260106,170000,1.8193,1.8828,1.81,1.8801,8782,0
JCSE.US,5,20260106,170500,1.89,1.93,1.885,1.89,19325,0
JCSE.US,5,20260106,171000,1.93,1.94,1.915,1.915,9572,0
JCSE.US,5,20260106,171500,1.9001,1.9202,1.9001,1.91,3716,0
JCSE.US,5,20260106,172000,1.9382,1.95,1.93,1.93,6949,0
JCSE.US,5,20260106,172500,1.95,1.97,1.95,1.96,9221,0
JCSE.US,5,20260106,173000,1.94,1.97,1.9212,1.9499,4273,0
JCSE.US,5,20260106,173500,1.95,1.96,1.92,1.92,7944,0
JCSE.US,5,20260106,174000,1.91,1.9598,1.91,1.93,7293,0
JCSE.US,5,20260106,174500,1.95,1.98,1.93,1.97,11712,0
JCSE.US,5,20260106,175000,1.9699,1.99,1.94,1.98,36928,0
JCSE.US,5,20260106,175500,1.95,1.98,1.95,1.9699,3420,0
JCSE.US,5,20260106,180000,1.97,2,1.95,1.985,43509,0
JCSE.US,5,20260106,180500,1.9891,1.9891,1.9501,1.9501,5438,0
JCSE.US,5,20260106,181000,1.96,1.9699,1.9507,1.96,1473,0
JCSE.US,5,20260106,181500,1.9694,1.9694,1.94,1.9692,1996,0
JCSE.US,5,20260106,182000,1.9915,2,1.9915,1.9936,3289,0
JCSE.US,5,20260106,182500,1.9956,2,1.9701,1.99,10320,0
JCSE.US,5,20260106,183000,2,2.09,2,2.05,59223,0
JCSE.US,5,20260106,183500,2.0857,2.0857,2.06,2.0799,28461,0
JCSE.US,5,20260106,184000,2.08,2.08,2.01,2.03,7472,0
JCSE.US,5,20260106,184500,2.05,2.15,2.05,2.1365,20115,0
JCSE.US,5,20260106,185000,2.12,2.16,2.12,2.16,12077,0
JCSE.US,5,20260106,185500,2.15,2.2,2.15,2.16,24846,0
JCSE.US,5,20260106,190000,2.1692,2.17,2.15,2.17,6955,0
JCSE.US,5,20260106,190500,2.165,2.225,2.1609,2.21,14287,0
JCSE.US,5,20260106,191000,2.2,2.21,2.11,2.13,18542,0
JCSE.US,5,20260106,191500,2.1118,2.16,2.1118,2.141,7316,0
JCSE.US,5,20260106,192000,2.122,2.14,2.1207,2.135,3503,0
JCSE.US,5,20260106,192500,2.13,2.135,2.12,2.1248,3812,0
JCSE.US,5,20260106,193000,2.14,2.22,2.14,2.22,5147,0
JCSE.US,5,20260106,193500,2.24,2.25,2.1738,2.2,14358,0
JCSE.US,5,20260106,194000,2.2,2.2,2.15,2.1583,7631,0
JCSE.US,5,20260106,194500,2.158,2.23,2.158,2.22,13921,0
JCSE.US,5,20260106,195000,2.22,2.22,2.2,2.2,4736,0
JCSE.US,5,20260106,195500,2.2072,2.23,2.2072,2.23,3140,0
JCSE.US,5,20260106,200000,2.21,2.21,2.1999,2.1999,2051,0
JCSE.US,5,20260106,200500,2.19,2.23,2.1801,2.215,17695,0
JCSE.US,5,20260106,201000,2.215,2.2192,2.18,2.18,4860,0
JCSE.US,5,20260106,201500,2.19,2.22,2.19,2.22,1544,0
JCSE.US,5,20260106,202000,2.24,2.25,2.18,2.25,10090,0
JCSE.US,5,20260106,202500,2.24,2.26,2.24,2.25,6437,0
JCSE.US,5,20260106,203000,2.25,2.26,2.22,2.2273,9236,0
JCSE.US,5,20260106,203500,2.23,2.2465,2.23,2.235,7085,0
JCSE.US,5,20260106,204000,2.2216,2.26,2.2216,2.23,6402,0
JCSE.US,5,20260106,204500,2.26,2.285,2.2511,2.28,20401,0
JCSE.US,5,20260106,205000,2.2782,2.29,2.26,2.29,9656,0
JCSE.US,5,20260106,205500,2.2936,2.345,2.28,2.3048,22476,0
JCSE.US,5,20260106,210000,2.33,2.33,2.28,2.3008,23206,0
JCSE.US,5,20260106,210500,2.3,2.31,2.25,2.263,11277,0
JCSE.US,5,20260106,211000,2.25,2.2762,2.25,2.25,6444,0
JCSE.US,5,20260106,211500,2.26,2.27,2.24,2.24,4673,0
JCSE.US,5,20260106,212000,2.24,2.3,2.24,2.3,28142,0
JCSE.US,5,20260106,212500,2.2801,2.31,2.2801,2.31,4054,0
JCSE.US,5,20260106,213000,2.32,2.32,2.29,2.31,6342,0
JCSE.US,5,20260106,213500,2.31,2.37,2.31,2.35,18374,0
JCSE.US,5,20260106,214000,2.3501,2.3501,2.28,2.3185,22102,0
JCSE.US,5,20260106,214500,2.3258,2.3333,2.32,2.32,755,0
JCSE.US,5,20260106,215000,2.32,2.32,2.27,2.28,17972,0
JCSE.US,5,20260106,215500,2.2962,2.33,2.2962,2.3,12657,0
JCSE.US,5,20260107,153000,2.35,2.3762,2.29,2.3762,25049,0
JCSE.US,5,20260107,153500,2.38,2.44,2.37,2.43,14178,0
JCSE.US,5,20260107,154000,2.4081,2.43,2.4081,2.42,4088,0
JCSE.US,5,20260107,154500,2.43,2.45,2.41,2.43,18760,0
JCSE.US,5,20260107,155000,2.43,2.4436,2.43,2.43,4843,0
JCSE.US,5,20260107,155500,2.41,2.41,2.28,2.36,25057,0
JCSE.US,5,20260107,160000,2.3252,2.36,2.32,2.3525,4167,0
JCSE.US,5,20260107,160500,2.35,2.35,2.2527,2.2527,8257,0
JCSE.US,5,20260107,161000,2.255,2.3,2.2435,2.2643,13383,0
JCSE.US,5,20260107,161500,2.25,2.25,2.24,2.25,8040,0
JCSE.US,5,20260107,162000,2.25,2.25,2.25,2.25,200,0
JCSE.US,5,20260107,162500,2.25,2.25,2.12,2.1291,17579,0
JCSE.US,5,20260107,163000,2.1289,2.2732,2.1289,2.27,3708,0
JCSE.US,5,20260107,163500,2.21,2.22,2.21,2.22,2115,0
JCSE.US,5,20260107,164000,2.19,2.26,2.19,2.26,540,0
JCSE.US,5,20260107,164500,2.26,2.29,2.21,2.21,4590,0
JCSE.US,5,20260107,165000,2.25,2.25,2.22,2.22,229,0
JCSE.US,5,20260107,170000,2.21,2.22,2.2,2.22,410,0
JCSE.US,5,20260107,170500,2.3,2.3,2.2199,2.2543,5943,0
JCSE.US,5,20260107,171000,2.32,2.36,2.3,2.36,2101,0
JCSE.US,5,20260107,171500,2.3,2.36,2.264,2.31,2253,0
JCSE.US,5,20260107,172000,2.301,2.36,2.301,2.36,1529,0
JCSE.US,5,20260107,172500,2.3585,2.3585,2.3585,2.3585,500,0
JCSE.US,5,20260107,173000,2.345,2.37,2.34,2.37,6470,0
JCSE.US,5,20260107,173500,2.37,2.37,2.3201,2.37,2300,0
JCSE.US,5,20260107,174000,2.38,2.38,2.38,2.38,500,0
JCSE.US,5,20260107,174500,2.3804,2.4341,2.3802,2.4341,2487,0
JCSE.US,5,20260107,175000,2.3944,2.42,2.3944,2.4127,1410,0
JCSE.US,5,20260107,175500,2.4293,2.4293,2.4,2.4176,2312,0
JCSE.US,5,20260107,180000,2.4,2.42,2.38,2.38,14085,0
JCSE.US,5,20260107,180500,2.3801,2.3801,2.3801,2.3801,1405,0
JCSE.US,5,20260107,181000,2.42,2.42,2.42,2.42,494,0
JCSE.US,5,20260107,182000,2.4,2.4,2.38,2.38,6295,0
JCSE.US,5,20260107,182500,2.3592,2.3592,2.3592,2.3592,300,0
JCSE.US,5,20260107,183000,2.36,2.36,2.3,2.3,8600,0
JCSE.US,5,20260107,183500,2.3,2.3011,2.3,2.3001,400,0
JCSE.US,5,20260107,184000,2.3,2.31,2.3,2.31,1100,0
JCSE.US,5,20260107,184500,2.3193,2.3385,2.3193,2.3385,456,0
JCSE.US,5,20260107,185000,2.32,2.37,2.32,2.37,1200,0
JCSE.US,5,20260107,185500,2.39,2.39,2.3424,2.3777,6963,0
JCSE.US,5,20260107,190500,2.39,2.4184,2.39,2.41,1200,0
JCSE.US,5,20260107,191000,2.41,2.42,2.4,2.4,2300,0
JCSE.US,5,20260107,191500,2.37,2.372,2.37,2.372,570,0
JCSE.US,5,20260107,192000,2.36,2.36,2.3501,2.3501,344,0
JCSE.US,5,20260107,192500,2.35,2.35,2.35,2.35,897,0
JCSE.US,5,20260107,193000,2.3501,2.3501,2.3501,2.3501,100,0
JCSE.US,5,20260107,193500,2.351,2.38,2.35,2.37,2128,0
JCSE.US,5,20260107,194000,2.35,2.35,2.33,2.338,2200,0
JCSE.US,5,20260107,195500,2.325,2.325,2.3,2.3,629,0
JCSE.US,5,20260107,200000,2.3017,2.3017,2.3017,2.3017,650,0
JCSE.US,5,20260107,200500,2.3,2.31,2.2801,2.2801,24756,0
JCSE.US,5,20260107,201000,2.2947,2.34,2.2947,2.34,5600,0
JCSE.US,5,20260107,201500,2.2801,2.2801,2.2801,2.2801,100,0
JCSE.US,5,20260107,202000,2.284,2.3,2.284,2.3,819,0
JCSE.US,5,20260107,203000,2.28,2.28,2.2,2.2,7131,0
JCSE.US,5,20260107,203500,2.21,2.21,2.21,2.21,2450,0
JCSE.US,5,20260107,204000,2.21,2.29,2.2,2.24,1324,0
JCSE.US,5,20260107,204500,2.24,2.35,2.2,2.31,6520,0
JCSE.US,5,20260107,205500,2.29,2.35,2.29,2.34,2998,0
JCSE.US,5,20260107,210000,2.2901,2.2901,2.2901,2.2901,100,0
JCSE.US,5,20260107,210500,2.29,2.29,2.25,2.26,1758,0
JCSE.US,5,20260107,211000,2.2877,2.2877,2.26,2.26,437,0
JCSE.US,5,20260107,211500,2.27,2.27,2.2601,2.2601,6347,0
JCSE.US,5,20260107,212000,2.26,2.3,2.26,2.26,1309,0
JCSE.US,5,20260107,212500,2.2804,2.2804,2.26,2.27,1031,0
JCSE.US,5,20260107,213000,2.27,2.27,2.26,2.26,300,0
JCSE.US,5,20260107,213500,2.26,2.27,2.26,2.27,400,0
JCSE.US,5,20260107,214000,2.34,2.34,2.25,2.27,1935,0
JCSE.US,5,20260107,214500,2.27,2.29,2.21,2.21,821,0
JCSE.US,5,20260107,215000,2.3,2.31,2.3,2.31,496,0
JCSE.US,5,20260107,215500,2.2836,2.3,2.22,2.3,5951,0
JCSE.US,5,20260108,153000,2.42,2.49,2.42,2.4843,8365,0
JCSE.US,5,20260108,153500,2.41,2.43,2.4,2.43,2778,0
JCSE.US,5,20260108,154000,2.38,2.48,2.3756,2.45,13263,0
JCSE.US,5,20260108,154500,2.4,2.4308,2.35,2.3599,9966,0
JCSE.US,5,20260108,155000,2.3699,2.3699,2.36,2.3624,1517,0
JCSE.US,5,20260108,155500,2.375,2.375,2.35,2.36,6857,0
JCSE.US,5,20260108,160000,2.34,2.3672,2.22,2.2515,11637,0
JCSE.US,5,20260108,160500,2.25,2.29,2.23,2.2692,3057,0
JCSE.US,5,20260108,161000,2.28,2.294,2.2514,2.28,1674,0
JCSE.US,5,20260108,161500,2.28,2.295,2.28,2.295,1263,0
JCSE.US,5,20260108,162000,2.31,2.33,2.31,2.33,846,0
JCSE.US,5,20260108,162500,2.32,2.44,2.32,2.385,5302,0
JCSE.US,5,20260108,163000,2.4255,2.4255,2.385,2.42,2527,0
JCSE.US,5,20260108,163500,2.42,2.42,2.3603,2.3603,4390,0
JCSE.US,5,20260108,164000,2.39,2.44,2.39,2.41,1141,0
JCSE.US,5,20260108,164500,2.4273,2.4273,2.395,2.4,1003,0
JCSE.US,5,20260108,165000,2.41,2.42,2.41,2.42,713,0
JCSE.US,5,20260108,165500,2.43,2.44,2.3697,2.3697,6408,0
JCSE.US,5,20260108,170000,2.35,2.355,2.35,2.355,302,0
JCSE.US,5,20260108,170500,2.4237,2.4237,2.4237,2.4237,128,0
JCSE.US,5,20260108,171000,2.41,2.42,2.4,2.41,1943,0
JCSE.US,5,20260108,171500,2.399,2.4,2.399,2.4,2444,0
JCSE.US,5,20260108,172000,2.38,2.38,2.38,2.38,308,0
JCSE.US,5,20260108,172500,2.352,2.42,2.352,2.38,431,0
JCSE.US,5,20260108,173000,2.37,2.37,2.347,2.347,528,0
JCSE.US,5,20260108,173500,2.42,2.42,2.41,2.41,547,0
JCSE.US,5,20260108,174000,2.38,2.38,2.37,2.37,435,0
JCSE.US,5,20260108,174500,2.38,2.4,2.38,2.4,1323,0
JCSE.US,5,20260108,175000,2.35,2.4,2.35,2.4,605,0
JCSE.US,5,20260108,175500,2.385,2.4,2.385,2.4,2386,0
JCSE.US,5,20260108,180000,2.35,2.4,2.35,2.39,2257,0
JCSE.US,5,20260108,180500,2.42,2.42,2.42,2.42,259,0
JCSE.US,5,20260108,181000,2.42,2.42,2.35,2.35,1436,0
JCSE.US,5,20260108,181500,2.4,2.4,2.37,2.37,4600,0
JCSE.US,5,20260108,182000,2.41,2.41,2.39,2.4,420,0
JCSE.US,5,20260108,182500,2.38,2.38,2.38,2.38,700,0
JCSE.US,5,20260108,183000,2.3876,2.3876,2.3876,2.3876,410,0
JCSE.US,5,20260108,184000,2.405,2.405,2.4,2.4,200,0
JCSE.US,5,20260108,184500,2.37,2.42,2.35,2.3805,2953,0
JCSE.US,5,20260108,185000,2.41,2.43,2.41,2.43,2255,0
JCSE.US,5,20260108,185500,2.41,2.44,2.41,2.44,1254,0
JCSE.US,5,20260108,190000,2.4446,2.45,2.43,2.448,3198,0
JCSE.US,5,20260108,190500,2.45,2.45,2.39,2.39,20114,0
JCSE.US,5,20260108,191000,2.4,2.4,2.39,2.4,357,0
JCSE.US,5,20260108,191500,2.3922,2.4497,2.38,2.4497,850,0
JCSE.US,5,20260108,192000,2.386,2.386,2.386,2.386,700,0
JCSE.US,5,20260108,194500,2.4099,2.4099,2.37,2.37,276,0
JCSE.US,5,20260108,195500,2.385,2.385,2.385,2.385,100,0
JCSE.US,5,20260108,200500,2.38,2.41,2.38,2.41,700,0
JCSE.US,5,20260108,201000,2.4,2.4,2.4,2.4,230,0
JCSE.US,5,20260108,203000,2.39,2.39,2.39,2.39,141,0
JCSE.US,5,20260108,203500,2.37,2.37,2.37,2.37,100,0
JCSE.US,5,20260108,204500,2.3965,2.3965,2.3965,2.3965,500,0
JCSE.US,5,20260108,205000,2.4129,2.4129,2.39,2.39,2550,0
JCSE.US,5,20260108,210000,2.42,2.42,2.37,2.41,1593,0
JCSE.US,5,20260108,211500,2.41,2.43,2.39,2.43,1848,0
JCSE.US,5,20260108,212500,2.4017,2.4017,2.4017,2.4017,191,0
JCSE.US,5,20260108,213000,2.39,2.4,2.39,2.4,600,0
JCSE.US,5,20260108,213500,2.4,2.43,2.4,2.43,1703,0
JCSE.US,5,20260108,214500,2.43,2.43,2.4,2.4,6717,0
JCSE.US,5,20260108,215000,2.4,2.42,2.4,2.42,1551,0
JCSE.US,5,20260108,215500,2.41,2.48,2.3784,2.48,53253,0
