<TICKER>,<PER>,<DATE>,<TIME>,<OPEN>,<HIGH>,<LOW>,<CLOSE>,<VOL>,<OPENINT>
LINT.US,5,20251119,215500,26.12,26.39,26.115,26.23,3200,0
LINT.US,5,20251120,164000,28.17,28.17,28.17,28.17,400,0
LINT.US,5,20251120,173000,26.585,26.585,26.585,26.585,100,0
LINT.US,5,20251120,180500,25.32,25.32,25.32,25.32,100,0
LINT.US,5,20251124,162000,26.21,26.43,26.21,26.43,200,0
LINT.US,5,20251124,163500,26.64,26.64,26.64,26.64,100,0
LINT.US,5,20251124,164000,26.84,26.84,26.82,26.82,200,0
LINT.US,5,20251124,164500,26.7,26.7,26.7,26.7,100,0
LINT.US,5,20251124,165000,26.89,26.89,26.89,26.89,100,0
LINT.US,5,20251124,172000,27.1983,27.1983,27.1983,27.1983,1000,0
LINT.US,5,20251124,172500,27.22,27.22,27.22,27.22,100,0
LINT.US,5,20251124,174500,27.4,27.45,27.4,27.45,400,0
LINT.US,5,20251124,175500,27.34,27.34,27.34,27.34,200,0
LINT.US,5,20251124,191500,27.46,27.46,27.46,27.46,200,0
LINT.US,5,20251124,200500,27.27,27.28,27.27,27.28,300,0
LINT.US,5,20251124,202500,27.09,27.11,27.09,27.11,200,0
LINT.US,5,20251124,215000,26.96,26.96,26.96,26.96,100,0
LINT.US,5,20251125,153500,26.53,26.53,26.53,26.53,110,0
LINT.US,5,20251125,183000,27.2559,27.2559,27.2559,27.2559,187,0
LINT.US,5,20251125,203500,26.91,26.91,26.9,26.91,3000,0
LINT.US,5,20251125,204000,26.9,26.9,26.9,26.9,107,0
LINT.US,5,20251125,213500,27.13,27.13,27.13,27.13,100,0
LINT.US,5,20251126,161000,28.001,28.001,28.001,28.001,200,0
LINT.US,5,20251126,190500,28.67,28.67,28.67,28.67,100,0
LINT.US,5,20251126,194000,28.5315,28.5315,28.5315,28.5315,3001,0
LINT.US,5,20251128,153000,29.52,30.03,29.52,30.03,1045,0
LINT.US,5,20251128,154000,30.5,31.02,30.5,31.02,550,0
LINT.US,5,20251128,160500,31.7599,31.7599,31.7599,31.7599,100,0
LINT.US,5,20251128,161000,31.34,31.35,31.165,31.165,2300,0
LINT.US,5,20251128,161500,31.19,31.19,31.19,31.19,120,0
LINT.US,5,20251128,170000,32.789,32.789,32.789,32.789,225,0
LINT.US,5,20251128,171000,33.0101,33.0101,33.0101,33.0101,184,0
LINT.US,5,20251128,173500,33.02,33.02,33,33,495,0
LINT.US,5,20251128,175500,32.895,32.895,32.895,32.895,300,0
LINT.US,5,20251201,153000,33.07,33.55,33.07,33.55,200,0
LINT.US,5,20251201,153500,33,33,32.8807,32.8807,400,0
LINT.US,5,20251201,154500,32.83,32.83,32.83,32.83,100,0
LINT.US,5,20251201,160000,33.16,33.16,33.16,33.16,100,0
LINT.US,5,20251201,160500,32.9739,33.09,32.9739,33.09,1500,0
LINT.US,5,20251201,161500,33.0676,33.0676,33.0676,33.0676,591,0
LINT.US,5,20251201,163000,33.09,33.09,33.09,33.09,100,0
LINT.US,5,20251201,164000,33.3655,33.3655,33.3655,33.3655,260,0
LINT.US,5,20251201,164500,33.38,33.57,33.3562,33.56,1400,0
LINT.US,5,20251201,200000,33.8,33.8,33.8,33.8,200,0
LINT.US,5,20251201,212500,33.251,33.251,33.251,33.251,121,0
LINT.US,5,20251202,161000,36.635,36.7186,36.63,36.7186,700,0
LINT.US,5,20251202,161500,36.7,36.8254,36.7,36.8254,275,0
LINT.US,5,20251202,162000,36.97,37.6022,36.97,37.6022,671,0
LINT.US,5,20251202,162500,37.6135,37.6788,37.13,37.13,828,0
LINT.US,5,20251202,163000,37.27,37.46,37.27,37.46,500,0
LINT.US,5,20251202,163500,37.9624,38.1,37.85,38.1,509,0
LINT.US,5,20251202,164000,38.6,38.6,38.6,38.6,246,0
LINT.US,5,20251202,164500,38.46,38.8485,38.38,38.8485,757,0
LINT.US,5,20251202,165000,38.85,38.85,38.4097,38.4097,940,0
LINT.US,5,20251202,165500,38.655,38.655,38.644,38.644,200,0
LINT.US,5,20251202,170000,38.3,38.3,38.3,38.3,1053,0
LINT.US,5,20251202,171500,37.4714,37.4714,37.4714,37.4714,100,0
LINT.US,5,20251202,173000,37.475,37.54,37.38,37.38,967,0
LINT.US,5,20251202,174000,38.2,38.2,38.1,38.1,259,0
LINT.US,5,20251202,180000,38.2095,38.2549,38.2095,38.2549,250,0
LINT.US,5,20251202,180500,37.7778,37.7778,37.71,37.71,350,0
LINT.US,5,20251202,182000,38.3,38.3,38.249,38.249,748,0
LINT.US,5,20251202,183000,38.1435,38.1435,38.1435,38.1435,582,0
LINT.US,5,20251202,183500,38.12,38.2122,38.12,38.1299,5683,0
LINT.US,5,20251202,184000,37.9296,37.9296,37.9296,37.9296,500,0
LINT.US,5,20251202,185000,38.02,38.02,38.02,38.02,200,0
LINT.US,5,20251202,190500,38.0651,38.0651,38.0651,38.0651,410,0
LINT.US,5,20251202,192500,38.18,38.18,38.18,38.18,100,0
LINT.US,5,20251202,193500,38,38,38,38,161,0
LINT.US,5,20251202,194500,38.3,38.3,38.3,38.3,161,0
LINT.US,5,20251202,195000,38.7735,38.7735,38.7735,38.7735,800,0
LINT.US,5,20251202,195500,38.665,38.665,38.665,38.665,997,0
LINT.US,5,20251202,205500,38.8,38.8,38.8,38.8,100,0
LINT.US,5,20251202,210500,38.9796,38.9796,38.9796,38.9796,100,0
LINT.US,5,20251202,214000,39.43,39.43,39.43,39.43,500,0
LINT.US,5,20251202,214500,39.7,39.705,39.37,39.37,1921,0
LINT.US,5,20251202,215000,39.373,39.373,39.373,39.373,100,0
LINT.US,5,20251202,215500,39.09,39.09,39.09,39.09,100,0
LINT.US,5,20251203,153000,39.12,39.12,39.03,39.03,403,0
LINT.US,5,20251203,153500,38.84,38.84,38.63,38.63,200,0
LINT.US,5,20251203,154000,37.7425,38.2809,37.7425,38.2809,1977,0
LINT.US,5,20251203,154500,38.4,38.4,38,38.01,1100,0
LINT.US,5,20251203,155000,38.2927,38.2927,38.181,38.21,1500,0
LINT.US,5,20251203,155500,38.7149,38.8833,38.7149,38.8833,1320,0
LINT.US,5,20251203,160000,38.71,38.71,38.71,38.71,100,0
LINT.US,5,20251203,160500,39.3076,39.3076,39.09,39.0995,920,0
LINT.US,5,20251203,161500,39.4759,39.4759,39.4759,39.4759,780,0
LINT.US,5,20251203,162500,39.01,39.0404,39.01,39.0404,220,0
LINT.US,5,20251203,163500,39.27,39.27,39.27,39.27,333,0
LINT.US,5,20251203,164000,38.94,38.99,38.94,38.99,300,0
LINT.US,5,20251203,164500,38.93,39,38.93,39,300,0
LINT.US,5,20251203,165000,39.06,39.06,38.91,38.91,400,0
LINT.US,5,20251203,165500,38.84,38.88,38.82,38.83,500,0
LINT.US,5,20251203,170000,38.91,39.07,38.91,38.99,600,0
LINT.US,5,20251203,171500,38.8,38.8,38.8,38.8,100,0
LINT.US,5,20251203,175500,38.9123,38.9123,38.9123,38.9123,2567,0
LINT.US,5,20251203,180000,39.01,39.019,38.9917,39.019,5119,0
LINT.US,5,20251203,181000,38.83,38.89,38.82,38.82,4947,0
LINT.US,5,20251203,181500,39.14,39.14,38.9934,39.08,2739,0
LINT.US,5,20251203,185500,39.1,39.1,39.1,39.1,100,0
LINT.US,5,20251203,205000,39.18,39.18,39.18,39.18,128,0
LINT.US,5,20251204,153500,37.75,37.8,37.6,37.6,1278,0
LINT.US,5,20251204,154000,38.22,38.22,38.22,38.22,100,0
LINT.US,5,20251204,161500,37.08,37.2327,37.08,37.2327,1045,0
LINT.US,5,20251204,162000,37.399,37.4091,37.37,37.37,900,0
LINT.US,5,20251204,162500,36.8,37.08,36.8,37.08,1975,0
LINT.US,5,20251204,164000,36.935,36.935,36.9239,36.9239,300,0
LINT.US,5,20251204,164500,36.945,36.95,36.92,36.9245,750,0
LINT.US,5,20251204,170000,36.16,36.16,35.96,35.96,2575,0
LINT.US,5,20251204,170500,36.15,36.15,36.15,36.15,333,0
LINT.US,5,20251204,172500,36.23,36.23,36.23,36.23,100,0
LINT.US,5,20251204,181000,35.5,35.5,35.5,35.5,100,0
LINT.US,5,20251204,182000,35.2339,35.2339,35.2339,35.2339,200,0
LINT.US,5,20251204,182500,35.3,35.3,35.3,35.3,100,0
LINT.US,5,20251204,183000,35.3,35.3,35.3,35.3,100,0
LINT.US,5,20251204,192000,34.78,34.78,34.78,34.78,250,0
LINT.US,5,20251204,193500,34.77,34.77,34.77,34.77,100,0
LINT.US,5,20251204,194500,34.6,34.6,34.6,34.6,100,0
LINT.US,5,20251204,201500,34.295,34.3,34.295,34.3,250,0
LINT.US,5,20251204,202000,34.13,34.13,33.93,33.93,757,0
LINT.US,5,20251204,203000,33.92,34.1999,33.92,34.1999,300,0
LINT.US,5,20251204,204000,34.09,34.09,33.99,33.99,1300,0
LINT.US,5,20251204,204500,33.89,33.89,33.81,33.81,200,0
LINT.US,5,20251204,212000,33.7875,33.81,33.7875,33.81,1358,0
LINT.US,5,20251204,213000,33.48,33.5396,33.48,33.5396,300,0
LINT.US,5,20251204,213500,33.4317,33.4317,33.4317,33.4317,400,0
LINT.US,5,20251204,214000,33.1801,33.1801,33.1801,33.1801,100,0
LINT.US,5,20251204,214500,33.18,33.18,33.18,33.18,121,0
LINT.US,5,20251204,215500,33.507,33.5126,33.507,33.5126,1395,0
LINT.US,5,20251205,153500,35.5826,35.9,35.5826,35.9,265,0
LINT.US,5,20251205,154500,36.0017,36.0017,36.0017,36.0017,133,0
LINT.US,5,20251205,155500,36.2929,36.2929,36.2368,36.2368,241,0
LINT.US,5,20251205,160000,36.6394,36.6394,36.6394,36.6394,100,0
LINT.US,5,20251205,160500,37.3504,37.3504,37.22,37.22,370,0
LINT.US,5,20251205,161000,37.3799,37.3799,37.22,37.22,624,0
LINT.US,5,20251205,161500,37.14,37.14,37.14,37.14,104,0
LINT.US,5,20251205,162500,36.98,36.98,36.65,36.6648,474,0
LINT.US,5,20251205,165500,35.9786,35.9786,35.7701,35.7701,500,0
LINT.US,5,20251205,170000,36.154,36.154,36.154,36.154,120,0
LINT.US,5,20251205,172000,36.56,36.56,36.56,36.56,202,0
LINT.US,5,20251205,172500,36.642358,36.642358,36.642358,36.642358,100,0
LINT.US,5,20251205,173000,36.58,36.58,36.32,36.32,1000,0
LINT.US,5,20251205,175500,36.59,36.59,36.59,36.59,531,0
LINT.US,5,20251205,181500,36.4888,36.57,36.4888,36.57,818,0
LINT.US,5,20251205,192500,36.2765,36.2765,36.2765,36.2765,100,0
LINT.US,5,20251205,204000,35.6423,35.6423,35.6423,35.6423,177,0
LINT.US,5,20251205,204500,35.66,35.69,35.66,35.66,4544,0
LINT.US,5,20251205,205000,35.6902,35.74,35.69,35.73,15297,0
LINT.US,5,20251205,205500,36.01,36.01,35.98,35.98,2980,0
LINT.US,5,20251205,214500,35.34,35.575,35.3111,35.57,450,0
LINT.US,5,20251205,215000,35.47,35.51,35.305,35.51,700,0
LINT.US,5,20251205,215500,35.25,35.25,35.25,35.25,100,0
LINT.US,5,20251208,153000,36.09,36.1335,36.09,36.1335,200,0
LINT.US,5,20251208,153500,35.4653,35.4653,35.4653,35.4653,105,0
LINT.US,5,20251208,154000,35.3,35.3,35.23,35.23,300,0
LINT.US,5,20251208,155500,34.1982,34.27,34.1982,34.27,435,0
LINT.US,5,20251208,161500,33.985,33.985,33.985,33.985,100,0
LINT.US,5,20251208,171000,32.5076,32.5076,32.1001,32.22,11895,0
LINT.US,5,20251208,171500,32.31,32.31,32.31,32.31,100,0
LINT.US,5,20251208,172000,32.43,32.5,32.43,32.5,1015,0
LINT.US,5,20251208,172500,32.5,32.5,32.5,32.5,111,0
LINT.US,5,20251208,174000,32.467,32.467,32.467,32.467,183,0
LINT.US,5,20251208,175000,32.505,32.505,32.505,32.505,100,0
LINT.US,5,20251208,181500,32.949,32.949,32.949,32.949,138,0
LINT.US,5,20251208,185500,33.73,33.7472,33.7,33.7,1022,0
LINT.US,5,20251208,193000,32.61,32.61,32.61,32.61,100,0
LINT.US,5,20251208,204500,33.06,33.06,33.06,33.06,100,0
LINT.US,5,20251208,211000,32.9225,32.9225,32.9225,32.9225,305,0
LINT.US,5,20251208,213500,32.8173,32.8173,32.8173,32.8173,162,0
LINT.US,5,20251209,153000,34.14,34.29,34.14,34.29,700,0
LINT.US,5,20251209,154000,33.08,33.08,33.08,33.08,100,0
LINT.US,5,20251209,164000,33.21,33.21,33.21,33.21,375,0
LINT.US,5,20251209,165500,33.34,33.34,33.34,33.34,112,0
LINT.US,5,20251209,171000,33.4504,33.4504,33.4504,33.4504,138,0
LINT.US,5,20251209,172000,33.46,33.46,33.46,33.46,1464,0
LINT.US,5,20251209,185000,33.25,33.25,33.25,33.25,304,0
LINT.US,5,20251209,192000,33.26,33.26,33.26,33.26,100,0
LINT.US,5,20251209,213000,32.9537,32.9537,32.9537,32.9537,200,0
LINT.US,5,20251209,215000,33.64,33.75,33.62,33.75,555,0
LINT.US,5,20251209,215500,33.72,33.8,33.63,33.68,14968,0
LINT.US,5,20251210,153000,32.36,32.36,32.25,32.25,600,0
LINT.US,5,20251210,154000,31.87,31.87,31.87,31.87,144,0
LINT.US,5,20251210,162000,32.5195,32.5195,32.5195,32.5195,120,0
LINT.US,5,20251210,163000,32.39,32.39,32.39,32.39,200,0
LINT.US,5,20251210,163500,32.16,32.16,32.16,32.16,500,0
LINT.US,5,20251210,171000,32.33,32.33,32.33,32.33,200,0
LINT.US,5,20251210,174000,32.4058,32.4058,32.4058,32.4058,520,0
LINT.US,5,20251210,175000,32.659,32.659,32.659,32.659,117,0
LINT.US,5,20251210,191500,33.3628,33.3628,33.3628,33.3628,153,0
LINT.US,5,20251210,192000,33.17,33.17,33.17,33.17,100,0
LINT.US,5,20251210,203500,33.69,33.69,33.69,33.69,100,0
LINT.US,5,20251210,204000,33.16,33.16,33.12,33.12,335,0
LINT.US,5,20251210,205000,33.73,33.73,33.73,33.73,100,0
LINT.US,5,20251210,205500,34,34.1,34,34.1,800,0
LINT.US,5,20251210,212000,34,34,34,34,100,0
LINT.US,5,20251210,213000,34.2499,34.2499,34.2499,34.2499,100,0
LINT.US,5,20251210,215000,34.1448,34.1448,34.1448,34.1448,100,0
LINT.US,5,20251210,215500,34.0977,34.0977,34.05,34.05,422,0
LINT.US,5,20251211,153500,32.2991,32.2991,32.2991,32.2991,153,0
LINT.US,5,20251211,160000,31.7835,31.7835,31.7835,31.7835,100,0
LINT.US,5,20251211,161000,32.2912,32.2912,32.2912,32.2912,100,0
LINT.US,5,20251211,161500,32.6084,32.6084,32.6084,32.6084,320,0
LINT.US,5,20251211,163500,32.03,32.03,32.03,32.03,100,0
LINT.US,5,20251211,170500,32.1952,32.1952,32.03,32.03,214,0
LINT.US,5,20251211,174500,32,32,32,32,100,0
LINT.US,5,20251211,191000,31.4745,31.4745,31.4625,31.4656,364,0
LINT.US,5,20251211,215500,31.79,31.79,31.79,31.79,100,0
LINT.US,5,20251212,153500,32.45,32.45,32.45,32.45,100,0
LINT.US,5,20251212,154000,32.411,32.411,32.411,32.411,133,0
LINT.US,5,20251212,161500,32.1,32.1,32.1,32.1,100,0
LINT.US,5,20251212,165500,30.97,30.97,30.97,30.97,100,0
LINT.US,5,20251212,170000,30.46,30.46,30.46,30.46,100,0
LINT.US,5,20251212,172000,30.16,30.16,30.16,30.16,115,0
LINT.US,5,20251212,172500,30.46,30.46,30.4506,30.4506,1000,0
LINT.US,5,20251212,174500,29.9301,29.9301,29.9301,29.9301,183,0
LINT.US,5,20251212,175500,29.7492,29.785,29.7492,29.785,421,0
LINT.US,5,20251212,180500,30.2231,30.2231,30.2231,30.2231,209,0
LINT.US,5,20251212,215500,29.2,29.2,29.2,29.2,171,0
LINT.US,5,20251215,153000,29.8,29.8,29.8,29.8,173,0
LINT.US,5,20251215,153500,29.73,29.73,29.68,29.68,599,0
LINT.US,5,20251215,155500,28.9708,28.9708,28.9708,28.9708,546,0
LINT.US,5,20251215,160000,28.85,28.85,28.85,28.85,100,0
LINT.US,5,20251215,162000,28.69,28.69,28.69,28.69,100,0
LINT.US,5,20251215,170000,28.7,28.7,28.7,28.7,100,0
LINT.US,5,20251215,180000,28.84,28.86,28.84,28.86,24168,0
LINT.US,5,20251215,181000,28.765,28.765,28.765,28.765,671,0
LINT.US,5,20251215,184500,28.79,28.79,28.79,28.79,100,0
LINT.US,5,20251215,190500,28.55,28.58,28.48,28.48,1300,0
LINT.US,5,20251215,191000,28.563,28.61,28.56,28.59,900,0
LINT.US,5,20251215,191500,28.59,28.61,28.51,28.52,1000,0
LINT.US,5,20251215,192000,28.51,28.51,28.43,28.44,1250,0
LINT.US,5,20251215,192500,28.45,28.46,28.45,28.45,450,0
LINT.US,5,20251215,200500,28.91,28.91,28.91,28.91,100,0
LINT.US,5,20251215,202000,28.854,28.854,28.854,28.854,200,0
LINT.US,5,20251215,203000,28.8839,28.8839,28.82,28.82,400,0
LINT.US,5,20251215,215000,28.75,28.75,28.75,28.75,100,0
LINT.US,5,20251216,155000,28.58,28.62,28.58,28.59,1700,0
LINT.US,5,20251216,160000,28.7,28.7,28.7,28.7,100,0
LINT.US,5,20251216,170000,28.46,28.46,28.46,28.46,450,0
LINT.US,5,20251216,183500,28.43,28.43,28.43,28.43,100,0
LINT.US,5,20251216,205000,28.33,28.4,28.33,28.4,600,0
LINT.US,5,20251216,205500,28.36,28.36,28.36,28.36,500,0
LINT.US,5,20251216,210000,28.38,28.38,28.36,28.36,800,0
LINT.US,5,20251216,211000,28.39,28.39,28.39,28.39,300,0
LINT.US,5,20251216,215500,28.3,28.3,28.3,28.3,1194,0
LINT.US,5,20251217,164000,27.68,27.68,27.47,27.47,400,0
LINT.US,5,20251217,164500,27.41,27.53,27.36,27.4,600,0
LINT.US,5,20251217,165000,27.29,27.29,27.04,27.12,500,0
LINT.US,5,20251217,165500,27.02,27.06,26.91,26.97,600,0
LINT.US,5,20251217,170000,27.01,27.05,27.01,27.05,200,0
LINT.US,5,20251217,172500,27.16,27.16,27.16,27.16,100,0
LINT.US,5,20251217,181500,27.16,27.25,27.16,27.25,1301,0
LINT.US,5,20251217,202500,26.855,26.855,26.7047,26.7047,400,0
LINT.US,5,20251217,204000,26.69,26.69,26.65,26.65,450,0
LINT.US,5,20251217,212500,26.43,26.43,26.43,26.43,100,0
LINT.US,5,20251217,215500,26.43,26.47,26.43,26.47,580,0
LINT.US,5,20251218,153000,28.36,28.36,28,28,400,0
LINT.US,5,20251218,154000,27.54,27.54,27.54,27.54,100,0
LINT.US,5,20251218,160500,26.45,26.47,26.45,26.47,200,0
LINT.US,5,20251218,162000,25.91,25.91,25.91,25.91,1731,0
LINT.US,5,20251218,173000,26.82,26.884,26.82,26.884,671,0
LINT.US,5,20251218,173500,26.82,26.89,26.82,26.86,600,0
LINT.US,5,20251218,174000,26.85,26.93,26.85,26.9,500,0
LINT.US,5,20251218,174500,26.89,26.9101,26.87,26.9,700,0
LINT.US,5,20251218,175000,26.9,27.06,26.88,27.06,1200,0
LINT.US,5,20251218,175500,27.039,27.039,27.039,27.039,100,0
LINT.US,5,20251218,181000,26.5,26.5,26.5,26.5,100,0
LINT.US,5,20251218,194500,27.1498,27.1498,27.1498,27.1498,572,0
LINT.US,5,20251218,212000,27.05,27.05,27.05,27.05,100,0
LINT.US,5,20251218,212500,27.05,27.06,27.05,27.06,200,0
LINT.US,5,20251218,215500,26.82,26.82,26.8,26.8,400,0
LINT.US,5,20251219,161000,28.189,28.189,28.189,28.189,118,0
LINT.US,5,20251219,164500,27.8393,27.8393,27.8393,27.8393,200,0
LINT.US,5,20251219,171000,28.3687,28.3687,28.3687,28.3687,100,0
LINT.US,5,20251219,175500,28.357,28.357,28.357,28.357,200,0
LINT.US,5,20251219,183000,28.4,28.4,28.4,28.4,100,0
LINT.US,5,20251219,185000,28.3849,28.3849,28.3849,28.3849,147,0
LINT.US,5,20251219,194500,28.47,28.47,28.47,28.47,100,0
LINT.US,5,20251219,200500,28.5832,28.5832,28.5832,28.5832,110,0
LINT.US,5,20251219,204500,28.5,28.5,28.5,28.5,100,0
LINT.US,5,20251219,215000,28.22,28.22,27.84,27.84,1165,0
LINT.US,5,20251219,215500,27.58,27.58,27.58,27.58,200,0
LINT.US,5,20251222,153000,29.17,29.17,29.17,29.17,441,0
LINT.US,5,20251222,153500,28.34,28.47,28.03,28.03,850,0
LINT.US,5,20251222,154000,27.8,27.8,27.689376,27.689376,550,0
LINT.US,5,20251222,154500,27.8,27.8,27.799,27.799,786,0
LINT.US,5,20251222,155500,28.13,28.13,28.13,28.13,100,0
LINT.US,5,20251222,161000,27.72,27.72,27.72,27.72,660,0
LINT.US,5,20251222,162500,27.6397,27.6397,27.6397,27.6397,1046,0
LINT.US,5,20251222,163000,27.6,27.6,27.6,27.6,2000,0
LINT.US,5,20251222,163500,27.58,27.58,27.55,27.55,2100,0
LINT.US,5,20251222,170000,27.45,27.45,27.45,27.45,300,0
LINT.US,5,20251222,171000,27.36,27.39,27.29,27.29,700,0
LINT.US,5,20251222,171500,27.28,27.39,27.28,27.39,700,0
LINT.US,5,20251222,172000,27.41,27.44,27.39,27.39,1500,0
LINT.US,5,20251222,172500,27.42,27.42,27.42,27.42,133,0
LINT.US,5,20251222,180000,27.28,27.28,27.28,27.28,100,0
LINT.US,5,20251222,181000,27.095,27.095,27.095,27.095,107,0
LINT.US,5,20251222,184000,27.05,27.05,27.05,27.05,697,0
LINT.US,5,20251222,190000,27.24,27.24,27.24,27.24,250,0
LINT.US,5,20251222,191500,26.95,26.95,26.95,26.95,305,0
LINT.US,5,20251222,193000,27.119,27.119,27.119,27.119,123,0
LINT.US,5,20251222,194000,27.125,27.125,27.125,27.125,150,0
LINT.US,5,20251222,195500,27.1758,27.1758,27.1758,27.1758,100,0
LINT.US,5,20251222,203500,27.17,27.18,27.17,27.17,1300,0
LINT.US,5,20251222,212000,27.01,27.01,27.01,27.01,200,0
LINT.US,5,20251222,215500,26.92,26.92,26.92,26.92,100,0
LINT.US,5,20251223,153000,26.9,26.9,26.9,26.9,2020,0
LINT.US,5,20251223,153500,27,27,27,27,184,0
LINT.US,5,20251223,154000,26.75,26.75,26.75,26.75,100,0
LINT.US,5,20251223,161500,26.58,26.6,26.58,26.6,300,0
LINT.US,5,20251223,162000,26.66,26.66,26.61,26.63,400,0
LINT.US,5,20251223,162500,26.63,26.63,26.54,26.55,800,0
LINT.US,5,20251223,163000,26.55,26.61,26.52,26.55,800,0
LINT.US,5,20251223,163500,26.57,26.57,26.54,26.54,200,0
LINT.US,5,20251223,204000,26.55,26.55,26.55,26.55,100,0
LINT.US,5,20251223,215500,26.76,26.76,26.66,26.66,4780,0
LINT.US,5,20251224,153000,25.41,25.42,25.41,25.42,618,0
LINT.US,5,20251224,153500,25.63,25.63,25.63,25.63,100,0
LINT.US,5,20251224,154000,25.6906,25.6906,25.51,25.51,214,0
LINT.US,5,20251224,155500,25.67,25.67,25.61,25.61,300,0
LINT.US,5,20251224,161000,25.623,25.623,25.623,25.623,300,0
LINT.US,5,20251224,170500,25.81,25.81,25.81,25.81,100,0
LINT.US,5,20251224,185500,26.394096,26.54,26.394096,26.54,522,0
LINT.US,5,20251224,190000,26.55,26.55,26.55,26.55,176,0
LINT.US,5,20251226,153000,26.49,26.49,26.49,26.49,108,0
LINT.US,5,20251226,161000,26.075,26.075,26.075,26.075,300,0
LINT.US,5,20251226,174500,26.641,26.641,26.641,26.641,1000,0
LINT.US,5,20251226,175000,26.6,26.6,26.6,26.6,6200,0
LINT.US,5,20251226,184500,26.63,26.63,26.63,26.63,700,0
LINT.US,5,20251226,185000,26.63,26.63,26.58,26.63,1000,0
LINT.US,5,20251226,185500,26.63,26.63,26.63,26.63,1200,0
LINT.US,5,20251226,200500,26.53,26.53,26.53,26.53,100,0
LINT.US,5,20251229,154000,26.76,26.76,26.76,26.76,200,0
LINT.US,5,20251229,161000,26.5,26.5,26.5,26.5,700,0
LINT.US,5,20251229,162000,26.9,26.9,26.9,26.9,293,0
LINT.US,5,20251229,185000,26.77,26.77,26.77,26.77,1119,0
LINT.US,5,20251229,191000,26.709,26.7189,26.709,26.7189,500,0
LINT.US,5,20251229,193000,26.62,26.62,26.62,26.62,100,0
LINT.US,5,20251229,211000,26.94,26.94,26.94,26.94,200,0
LINT.US,5,20251229,211500,26.94,27.03,26.94,27.03,1100,0
LINT.US,5,20251229,212000,27.03,27.04,26.99,27,800,0
LINT.US,5,20251229,212500,27.03,27.03,26.99,26.99,800,0
LINT.US,5,20251229,213500,27.07,27.07,27.07,27.07,130,0
LINT.US,5,20251229,214500,27.215,27.28,27.215,27.28,450,0
LINT.US,5,20251229,215500,27.205,27.205,27.11,27.11,300,0
LINT.US,5,20251230,154500,27.86,27.889,27.86,27.889,200,0
LINT.US,5,20251230,155500,28.0804,28.1503,28.0804,28.1503,488,0
LINT.US,5,20251230,160000,28.32,28.32,28.32,28.32,100,0
LINT.US,5,20251230,161000,28,28,28,28,400,0
LINT.US,5,20251230,161500,28.2,28.2,28.14,28.14,650,0
LINT.US,5,20251230,162500,28.2402,28.2405,28.22,28.22,2256,0
LINT.US,5,20251230,163500,28.64,28.64,28.64,28.64,104,0
LINT.US,5,20251230,164000,28.5,28.5,28.46,28.46,200,0
LINT.US,5,20251230,165500,28.58,28.58,28.58,28.58,100,0
LINT.US,5,20251230,170000,28.71,28.71,28.71,28.71,200,0
LINT.US,5,20251230,170500,29,29.05,29,29.05,400,0
LINT.US,5,20251230,171500,29.42,29.42,29.42,29.42,100,0
LINT.US,5,20251230,172000,29.43,29.43,29.36,29.36,200,0
LINT.US,5,20251230,172500,29.5099,29.5099,29.5099,29.5099,168,0
LINT.US,5,20251230,173000,29.3076,29.3399,29.28,29.335,1355,0
LINT.US,5,20251230,174000,29.24,29.24,29.11,29.11,300,0
LINT.US,5,20251230,174500,29.135,29.135,29.135,29.135,1120,0
LINT.US,5,20251230,175000,29.05,29.05,29.05,29.05,100,0
LINT.US,5,20251230,185000,28.92,28.92,28.92,28.92,200,0
LINT.US,5,20251230,185500,28.7,28.7,28.7,28.7,238,0
LINT.US,5,20251230,190000,28.7028,28.71,28.65,28.65,420,0
LINT.US,5,20251230,195000,28.71,28.71,28.71,28.71,100,0
LINT.US,5,20251230,204500,28.45,28.45,28.43,28.43,200,0
LINT.US,5,20251230,211000,28.1726,28.1726,28.1726,28.1726,300,0
LINT.US,5,20251230,211500,28.25,28.25,28.25,28.25,100,0
LINT.US,5,20251230,213000,28.26,28.26,28.26,28.26,100,0
LINT.US,5,20251230,213500,28.235,28.235,28.235,28.235,250,0
LINT.US,5,20251230,214500,28.26,28.26,28.26,28.26,200,0
LINT.US,5,20251230,215500,28.15,28.15,28.15,28.15,1317,0
LINT.US,5,20251231,153000,28.33,28.33,28.23,28.23,1612,0
LINT.US,5,20251231,154000,28.14,28.14,28.09,28.09,400,0
LINT.US,5,20251231,163000,28.29,28.29,28.29,28.29,100,0
LINT.US,5,20251231,170500,28,28,28,28,100,0
LINT.US,5,20251231,171000,27.99,27.99,27.99,27.99,200,0
LINT.US,5,20251231,185500,27.9537,27.9537,27.9537,27.9537,1380,0
LINT.US,5,20251231,194000,28.04,28.04,28.04,28.04,100,0
LINT.US,5,20251231,215500,27.59,27.59,27.59,27.59,400,0
LINT.US,5,20260102,153000,29.7442,29.7442,29.3801,29.3801,13208,0
LINT.US,5,20260102,153500,29.7,30.12,29.7,29.78,600,0
LINT.US,5,20260102,154000,29.7895,30.28,29.7895,30.28,2107,0
LINT.US,5,20260102,154500,30.3083,30.909,30.3083,30.909,620,0
LINT.US,5,20260102,155000,30.95,30.95,30.86,30.87,605,0
LINT.US,5,20260102,155500,31.27,31.3256,31.24,31.3256,968,0
LINT.US,5,20260102,160000,31.39,31.67,31.39,31.67,320,0
LINT.US,5,20260102,160500,31.489,31.489,31.489,31.489,300,0
LINT.US,5,20260102,161000,31.39,31.39,31.39,31.39,320,0
LINT.US,5,20260102,161500,31.11,31.24,30.96,30.96,477,0
LINT.US,5,20260102,164000,31.2405,31.2405,31.2405,31.2405,200,0
LINT.US,5,20260102,170000,30.5896,30.73,30.5896,30.73,200,0
LINT.US,5,20260102,171000,30.67,30.73,30.62,30.73,1188,0
LINT.US,5,20260102,172000,31.28,31.61,31.28,31.52,627,0
LINT.US,5,20260102,173000,31.3991,31.3991,31.3991,31.3991,100,0
LINT.US,5,20260102,174500,31.2876,31.2876,31.2876,31.2876,100,0
LINT.US,5,20260102,181500,31.04,31.17,31.04,31.17,250,0
LINT.US,5,20260102,182500,31.135,31.135,31.135,31.135,100,0
LINT.US,5,20260102,183000,31.19,31.19,31,31,228,0
LINT.US,5,20260102,190500,30.785,30.785,30.785,30.785,150,0
LINT.US,5,20260102,191000,30.8,30.8,30.8,30.8,100,0
LINT.US,5,20260102,191500,30.86,30.86,30.86,30.86,100,0
LINT.US,5,20260102,200500,31.1,31.1,31.1,31.1,128,0
LINT.US,5,20260102,203500,31.57,31.57,31.57,31.57,100,0
LINT.US,5,20260102,213500,31.5204,31.5204,31.5204,31.5204,100,0
LINT.US,5,20260102,214000,31.525,31.525,31.525,31.525,100,0
LINT.US,5,20260102,214500,31.325,31.325,31.325,31.325,100,0
LINT.US,5,20260102,215000,31.3908,31.3908,31.3908,31.3908,100,0
LINT.US,5,20260102,215500,31.13,31.13,31.08,31.08,200,0
LINT.US,5,20260105,153000,34.72,34.72,33.82,33.82,1405,0
LINT.US,5,20260105,153500,33.38,33.3956,32.96,32.96,990,0
LINT.US,5,20260105,154000,32.2497,32.67,32.2497,32.67,1100,0
LINT.US,5,20260105,154500,32.49,32.49,32.49,32.49,100,0
LINT.US,5,20260105,155000,32.3,32.3,32.3,32.3,100,0
LINT.US,5,20260105,155500,32.32,32.32,32.2941,32.2941,500,0
LINT.US,5,20260105,160000,31.7298,31.7298,31.7298,31.7298,100,0
LINT.US,5,20260105,161000,31.83,31.83,31.83,31.83,100,0
LINT.US,5,20260105,161500,31.6985,31.6985,31.6985,31.6985,265,0
LINT.US,5,20260105,162000,31.72,31.87,31.72,31.87,3247,0
LINT.US,5,20260105,162500,32.059,32.059,32.059,32.059,433,0
LINT.US,5,20260105,163000,32.31,32.31,32.31,32.31,100,0
LINT.US,5,20260105,164000,32.57,32.57,32.57,32.57,100,0
LINT.US,5,20260105,164500,32.5455,32.61,32.5455,32.61,600,0
LINT.US,5,20260105,170000,32.48,32.48,32.48,32.48,100,0
LINT.US,5,20260105,170500,32.5,32.5,32.394,32.394,200,0
LINT.US,5,20260105,171000,32.65,32.65,32.545,32.545,472,0
LINT.US,5,20260105,173500,32.085,32.085,32.05,32.05,200,0
LINT.US,5,20260105,175500,32.035,32.035,31.7425,31.7425,694,0
LINT.US,5,20260105,181500,31.63,31.63,31.63,31.63,500,0
LINT.US,5,20260105,182000,31.59,31.59,31.59,31.59,1100,0
LINT.US,5,20260105,182500,31.59,31.59,31.59,31.59,2974,0
LINT.US,5,20260105,183000,31.45,31.45,31.45,31.45,100,0
LINT.US,5,20260105,184500,31.19,31.32,31.19,31.32,258,0
LINT.US,5,20260105,190500,31.11,31.11,31.11,31.11,988,0
LINT.US,5,20260105,191500,31.09,31.09,31.09,31.09,100,0
LINT.US,5,20260105,192000,31.3062,31.3062,31.3062,31.3062,130,0
LINT.US,5,20260105,193000,31.37,31.37,31.37,31.37,100,0
LINT.US,5,20260105,201500,31.41,31.41,31.37,31.37,800,0
LINT.US,5,20260105,202500,31.48,31.48,31.48,31.48,100,0
LINT.US,5,20260105,205000,31.1305,31.1305,31.1305,31.1305,300,0
LINT.US,5,20260105,205500,31.19,31.19,31.18,31.18,400,0
LINT.US,5,20260105,213000,31.18,31.18,31.18,31.18,247,0
LINT.US,5,20260106,153000,31.56,31.56,31.37,31.37,204,0
LINT.US,5,20260106,153500,30.7,30.7,30.6,30.6,200,0
LINT.US,5,20260106,154000,30.62,30.62,30.62,30.62,150,0
LINT.US,5,20260106,154500,31.03,31.09,31.03,31.09,1000,0
LINT.US,5,20260106,155000,31.17,31.27,31.17,31.24,5620,0
LINT.US,5,20260106,160000,31.45,31.45,31.4454,31.4454,300,0
LINT.US,5,20260106,161000,31.71,31.71,31.71,31.71,465,0
LINT.US,5,20260106,161500,31.55,31.55,31.55,31.55,433,0
LINT.US,5,20260106,162500,31.59,31.63,31.59,31.63,1494,0
LINT.US,5,20260106,163500,31.23,31.23,31.23,31.23,131,0
LINT.US,5,20260106,164500,30.8808,30.8808,30.8808,30.8808,265,0
LINT.US,5,20260106,165500,30.621,30.75,30.621,30.75,238,0
LINT.US,5,20260106,172000,31.34,31.34,31.34,31.34,100,0
LINT.US,5,20260106,173000,31.755,31.755,31.755,31.755,300,0
LINT.US,5,20260106,174000,31.36,31.36,31.36,31.36,192,0
LINT.US,5,20260106,180500,31.68,31.68,31.68,31.68,100,0
LINT.US,5,20260106,184500,31.21,31.21,31.21,31.21,2500,0
LINT.US,5,20260106,190500,31.18,31.18,31.18,31.18,100,0
LINT.US,5,20260106,191000,31.3389,31.3389,31.3389,31.3389,134,0
LINT.US,5,20260106,192500,31.32,31.32,31.32,31.32,100,0
LINT.US,5,20260106,194000,31.4,31.4,31.4,31.4,500,0
LINT.US,5,20260106,195000,31.52,31.55,31.52,31.55,600,0
LINT.US,5,20260106,195500,31.56,31.63,31.56,31.63,300,0
LINT.US,5,20260106,203500,31.9697,31.9697,31.9697,31.9697,440,0
LINT.US,5,20260106,204500,32.4,32.4,32.4,32.4,1000,0
LINT.US,5,20260106,210500,32.1,32.19,32.07,32.19,700,0
LINT.US,5,20260106,213500,32.45,32.55,32.45,32.55,2809,0
LINT.US,5,20260106,214000,32.46,32.46,32.46,32.46,2422,0
LINT.US,5,20260106,215500,32.28,32.28,32.14,32.14,202,0
LINT.US,5,20260107,153000,32.62,32.62,32.62,32.62,150,0
LINT.US,5,20260107,153500,33.85,34.3,33.85,34.3,2497,0
LINT.US,5,20260107,154000,35.23,35.49,35.08,35.49,2333,0
LINT.US,5,20260107,154500,35.12,35.12,34.87,34.89,1200,0
LINT.US,5,20260107,155000,35.36,35.88,35.36,35.8,4863,0
LINT.US,5,20260107,155500,35.92,36.2699,35.92,36.2699,760,0
LINT.US,5,20260107,160000,36.3505,36.3505,36.3,36.3,250,0
LINT.US,5,20260107,160500,37.35,37.79,37.35,37.69,475,0
LINT.US,5,20260107,161000,37.816,37.816,37.816,37.816,235,0
LINT.US,5,20260107,161500,37.65,38.12,37.65,38.12,1032,0
LINT.US,5,20260107,162000,38,38.83,38,38.83,7546,0
LINT.US,5,20260107,162500,39.105,39.1994,39.105,39.18,2048,0
LINT.US,5,20260107,163000,39.27,39.2824,39.2,39.2,3139,0
LINT.US,5,20260107,163500,38.26,38.261,37.96,37.96,4584,0
LINT.US,5,20260107,164000,38.1772,38.77,38.11,38.51,2190,0
LINT.US,5,20260107,164500,38.49,38.49,38.49,38.49,155,0
LINT.US,5,20260107,165000,38.22,38.22,38,38,2013,0
LINT.US,5,20260107,170500,38.3,38.3,38.3,38.3,250,0
LINT.US,5,20260107,171000,38.4099,38.4099,38.4099,38.4099,200,0
LINT.US,5,20260107,172000,37.7393,37.7393,37.7393,37.7393,100,0
LINT.US,5,20260107,172500,37.33,37.33,37.33,37.33,100,0
LINT.US,5,20260107,173500,37.69,37.71,37.66,37.71,2200,0
LINT.US,5,20260107,174500,37.83,37.8325,37.72,37.72,700,0
LINT.US,5,20260107,175000,37.59,37.59,37.59,37.59,100,0
LINT.US,5,20260107,175500,37.48,37.48,37.48,37.48,100,0
LINT.US,5,20260107,180000,37.42,37.42,37.42,37.42,120,0
LINT.US,5,20260107,181500,36.79,36.79,36.79,36.79,100,0
LINT.US,5,20260107,182500,36.9717,37.0373,36.9717,37.0373,200,0
LINT.US,5,20260107,183500,36.76,36.76,36.76,36.76,100,0
LINT.US,5,20260107,184500,36.45,36.45,36.45,36.45,209,0
LINT.US,5,20260107,185000,36.5929,36.5929,36.5929,36.5929,200,0
LINT.US,5,20260107,190000,36.24,36.24,36.24,36.24,100,0
LINT.US,5,20260107,192000,36.49,36.49,36.25,36.25,800,0
LINT.US,5,20260107,193000,36.43,36.45,36.43,36.45,800,0
LINT.US,5,20260107,194000,36.85,36.94,36.85,36.94,200,0
LINT.US,5,20260107,194500,36.69,36.69,36.69,36.69,200,0
LINT.US,5,20260107,195500,36.6,36.6,36.5,36.5,1500,0
LINT.US,5,20260107,201000,36.46,36.46,36.31,36.31,576,0
LINT.US,5,20260107,203000,36.54,36.54,36.54,36.54,100,0
LINT.US,5,20260107,203500,36.74,36.74,36.74,36.74,300,0
LINT.US,5,20260107,204000,36.36,36.36,36.36,36.36,100,0
LINT.US,5,20260107,210000,36.26,36.26,36.26,36.26,1000,0
LINT.US,5,20260107,210500,36.52,36.52,36.52,36.52,100,0
LINT.US,5,20260107,211000,36.77,36.77,36.455,36.455,300,0
LINT.US,5,20260107,211500,36.229,36.23,36.229,36.2299,1500,0
LINT.US,5,20260107,213000,35.75,35.75,35.75,35.75,100,0
LINT.US,5,20260107,214000,36.0001,36.065,36.0001,36.065,2100,0
LINT.US,5,20260107,214500,36.179,36.179,36.15,36.1515,2076,0
LINT.US,5,20260107,215000,36.25,36.25,36.06,36.06,450,0
LINT.US,5,20260107,215500,36.065,36.33,36.065,36.33,884,0
LINT.US,5,20260108,153000,35.9,36.33,35.9,36.33,901,0
LINT.US,5,20260108,153500,36.2,36.2,35.3,35.3,1540,0
LINT.US,5,20260108,154000,36.74,36.74,36.49,36.55,460,0
LINT.US,5,20260108,155500,35.5,35.5,35.5,35.5,100,0
LINT.US,5,20260108,160000,34.43,34.518,34.43,34.518,1100,0
LINT.US,5,20260108,161000,34.6,34.6,34.6,34.6,500,0
LINT.US,5,20260108,161500,34.73,35.15,34.72,35.15,1500,0
LINT.US,5,20260108,162000,35.08,35.08,34.5185,34.5185,501,0
LINT.US,5,20260108,162500,34.4687,34.4687,34.4687,34.4687,500,0
LINT.US,5,20260108,163000,34.45,34.45,34.45,34.45,1100,0
LINT.US,5,20260108,163500,33.95,34.142,33.93,34.142,1768,0
LINT.US,5,20260108,164500,34.15,34.15,34.15,34.15,200,0
LINT.US,5,20260108,165000,33.69,33.69,33.69,33.69,1749,0
LINT.US,5,20260108,165500,33.5,34.0318,33.5,34.0318,3173,0
LINT.US,5,20260108,170000,34.089,34.089,33.8399,33.8399,700,0
LINT.US,5,20260108,172000,33.52,33.556,33.35,33.35,700,0
LINT.US,5,20260108,173000,33.25,33.25,33.25,33.25,108,0
LINT.US,5,20260108,173500,33.1,33.28,33.1,33.2201,930,0
LINT.US,5,20260108,174000,33.33,33.365,33.3144,33.32,800,0
LINT.US,5,20260108,180000,33.31,33.31,33.3,33.31,1401,0
LINT.US,5,20260108,180500,33.3,33.3,33.3,33.3,100,0
LINT.US,5,20260108,181500,33.7,33.7,33.7,33.7,300,0
LINT.US,5,20260108,183000,33.75,33.75,33.75,33.75,100,0
LINT.US,5,20260108,184000,33.6152,33.6152,33.6152,33.6152,300,0
LINT.US,5,20260108,193000,33.75,33.75,33.75,33.75,100,0
LINT.US,5,20260108,202000,33.429,33.44,33.429,33.43,1000,0
LINT.US,5,20260108,202500,33.34,33.34,33.34,33.34,100,0
LINT.US,5,20260108,203000,33.6,33.6,33.6,33.6,500,0
LINT.US,5,20260108,204000,33.166,33.166,33.14,33.14,1500,0
LINT.US,5,20260108,210000,33.83,33.83,33.83,33.83,100,0
LINT.US,5,20260108,210500,33.7932,33.7932,33.7932,33.7932,211,0
LINT.US,5,20260108,212000,33.64,33.64,33.615,33.615,652,0
