<TICKER>,<PER>,<DATE>,<TIME>,<OPEN>,<HIGH>,<LOW>,<CLOSE>,<VOL>,<OPENINT>
MATE.US,5,20251217,160500,25.18,25.18,24.43,25.16,2900,0
MATE.US,5,20251217,161000,25.05,25.05,25.015,25.015,200,0
MATE.US,5,20251217,162500,25.21,25.22,25.21,25.22,1020,0
MATE.US,5,20251217,164000,24.98,24.98,24.98,24.98,696,0
MATE.US,5,20251217,181000,24.86,24.86,22.68,22.68,400,0
MATE.US,5,20251217,204500,24.847,24.847,24.847,24.847,121,0
MATE.US,5,20251217,205000,24.8601,24.8601,24.8601,24.8601,242,0
MATE.US,5,20251218,160500,25.2147,25.2147,25.165,25.18,553,0
MATE.US,5,20251218,161500,25.0884,25.123,25.0884,25.12,1024,0
MATE.US,5,20251218,162500,25.28,25.28,25.28,25.28,700,0
MATE.US,5,20251218,164000,25.3889,25.3889,25.3889,25.3889,260,0
MATE.US,5,20251218,181000,25.1,25.1,25.1,25.1,300,0
MATE.US,5,20251218,181500,25.03,25.06,25.03,25.06,600,0
MATE.US,5,20251218,183000,25.06,25.06,25.06,25.06,100,0
MATE.US,5,20251218,184500,25.15,25.15,25.15,25.15,100,0
MATE.US,5,20251218,193500,25.175,25.175,25.175,25.175,895,0
MATE.US,5,20251218,195500,25.174,25.174,25.174,25.174,800,0
MATE.US,5,20251218,201000,25.14,25.175,25.14,25.175,400,0
MATE.US,5,20251218,202000,25.15,25.15,25.15,25.15,100,0
MATE.US,5,20251218,204000,25.13,25.13,25.115,25.115,1000,0
MATE.US,5,20251218,204500,25.1197,25.12,25.1197,25.12,635,0
MATE.US,5,20251218,210000,25.1,25.1,25.065,25.065,600,0
MATE.US,5,20251218,211000,25.13,25.13,25.13,25.13,300,0
MATE.US,5,20251218,212000,25.16,25.16,25.16,25.16,300,0
MATE.US,5,20251218,212500,25.18,25.18,25.18,25.18,300,0
MATE.US,5,20251219,161000,25.52,25.53,25.52,25.52,1280,0
MATE.US,5,20251219,163000,25.5201,25.5201,25.5201,25.5201,859,0
MATE.US,5,20251219,171500,25.495,25.495,25.495,25.495,100,0
MATE.US,5,20251219,173000,25.5,25.55,25.5,25.55,600,0
MATE.US,5,20251219,174000,25.6,25.6,25.6,25.6,100,0
MATE.US,5,20251219,181000,25.58,25.58,25.5799,25.5799,400,0
MATE.US,5,20251219,203500,25.6044,25.6044,25.6044,25.6044,704,0
MATE.US,5,20251219,211500,25.62,25.62,25.62,25.62,100,0
MATE.US,5,20251219,215000,25.61,25.61,25.61,25.61,400,0
MATE.US,5,20251222,155000,25.91,25.91,25.91,25.91,600,0
MATE.US,5,20251222,155500,25.905,25.905,25.905,25.905,200,0
MATE.US,5,20251222,161000,25.855,25.855,25.854,25.854,379,0
MATE.US,5,20251222,161500,25.855,25.86,25.855,25.86,240,0
MATE.US,5,20251222,162500,25.88,25.88,25.8728,25.8728,600,0
MATE.US,5,20251222,163000,25.9,25.91,25.9,25.909,1246,0
MATE.US,5,20251222,163500,25.91,25.91,25.9099,25.9099,600,0
MATE.US,5,20251222,164000,25.905,25.905,25.905,25.905,100,0
MATE.US,5,20251222,170500,25.91,25.91,25.91,25.91,1038,0
MATE.US,5,20251222,173000,25.955,25.955,25.955,25.955,100,0
MATE.US,5,20251222,181000,25.965,25.965,25.9509,25.9509,800,0
MATE.US,5,20251222,182000,25.97,25.979,25.97,25.979,400,0
MATE.US,5,20251222,184000,25.97,25.97,25.97,25.97,600,0
MATE.US,5,20251222,184500,25.975,25.98,25.975,25.98,700,0
MATE.US,5,20251222,194000,25.99,25.99,25.99,25.99,200,0
MATE.US,5,20251222,203000,25.985,25.985,25.985,25.985,300,0
MATE.US,5,20251222,204500,25.99,26.03,25.9899,26.03,1300,0
MATE.US,5,20251222,213000,25.985,25.985,25.985,25.985,115,0
MATE.US,5,20251222,213500,25.99,25.99,25.9899,25.9899,200,0
MATE.US,5,20251222,215500,25.99,25.99,25.9899,25.9899,200,0
MATE.US,5,20251223,153000,26.09,26.09,26.09,26.09,400,0
MATE.US,5,20251223,155000,26.14,26.15,26.14,26.15,365,0
MATE.US,5,20251223,155500,26.13,26.13,26.0562,26.0562,579,0
MATE.US,5,20251223,160000,26.04,26.04,26.04,26.04,100,0
MATE.US,5,20251223,162500,26.06,26.06,26.06,26.06,159,0
MATE.US,5,20251223,163000,26.06,26.07,26.0599,26.0699,2000,0
MATE.US,5,20251223,163500,26.08,26.12,26.079,26.12,1708,0
MATE.US,5,20251223,164500,26.12,26.12,26.12,26.12,192,0
MATE.US,5,20251223,165000,26.14,26.14,26.1383,26.1383,807,0
MATE.US,5,20251224,155500,26.2105,26.245,26.2105,26.22,600,0
MATE.US,5,20251224,164000,26.265,26.265,26.265,26.265,100,0
MATE.US,5,20251224,171000,26.335,26.35,26.335,26.35,1200,0
MATE.US,5,20251224,172500,26.34,26.34,26.34,26.34,700,0
MATE.US,5,20251224,174500,26.3987,26.435,26.3987,26.435,3561,0
MATE.US,5,20251224,175500,26.41,26.41,26.4031,26.4031,2400,0
MATE.US,5,20251224,181500,26.42,26.42,26.4199,26.4199,2600,0
MATE.US,5,20251224,182000,26.42,26.42,26.42,26.42,100,0
MATE.US,5,20251224,185000,26.415,26.415,26.415,26.415,100,0
MATE.US,5,20251226,170000,26.79,26.8,26.79,26.8,900,0
MATE.US,5,20251226,171000,26.69,26.69,26.69,26.69,100,0
MATE.US,5,20251226,171500,26.7,26.71,26.7,26.705,771,0
MATE.US,5,20251226,184500,26.7,26.7,26.7,26.7,900,0
MATE.US,5,20251226,205500,26.77,26.77,26.745,26.745,800,0
MATE.US,5,20251226,212500,26.7408,26.7408,26.7408,26.7408,750,0
MATE.US,5,20251229,153000,26.21,26.21,26.21,26.21,457,0
MATE.US,5,20251229,154000,26.875,26.875,25,25,419,0
MATE.US,5,20251229,162500,26.02,26.02,26.02,26.02,100,0
MATE.US,5,20251229,163500,26.07,26.08,26.07,26.0799,1690,0
MATE.US,5,20251229,165500,26,26,26,26,1000,0
MATE.US,5,20251229,172500,26.03,26.03,26.03,26.03,200,0
MATE.US,5,20251229,174500,26.0699,26.0699,26.0699,26.0699,191,0
MATE.US,5,20251229,180000,26.1,26.1,26.1,26.1,245,0
MATE.US,5,20251229,182000,26.04,26.04,26.04,26.04,400,0
MATE.US,5,20251229,190500,25.9801,25.9801,25.9801,25.9801,193,0
MATE.US,5,20251229,193500,26.07,26.07,26.07,26.07,865,0
MATE.US,5,20251229,194000,26.1,26.1,26.1,26.1,391,0
MATE.US,5,20251229,194500,26.095,26.095,26.095,26.095,100,0
MATE.US,5,20251229,200000,26.095,26.095,26.09,26.09,592,0
MATE.US,5,20251229,202500,26.045,26.045,26.045,26.045,177,0
MATE.US,5,20251229,215000,26.16,26.16,26.16,26.16,100,0
MATE.US,5,20251230,200500,26.43,26.43,26.43,26.43,100,0
MATE.US,5,20251230,203000,26.46,26.46,26.46,26.46,187,0
MATE.US,5,20251230,204500,26.465,26.465,26.46,26.46,200,0
MATE.US,5,20251230,205000,26.46,26.46,26.46,26.46,100,0
MATE.US,5,20251230,213000,26.44,26.44,26.44,26.44,100,0
MATE.US,5,20251231,161000,26.09,26.09,26.09,26.09,700,0
MATE.US,5,20251231,163000,26.04,26.04,26.04,26.04,100,0
MATE.US,5,20251231,163500,26.011,26.011,25.99,25.99,2000,0
MATE.US,5,20251231,164000,25.98,25.981,25.9703,25.9703,890,0
MATE.US,5,20251231,173000,26.01,26.01,26.01,26.01,127,0
MATE.US,5,20251231,175000,26.0031,26.0031,26.0031,26.0031,188,0
MATE.US,5,20251231,184500,26.05,26.05,26.05,26.05,997,0
MATE.US,5,20251231,201500,26.07,26.07,26.07,26.07,268,0
MATE.US,5,20251231,204000,26,26.01,26,26.0099,900,0
MATE.US,5,20251231,205500,26.069,26.07,26.069,26.07,2600,0
MATE.US,5,20251231,210000,25.99,25.99,25.8892,25.93,1600,0
MATE.US,5,20251231,215000,25.9011,25.9011,25.893,25.893,273,0
MATE.US,5,20260102,161000,26.19,26.19,26.19,26.19,100,0
MATE.US,5,20260102,163500,26.13,26.13,26.03,26.03,800,0
MATE.US,5,20260102,174000,26.03,26.03,26.03,26.03,100,0
MATE.US,5,20260102,183000,26.036,26.06,25.991,25.991,1118,0
MATE.US,5,20260102,200000,25.9,25.9,25.9,25.9,100,0
MATE.US,5,20260102,211500,26.02,26.02,26.02,26.02,244,0
MATE.US,5,20260105,153000,26.746,26.746,26.746,26.746,244,0
MATE.US,5,20260105,155000,26.7,26.7,26.7,26.7,300,0
MATE.US,5,20260105,160000,26.73,26.73,26.73,26.73,355,0
MATE.US,5,20260105,162500,26.79,26.79,26.79,26.79,100,0
MATE.US,5,20260105,163500,26.8,26.8,26.8,26.8,588,0
MATE.US,5,20260105,165500,26.814,26.82,26.814,26.82,507,0
MATE.US,5,20260105,181000,26.84,26.8407,26.84,26.8401,674,0
MATE.US,5,20260105,183000,26.85,26.85,26.84,26.84,200,0
MATE.US,5,20260105,183500,26.86,26.86,26.86,26.86,6300,0
MATE.US,5,20260105,190500,26.88,26.88,26.8781,26.8781,9036,0
MATE.US,5,20260105,193000,26.85,26.85,26.85,26.85,130,0
MATE.US,5,20260105,194500,26.86,26.86,26.86,26.86,300,0
MATE.US,5,20260105,200500,26.8195,26.8195,26.8195,26.8195,205,0
MATE.US,5,20260105,210000,26.82,26.82,26.8199,26.8199,200,0
MATE.US,5,20260106,153500,27,27,26.9422,26.9422,10373,0
MATE.US,5,20260106,154000,26.99,27,26.922,27,31400,0
MATE.US,5,20260106,155000,26.995,27.1,26.995,27.1,8680,0
MATE.US,5,20260106,163500,27.1,27.1,27.1,27.1,300,0
MATE.US,5,20260106,182500,27.05,27.05,27.05,27.05,118,0
MATE.US,5,20260106,195500,27.05,27.05,27.05,27.05,3066,0
MATE.US,5,20260107,185500,27.0999,27.0999,27.0999,27.0999,148,0
MATE.US,5,20260107,191000,27.085,27.085,27.085,27.085,100,0
MATE.US,5,20260108,163000,26.84,26.88,26.84,26.88,470,0
MATE.US,5,20260108,163500,26.825,26.829,26.825,26.825,568,0
MATE.US,5,20260108,165000,26.825,26.825,26.825,26.825,100,0
MATE.US,5,20260108,173500,26.825,26.825,26.825,26.825,533,0
MATE.US,5,20260108,191000,26.865,26.865,26.865,26.865,100,0
MATE.US,5,20260108,204000,26.83,26.83,26.83,26.83,1000,0
MATE.US,5,20260108,204500,26.8243,26.8243,26.8243,26.8243,1000,0
MATE.US,5,20260108,205500,26.825,26.825,26.82,26.82,1000,0
MATE.US,5,20260108,210000,26.82,26.83,26.82,26.82,4367,0
