<TICKER>,<PER>,<DATE>,<TIME>,<OPEN>,<HIGH>,<LOW>,<CLOSE>,<VOL>,<OPENINT>
MDLN.US,5,20251217,185000,35,35.55,34.89,35.4996,20930088,0
MDLN.US,5,20251217,185500,35.5,36.1,35.47,35.9996,4464471,0
MDLN.US,5,20251217,190000,35.98,36.5,35.82,36.41,2808427,0
MDLN.US,5,20251217,190500,36.4073,37.5,36.37,36.895,3683802,0
MDLN.US,5,20251217,191000,36.89,37.46,36.51,36.74,2204481,0
MDLN.US,5,20251217,191500,36.6603,37.25,36.6,37.165,1095679,0
MDLN.US,5,20251217,192000,37.15,37.24,36.13,36.96,1420675,0
MDLN.US,5,20251217,192500,36.97,37.31,36.81,37.24,1059832,0
MDLN.US,5,20251217,193000,37.24,37.51,36.88,37.3,1152155,0
MDLN.US,5,20251217,193500,37.28,37.74,36.88,36.95,1581424,0
MDLN.US,5,20251217,194000,36.99,37.52,36.8801,37.3625,1360915,0
MDLN.US,5,20251217,194500,37.34,37.78,37.12,37.755,1167986,0
MDLN.US,5,20251217,195000,37.757,37.9,37.65,37.835,876050,0
MDLN.US,5,20251217,195500,37.85,38.25,37.81,37.98,1569823,0
MDLN.US,5,20251217,200000,37.9996,38.39,37.85,38.005,1842915,0
MDLN.US,5,20251217,200500,38,38.1569,37.85,37.9,842022,0
MDLN.US,5,20251217,201000,37.91,38.28,37.9,38.2117,683636,0
MDLN.US,5,20251217,201500,38.23,38.49,38.1115,38.135,766873,0
MDLN.US,5,20251217,202000,38.135,38.42,37.78,37.88,1015212,0
MDLN.US,5,20251217,202500,37.88,38.12,37.61,37.7,904086,0
MDLN.US,5,20251217,203000,37.67,38,37.66,37.9996,543858,0
MDLN.US,5,20251217,203500,38,38.12,37.9,38.045,792633,0
MDLN.US,5,20251217,204000,38.045,38.39,38,38.24,809649,0
MDLN.US,5,20251217,204500,38.25,38.59,38,38.44,1061554,0
MDLN.US,5,20251217,205000,38.42,39.32,38.4,39.07,1167159,0
MDLN.US,5,20251217,205500,39.07,39.25,38.67,38.81,779154,0
MDLN.US,5,20251217,210000,38.8,39.1,38.65,38.96,741317,0
MDLN.US,5,20251217,210500,38.975,39.34,38.93,39.26,733323,0
MDLN.US,5,20251217,211000,39.26,39.51,39.22,39.4396,703526,0
MDLN.US,5,20251217,211500,39.42,39.65,39,39.245,781942,0
MDLN.US,5,20251217,212000,39.245,39.73,38.97,39.68,950951,0
MDLN.US,5,20251217,212500,39.7,40.36,39.51,40.25,868842,0
MDLN.US,5,20251217,213000,40.25,40.52,39.99,40.005,956108,0
MDLN.US,5,20251217,213500,40,40.12,39.06,39.395,833853,0
MDLN.US,5,20251217,214000,39.37,40,39.26,39.95,600683,0
MDLN.US,5,20251217,214500,39.97,40.5,39.6,40.495,1075577,0
MDLN.US,5,20251217,215000,40.48,41.25,40.01,40.18,1951096,0
MDLN.US,5,20251217,215500,40.2,41,40.0801,41,4004817,0
MDLN.US,5,20251218,153000,38.15,39.25,38,38.725,1030661,0
MDLN.US,5,20251218,153500,38.725,40.549,38.66,39.88,520940,0
MDLN.US,5,20251218,154000,39.92,39.9298,38.5242,38.945,329839,0
MDLN.US,5,20251218,154500,38.97,39.3,38.51,39.29,291656,0
MDLN.US,5,20251218,155000,39.295,40.35,39.275,40.3399,337800,0
MDLN.US,5,20251218,155500,39.965,40.6999,39.88,40.32,188691,0
MDLN.US,5,20251218,160000,40.32,40.6139,39.5,39.78,244340,0
MDLN.US,5,20251218,160500,39.78,40,39.14,39.94,168300,0
MDLN.US,5,20251218,161000,39.88,39.97,39.62,39.9457,153670,0
MDLN.US,5,20251218,161500,39.9,40,39.25,39.54,209979,0
MDLN.US,5,20251218,162000,39.5,39.8,39.01,39.67,190597,0
MDLN.US,5,20251218,162500,39.74,39.8,39.33,39.3901,151118,0
MDLN.US,5,20251218,163000,39.47,39.668,39.27,39.54,59280,0
MDLN.US,5,20251218,163500,39.54,40,39.5,39.89,213295,0
MDLN.US,5,20251218,164000,39.92,40.99,39.9176,40.6,236679,0
MDLN.US,5,20251218,164500,40.575,40.83,40.06,40.38,206805,0
MDLN.US,5,20251218,165000,40.38,40.66,40.08,40.49,119886,0
MDLN.US,5,20251218,165500,40.49,40.72,40.35,40.69,113033,0
MDLN.US,5,20251218,170000,40.65,41.05,40.56,40.9,337591,0
MDLN.US,5,20251218,170500,40.9499,41,40.61,40.61,154678,0
MDLN.US,5,20251218,171000,40.58,40.8499,40.53,40.7823,91155,0
MDLN.US,5,20251218,171500,40.77,40.98,40.32,40.555,265997,0
MDLN.US,5,20251218,172000,40.565,40.63,39.8,40.44,140017,0
MDLN.US,5,20251218,172500,40.44,40.77,40.375,40.735,122423,0
MDLN.US,5,20251218,173000,40.75,40.8,40.295,40.38,92579,0
MDLN.US,5,20251218,173500,40.395,40.52,40.23,40.4,93822,0
MDLN.US,5,20251218,174000,40.425,40.52,40.205,40.245,90721,0
MDLN.US,5,20251218,174500,40.27,40.43,40.09,40.365,76526,0
MDLN.US,5,20251218,175000,40.365,40.51,40.29,40.42,87102,0
MDLN.US,5,20251218,175500,40.455,40.52,40.25,40.35,93028,0
MDLN.US,5,20251218,180000,40.35,40.4199,40.2,40.4199,110800,0
MDLN.US,5,20251218,180500,40.33,40.4,39.6226,39.75,85558,0
MDLN.US,5,20251218,181000,39.7691,40.02,39.76,39.98,66755,0
MDLN.US,5,20251218,181500,39.975,40.335,39.9702,40.33,64882,0
MDLN.US,5,20251218,182000,40.295,40.39,40.04,40.08,59078,0
MDLN.US,5,20251218,182500,40.1,40.41,40.09,40.4,97521,0
MDLN.US,5,20251218,183000,40.355,40.56,40.275,40.465,223847,0
MDLN.US,5,20251218,183500,40.48,40.52,40.43,40.4862,92897,0
MDLN.US,5,20251218,184000,40.465,40.52,40.41,40.455,91837,0
MDLN.US,5,20251218,184500,40.44,40.51,40.28,40.39,75322,0
MDLN.US,5,20251218,185000,40.37,40.48,40.25,40.34,85191,0
MDLN.US,5,20251218,185500,40.38,40.5,40.335,40.49,89183,0
MDLN.US,5,20251218,190000,40.48,40.5,40.41,40.47,76226,0
MDLN.US,5,20251218,190500,40.47,40.5,40.42,40.5,52344,0
MDLN.US,5,20251218,191000,40.5,40.5,40.355,40.36,95881,0
MDLN.US,5,20251218,191500,40.36,40.405,40.31,40.36,77920,0
MDLN.US,5,20251218,192000,40.36,40.705,40.34,40.66,197532,0
MDLN.US,5,20251218,192500,40.74,41,40.73,40.785,108638,0
MDLN.US,5,20251218,193000,40.74,41,40.74,40.96,90069,0
MDLN.US,5,20251218,193500,40.97,41,40.9,40.9,77385,0
MDLN.US,5,20251218,194000,40.91,40.915,40.75,40.77,54772,0
MDLN.US,5,20251218,194500,40.79,40.99,40.6903,40.92,72671,0
MDLN.US,5,20251218,195000,40.9152,40.99,40.63,40.6811,55252,0
MDLN.US,5,20251218,195500,40.735,40.98,40.68,40.935,109154,0
MDLN.US,5,20251218,200000,40.935,41,40.88,40.97,89029,0
MDLN.US,5,20251218,200500,40.975,41.43,40.93,41.18,289552,0
MDLN.US,5,20251218,201000,41.21,41.74,40.66,40.945,349340,0
MDLN.US,5,20251218,201500,40.97,41.01,40.695,40.695,115115,0
MDLN.US,5,20251218,202000,40.74,40.82,40.485,40.485,88524,0
MDLN.US,5,20251218,202500,40.47,40.62,40.23,40.535,88096,0
MDLN.US,5,20251218,203000,40.535,40.8,40.45,40.48,93154,0
MDLN.US,5,20251218,203500,40.51,40.75,40.0601,40.385,90204,0
MDLN.US,5,20251218,204000,40.385,40.5,40.3,40.395,57475,0
MDLN.US,5,20251218,204500,40.4,40.86,40.39,40.785,125523,0
MDLN.US,5,20251218,205000,40.81,41.02,40.78,40.98,97775,0
MDLN.US,5,20251218,205500,41,41,40.85,40.96,72163,0
MDLN.US,5,20251218,210000,40.91,41,40.8,40.92,81843,0
MDLN.US,5,20251218,210500,40.92,40.99,40.55,40.715,47521,0
MDLN.US,5,20251218,211000,40.78,40.8,40.55,40.705,72818,0
MDLN.US,5,20251218,211500,40.74,40.9,40.55,40.85,62015,0
MDLN.US,5,20251218,212000,40.85,40.88,40.41,40.43,111920,0
MDLN.US,5,20251218,212500,40.42,40.449,39.7117,39.85,139648,0
MDLN.US,5,20251218,213000,39.89,40.26,39.79,39.89,240886,0
MDLN.US,5,20251218,213500,39.95,40.205,39.78,40.155,122357,0
MDLN.US,5,20251218,214000,40.155,40.28,40.095,40.17,210056,0
MDLN.US,5,20251218,214500,40.17,40.25,39.75,40.01,243400,0
MDLN.US,5,20251218,215000,40.01,40.15,39.92,39.975,237623,0
MDLN.US,5,20251218,215500,39.94,40.09,38.63,40.065,1166721,0
MDLN.US,5,20251219,153000,38.82,40.3,38.82,40.29,214637,0
MDLN.US,5,20251219,153500,40.29,40.5,40.0001,40.3,90226,0
MDLN.US,5,20251219,154000,40.3,41.05,40.15,40.79,216713,0
MDLN.US,5,20251219,154500,40.79,41.8,40.79,41.5,320320,0
MDLN.US,5,20251219,155000,41.42,41.9,41.2,41.39,209270,0
MDLN.US,5,20251219,155500,41.38,41.53,41.1,41.135,251858,0
MDLN.US,5,20251219,160000,41.13,41.93,41.0805,41.85,179299,0
MDLN.US,5,20251219,160500,41.88,42.1465,41.69,42.1275,287841,0
MDLN.US,5,20251219,161000,42.15,42.7,42.15,42.635,191690,0
MDLN.US,5,20251219,161500,42.635,42.75,42.3675,42.66,140180,0
MDLN.US,5,20251219,162000,42.66,42.6999,41.7,42.39,120957,0
MDLN.US,5,20251219,162500,42.39,42.49,41.76,42.1601,143907,0
MDLN.US,5,20251219,163000,42.25,42.5,41.895,42.405,110388,0
MDLN.US,5,20251219,163500,42.405,42.89,42.1801,42.45,344985,0
MDLN.US,5,20251219,164000,42.515,43.03,42.51,42.93,183490,0
MDLN.US,5,20251219,164500,42.965,43.42,42.91,43.14,142640,0
MDLN.US,5,20251219,165000,43.25,43.51,43.01,43.4965,184289,0
MDLN.US,5,20251219,165500,43.475,43.52,43.2,43.335,85074,0
MDLN.US,5,20251219,170000,43.3564,43.8753,43.3166,43.78,242670,0
MDLN.US,5,20251219,170500,43.78,43.8635,43.2,43.4,179864,0
MDLN.US,5,20251219,171000,43.4,43.6699,43.21,43.42,198766,0
MDLN.US,5,20251219,171500,43.33,43.37,42.91,42.97,228082,0
MDLN.US,5,20251219,172000,42.96,43.4,42.9,43.26,137459,0
MDLN.US,5,20251219,172500,43.32,43.9,43.31,43.73,174224,0
MDLN.US,5,20251219,173000,43.765,43.805,43.37,43.42,116868,0
MDLN.US,5,20251219,173500,43.38,43.6,43.0351,43.135,170495,0
MDLN.US,5,20251219,174000,43.17,43.17,42.9,43.02,91342,0
MDLN.US,5,20251219,174500,43.03,43.14,42.965,42.97,121451,0
MDLN.US,5,20251219,175000,42.92,43.19,42.8,43.09,68640,0
MDLN.US,5,20251219,175500,43.09,43.13,42.83,42.9312,81373,0
MDLN.US,5,20251219,180000,42.92,43.12,42.6,42.7,196781,0
MDLN.US,5,20251219,180500,42.895,42.9908,42.02,42.115,150120,0
MDLN.US,5,20251219,181000,42.2,43.1,42.075,42.935,189856,0
MDLN.US,5,20251219,181500,42.935,43.4,42.93,43.1,121522,0
MDLN.US,5,20251219,182000,43.1287,43.1588,42.77,42.83,77037,0
MDLN.US,5,20251219,182500,42.83,42.98,42.72,42.79,43992,0
MDLN.US,5,20251219,183000,42.79,42.79,42.5,42.501,57818,0
MDLN.US,5,20251219,183500,42.59,42.59,42.28,42.2958,79787,0
MDLN.US,5,20251219,184000,42.31,42.95,42.251,42.7599,136323,0
MDLN.US,5,20251219,184500,42.75,43.04,42.5,42.58,93665,0
MDLN.US,5,20251219,185000,42.575,42.7017,42.31,42.34,80340,0
MDLN.US,5,20251219,185500,42.311,42.5083,42.31,42.34,121552,0
MDLN.US,5,20251219,190000,42.34,42.44,42.1,42.38,88058,0
MDLN.US,5,20251219,190500,42.385,42.45,42.25,42.26,81465,0
MDLN.US,5,20251219,191000,42.23,42.33,42.01,42.12,105112,0
MDLN.US,5,20251219,191500,42.14,42.33,41.95,41.96,169155,0
MDLN.US,5,20251219,192000,41.9999,42.1,41.82,41.875,72019,0
MDLN.US,5,20251219,192500,41.875,41.93,41.62,41.635,107314,0
MDLN.US,5,20251219,193000,41.64,41.86,41.262,41.54,206716,0
MDLN.US,5,20251219,193500,41.66,41.66,41.29,41.43,76131,0
MDLN.US,5,20251219,194000,41.36,41.69,41.07,41.42,173101,0
MDLN.US,5,20251219,194500,41.445,41.5404,41.23,41.26,90248,0
MDLN.US,5,20251219,195000,41.29,41.765,41.22,41.285,120382,0
MDLN.US,5,20251219,195500,41.3,41.43,41.1,41.25,106696,0
MDLN.US,5,20251219,200000,41.25,41.6,41.18,41.58,116685,0
MDLN.US,5,20251219,200500,41.58,41.5841,41.02,41.125,98094,0
MDLN.US,5,20251219,201000,41.125,41.3,40.61,40.7089,138247,0
MDLN.US,5,20251219,201500,40.82,41.02,40.61,40.785,151782,0
MDLN.US,5,20251219,202000,40.785,41.175,40.78,40.87,75664,0
MDLN.US,5,20251219,202500,40.98,41.09,40.8,40.8,96755,0
MDLN.US,5,20251219,203000,40.81,41.47,40.76,41.46,262987,0
MDLN.US,5,20251219,203500,41.365,41.48,41.01,41.02,73135,0
MDLN.US,5,20251219,204000,41.0826,41.8399,40.92,41.66,404182,0
MDLN.US,5,20251219,204500,41.66,41.93,41.59,41.665,41860,0
MDLN.US,5,20251219,205000,41.665,41.8,41.21,41.47,94626,0
MDLN.US,5,20251219,205500,41.471,41.58,41.29,41.38,84319,0
MDLN.US,5,20251219,210000,41.47,41.47,40.99,41.235,484503,0
MDLN.US,5,20251219,210500,41.26,41.36,40.875,40.97,382579,0
MDLN.US,5,20251219,211000,40.925,41.07,40.54,40.735,278683,0
MDLN.US,5,20251219,211500,40.735,41.29,40.735,40.93,144416,0
MDLN.US,5,20251219,212000,40.97,41.23,40.84,41.19,179043,0
MDLN.US,5,20251219,212500,41.2,41.8,41.1,41.715,110709,0
MDLN.US,5,20251219,213000,41.67,42.0464,41.6,41.905,159375,0
MDLN.US,5,20251219,213500,41.86,41.9127,41.27,41.6,185397,0
MDLN.US,5,20251219,214000,41.55,41.55,41.015,41.14,319063,0
MDLN.US,5,20251219,214500,41.22,41.28,40.67,40.88,431182,0
MDLN.US,5,20251219,215000,40.93,41.61,40.89,41.51,266969,0
MDLN.US,5,20251219,215500,41.505,41.94,41.09,41.65,2124737,0
MDLN.US,5,20251222,153000,42.1,42.85,41.6746,41.755,211653,0
MDLN.US,5,20251222,153500,41.775,41.9899,41.35,41.82,129440,0
MDLN.US,5,20251222,154000,41.83,42.32,41.76,42.32,197776,0
MDLN.US,5,20251222,154500,42.32,42.89,42.2312,42.695,78871,0
MDLN.US,5,20251222,155000,42.625,42.9,42.5,42.71,64993,0
MDLN.US,5,20251222,155500,42.84,43.4,42.695,43.2,96359,0
MDLN.US,5,20251222,160000,43.1,43.2991,42.94,43.05,70974,0
MDLN.US,5,20251222,160500,43.05,43.1,42.84,42.925,78315,0
MDLN.US,5,20251222,161000,43,43.24,42.925,43.085,118704,0
MDLN.US,5,20251222,161500,43.09,43.26,42.92,43.215,76750,0
MDLN.US,5,20251222,162000,43.16,43.2681,42.88,42.915,73182,0
MDLN.US,5,20251222,162500,42.915,43.3,42.8801,43.19,112416,0
MDLN.US,5,20251222,163000,43.195,43.26,43.04,43.055,69055,0
MDLN.US,5,20251222,163500,43.07,43.07,42.73,42.87,87213,0
MDLN.US,5,20251222,164000,42.85,43.02,42.69,43.019,45044,0
MDLN.US,5,20251222,164500,42.98,43.05,42.91,42.92,47339,0
MDLN.US,5,20251222,165000,42.91,43,42.88,43,33811,0
MDLN.US,5,20251222,165500,42.99,43.02,42.88,42.98,38973,0
MDLN.US,5,20251222,170000,42.94,43.28,42.68,42.74,49052,0
MDLN.US,5,20251222,170500,42.685,43.05,42.5001,43.025,38741,0
MDLN.US,5,20251222,171000,43.0404,43.29,42.98,43.175,43184,0
MDLN.US,5,20251222,171500,43.23,43.23,42.97,43.04,44975,0
MDLN.US,5,20251222,172000,43.01,43.04,42.8101,42.8688,65171,0
MDLN.US,5,20251222,172500,42.88,43.02,42.64,42.64,55470,0
MDLN.US,5,20251222,173000,42.64,42.8895,42.55,42.83,36458,0
MDLN.US,5,20251222,173500,42.81,42.885,42.66,42.71,41453,0
MDLN.US,5,20251222,174000,42.71,42.88,42.635,42.87,33624,0
MDLN.US,5,20251222,174500,42.92,42.9999,42.81,42.95,44039,0
MDLN.US,5,20251222,175000,43,43,42.8,42.82,38356,0
MDLN.US,5,20251222,175500,42.97,43.2,42.86,42.96,64152,0
MDLN.US,5,20251222,180000,42.95,43.045,42.854,43.03,25155,0
MDLN.US,5,20251222,180500,42.995,43.03,42.85,42.895,41380,0
MDLN.US,5,20251222,181000,42.885,42.91,42.72,42.755,28956,0
MDLN.US,5,20251222,181500,42.77,42.96,42.75,42.855,45466,0
MDLN.US,5,20251222,182000,42.855,42.95,42.8,42.885,53056,0
MDLN.US,5,20251222,182500,42.9,42.98,42.88,42.975,54370,0
MDLN.US,5,20251222,183000,42.975,43.02,42.95,42.985,29652,0
MDLN.US,5,20251222,183500,42.985,43.4,42.97,43.3767,78668,0
MDLN.US,5,20251222,184000,43.345,43.45,42.84,43,353698,0
MDLN.US,5,20251222,184500,43.01,43.3,42.98,43.205,118416,0
MDLN.US,5,20251222,185000,43.205,43.3699,43.19,43.205,60564,0
MDLN.US,5,20251222,185500,43.205,43.25,43.16,43.21,35975,0
MDLN.US,5,20251222,190000,43.21,43.23,43.11,43.21,37151,0
MDLN.US,5,20251222,190500,43.21,43.21,43,43.035,44895,0
MDLN.US,5,20251222,191000,43.03,43.035,42.94,42.98,36241,0
MDLN.US,5,20251222,191500,43.01,43.18,42.97,43.11,59193,0
MDLN.US,5,20251222,192000,43.11,43.23,43.11,43.22,34044,0
MDLN.US,5,20251222,192500,43.18,43.21,43.01,43.165,46560,0
MDLN.US,5,20251222,193000,43.165,43.19,42.96,42.9875,36189,0
MDLN.US,5,20251222,193500,43.02,43.21,43.01,43.13,50270,0
MDLN.US,5,20251222,194000,43.16,43.22,43.05,43.2,24900,0
MDLN.US,5,20251222,194500,43.2,43.2,43.07,43.09,35274,0
MDLN.US,5,20251222,195000,43.09,43.12,42.94,43.04,59260,0
MDLN.US,5,20251222,195500,43.04,43.07,42.94,43,51095,0
MDLN.US,5,20251222,200000,43,43.15,42.98,43.03,49559,0
MDLN.US,5,20251222,200500,43.03,43.03,42.92,43,35995,0
MDLN.US,5,20251222,201000,43,43.14,42.98,43.01,37140,0
MDLN.US,5,20251222,201500,43.03,43.03,42.93,42.98,44899,0
MDLN.US,5,20251222,202000,42.98,43.085,42.8501,42.94,68635,0
MDLN.US,5,20251222,202500,42.96,42.96,42.75,42.795,69163,0
MDLN.US,5,20251222,203000,42.795,42.81,42.55,42.765,55733,0
MDLN.US,5,20251222,203500,42.765,42.91,42.56,42.6,68028,0
MDLN.US,5,20251222,204000,42.6,42.65,42.32,42.62,86621,0
MDLN.US,5,20251222,204500,42.6,42.69,42.32,42.32,77659,0
MDLN.US,5,20251222,205000,42.32,42.43,42.17,42.38,72174,0
MDLN.US,5,20251222,205500,42.38,42.7,42.37,42.67,50066,0
MDLN.US,5,20251222,210000,42.67,42.91,42.4,42.465,39551,0
MDLN.US,5,20251222,210500,42.46,42.7,42.18,42.64,51757,0
MDLN.US,5,20251222,211000,42.65,42.72,42.58,42.65,43671,0
MDLN.US,5,20251222,211500,42.59,42.7,42.5,42.585,75795,0
MDLN.US,5,20251222,212000,42.5915,42.65,42.54,42.57,50219,0
MDLN.US,5,20251222,212500,42.59,42.71,42.58,42.66,49168,0
MDLN.US,5,20251222,213000,42.66,42.66,42.5,42.605,70988,0
MDLN.US,5,20251222,213500,42.605,42.66,42.56,42.57,68871,0
MDLN.US,5,20251222,214000,42.56,42.74,42.56,42.72,70931,0
MDLN.US,5,20251222,214500,42.73,42.74,42.51,42.56,94554,0
MDLN.US,5,20251222,215000,42.55,42.59,42.18,42.2,152294,0
MDLN.US,5,20251222,215500,42.22,42.43,42.04,42.18,459519,0
MDLN.US,5,20251223,153000,42.6,42.99,41.5311,41.625,146465,0
MDLN.US,5,20251223,153500,41.625,42.29,40.59,41.51,264018,0
MDLN.US,5,20251223,154000,41.6199,41.8,41.1001,41.16,114519,0
MDLN.US,5,20251223,154500,41.15,41.72,41.12,41.64,103327,0
MDLN.US,5,20251223,155000,41.64,41.985,41.3,41.97,80824,0
MDLN.US,5,20251223,155500,41.875,42,41.51,41.672047,49100,0
MDLN.US,5,20251223,160000,41.68,42.05,41.51,42.04,114041,0
MDLN.US,5,20251223,160500,42.04,42.27,42.015,42.18,95784,0
MDLN.US,5,20251223,161000,42.185,42.575,42.12,42.54,72967,0
MDLN.US,5,20251223,161500,42.56,42.99,42.49,42.905,67232,0
MDLN.US,5,20251223,162000,43.064,43.064,42.7095,42.7901,30640,0
MDLN.US,5,20251223,162500,42.845,43.06,42.73,43.06,66983,0
MDLN.US,5,20251223,163000,43.07,43.1,42.61,42.97,79886,0
MDLN.US,5,20251223,163500,42.9335,43.2247,42.865,43.16,77554,0
MDLN.US,5,20251223,164000,43.16,43.16,42.83,42.96,77190,0
MDLN.US,5,20251223,164500,42.95,43.38,42.75,42.79,73040,0
MDLN.US,5,20251223,165000,42.79,42.98,42.66,42.925,33617,0
MDLN.US,5,20251223,165500,43,43,42.77,42.77,41200,0
MDLN.US,5,20251223,170000,42.75,43.25,42.75,43.045,81786,0
MDLN.US,5,20251223,170500,43.035,43.21,42.88,42.99,45324,0
MDLN.US,5,20251223,171000,42.99,43.0899,42.87,42.91,41640,0
MDLN.US,5,20251223,171500,42.93,43.105,42.81,42.95,57771,0
MDLN.US,5,20251223,172000,42.945,43,42.8,42.95,42580,0
MDLN.US,5,20251223,172500,42.95,43,42.91,42.955,34779,0
MDLN.US,5,20251223,173000,42.99,43.06,42.89,43.06,63683,0
MDLN.US,5,20251223,173500,43.06,43.11,42.88,43.04,69250,0
MDLN.US,5,20251223,174000,43.04,43.39,42.99,43.3055,52040,0
MDLN.US,5,20251223,174500,43.34,43.47,43.18,43.23,66046,0
MDLN.US,5,20251223,175000,43.215,43.29,43,43.0899,35002,0
MDLN.US,5,20251223,175500,43.05,43.115,42.87,43.025,32201,0
MDLN.US,5,20251223,180000,43.025,43.025,42.82,42.89,31184,0
MDLN.US,5,20251223,180500,42.91,42.93,42.8,42.93,40237,0
MDLN.US,5,20251223,181000,42.93,43.18,42.87,43.07,31487,0
MDLN.US,5,20251223,181500,43.13,43.23,43.05,43.145,54824,0
MDLN.US,5,20251223,182000,43.145,43.31,43.145,43.235,43086,0
MDLN.US,5,20251223,182500,43.235,43.3,43.1501,43.24,23290,0
MDLN.US,5,20251223,183000,43.25,43.31,43.17,43.25,54624,0
MDLN.US,5,20251223,183500,43.25,43.26,43.151,43.195,20265,0
MDLN.US,5,20251223,184000,43.24,43.525,43.195,43.515,69024,0
MDLN.US,5,20251223,184500,43.515,43.6,43.32,43.41,52710,0
MDLN.US,5,20251223,185000,43.46,43.5,43.13,43.24,52746,0
MDLN.US,5,20251223,185500,43.2,43.36,43.2,43.25,27945,0
MDLN.US,5,20251223,190000,43.34,43.35,43.17,43.185,32744,0
MDLN.US,5,20251223,190500,43.22,43.36,43.17,43.26,45629,0
MDLN.US,5,20251223,191000,43.23,43.26,43.1514,43.19,34147,0
MDLN.US,5,20251223,191500,43.21,43.24,43.15,43.23,47208,0
MDLN.US,5,20251223,192000,43.23,43.33,43,43.05,48216,0
MDLN.US,5,20251223,192500,43.05,43.36,43.05,43.22,82742,0
MDLN.US,5,20251223,193000,43.22,43.3,43.18,43.28,42208,0
MDLN.US,5,20251223,193500,43.24,43.32,43.17,43.265,53167,0
MDLN.US,5,20251223,194000,43.265,43.5,43.2,43.385,79311,0
MDLN.US,5,20251223,194500,43.385,43.55,43.3794,43.55,23579,0
MDLN.US,5,20251223,195000,43.52,43.65,43.2795,43.48,56374,0
MDLN.US,5,20251223,195500,43.405,43.7,43.34,43.67,38436,0
MDLN.US,5,20251223,200000,43.67,43.675,43.52,43.555,46046,0
MDLN.US,5,20251223,200500,43.58,43.62,43.55,43.5947,34060,0
MDLN.US,5,20251223,201000,43.6,43.9,43.585,43.8,61669,0
MDLN.US,5,20251223,201500,43.8041,43.94,43.68,43.845,51366,0
MDLN.US,5,20251223,202000,43.845,43.93,43.77,43.79,32032,0
MDLN.US,5,20251223,202500,43.79,43.81,43.57,43.705,57511,0
MDLN.US,5,20251223,203000,43.72,43.7906,43.605,43.64,52631,0
MDLN.US,5,20251223,203500,43.64,43.67,43.5398,43.63,47302,0
MDLN.US,5,20251223,204000,43.595,43.655,43.45,43.505,48439,0
MDLN.US,5,20251223,204500,43.56,43.6,43.501,43.57,31542,0
MDLN.US,5,20251223,205000,43.54,43.62,43.48,43.55,58107,0
MDLN.US,5,20251223,205500,43.59,43.74,43.54,43.63,56659,0
MDLN.US,5,20251223,210000,43.645,43.83,43.57,43.8,75928,0
MDLN.US,5,20251223,210500,43.8,43.945,43.75,43.88,89217,0
MDLN.US,5,20251223,211000,43.87,43.955,43.74,43.82,69297,0
MDLN.US,5,20251223,211500,43.795,43.94,43.77,43.875,53463,0
MDLN.US,5,20251223,212000,43.85,43.93,43.72,43.765,50739,0
MDLN.US,5,20251223,212500,43.765,43.83,43.71,43.8,46267,0
MDLN.US,5,20251223,213000,43.8,43.8,43.56,43.655,53634,0
MDLN.US,5,20251223,213500,43.64,43.8,43.59,43.735,47716,0
MDLN.US,5,20251223,214000,43.74,43.85,43.74,43.835,77422,0
MDLN.US,5,20251223,214500,43.85,43.9,43.65,43.81,126180,0
MDLN.US,5,20251223,215000,43.81,44.3,43.61,43.67,401948,0
MDLN.US,5,20251223,215500,43.62,43.76,43.57,43.63,10459485,0
MDLN.US,5,20251224,153000,44.07,44.54,43.55,43.76,145916,0
MDLN.US,5,20251224,153500,43.72,44.56,43.63,44.185,240704,0
MDLN.US,5,20251224,154000,44.185,44.25,43.87,44.155,56642,0
MDLN.US,5,20251224,154500,44.155,44.25,44.05,44.11,99773,0
MDLN.US,5,20251224,155000,44.1606,44.48,44.11,44.21,220679,0
MDLN.US,5,20251224,155500,44.26,44.29,43.88,44.18,88458,0
MDLN.US,5,20251224,160000,44.185,44.47,44.125,44.46,87363,0
MDLN.US,5,20251224,160500,44.46,44.54,44.1,44.4781,188247,0
MDLN.US,5,20251224,161000,44.48,44.7,44.345,44.67,138106,0
MDLN.US,5,20251224,161500,44.67,44.7,44.315,44.39,130197,0
MDLN.US,5,20251224,162000,44.38,44.44,44.095,44.25,79678,0
MDLN.US,5,20251224,162500,44.32,44.32,44.095,44.159,63958,0
MDLN.US,5,20251224,163000,44.16,44.21,43.875,44.01,76254,0
MDLN.US,5,20251224,163500,43.99,44.21,43.98,44.065,51434,0
MDLN.US,5,20251224,164000,44.065,44.15,43.925,44,55075,0
MDLN.US,5,20251224,164500,44.03,44.12,43.995,44.045,42871,0
MDLN.US,5,20251224,165000,44.0346,44.0346,43.95,43.99,42764,0
MDLN.US,5,20251224,165500,43.98,44.23,43.93,44.13,69022,0
MDLN.US,5,20251224,170000,44.15,44.15,43.93,44.1,71183,0
MDLN.US,5,20251224,170500,44.1,44.3,44.02,44.25,86198,0
MDLN.US,5,20251224,171000,44.25,44.62,44.21,44.375,141727,0
MDLN.US,5,20251224,171500,44.375,44.4,44.02,44.125,34005,0
MDLN.US,5,20251224,172000,44.195,44.8,44.09,44.78,50523,0
MDLN.US,5,20251224,172500,44.75,45,44.71,44.84,32809,0
MDLN.US,5,20251224,173000,44.865,45,44.78,44.825,79932,0
MDLN.US,5,20251224,173500,44.825,44.94,44.726,44.89,33415,0
MDLN.US,5,20251224,174000,44.8985,45,44.835,44.905,31761,0
MDLN.US,5,20251224,174500,44.905,44.969,44.84,44.89,31648,0
MDLN.US,5,20251224,175000,44.89,45.01,44.8401,44.97,53718,0
MDLN.US,5,20251224,175500,44.985,45.01,44.91,44.98,36420,0
MDLN.US,5,20251224,180000,44.99,45,44.7,44.76,63753,0
MDLN.US,5,20251224,180500,44.755,44.915,44.69,44.85,38899,0
MDLN.US,5,20251224,181000,44.855,44.915,44.77,44.865,26020,0
MDLN.US,5,20251224,181500,44.865,44.98,44.84,44.935,44967,0
MDLN.US,5,20251224,182000,44.935,44.935,44.76,44.82,34437,0
MDLN.US,5,20251224,182500,44.76,44.99,44.76,44.86,70224,0
MDLN.US,5,20251224,183000,44.835,44.84,44.6,44.6,28395,0
MDLN.US,5,20251224,183500,44.61,44.74,44.52,44.52,106206,0
MDLN.US,5,20251224,184000,44.535,44.575,44.345,44.495,70298,0
MDLN.US,5,20251224,184500,44.49,44.535,44.11,44.35,154488,0
MDLN.US,5,20251224,185000,44.33,44.425,44.11,44.31,67242,0
MDLN.US,5,20251224,185500,44.32,44.39,44.11,44.15,206565,0
MDLN.US,5,20251224,190000,44.15,44.29,44.11,44.28,80499,0
MDLN.US,5,20251226,153000,44.5,44.5,44.09,44.2,78598,0
MDLN.US,5,20251226,153500,44.3,44.37,44.03,44.335,52967,0
MDLN.US,5,20251226,154000,44.295,44.5,44.27,44.45,268497,0
MDLN.US,5,20251226,154500,44.4868,44.6499,44.404,44.41,99848,0
MDLN.US,5,20251226,155000,44.395,44.51,44.3501,44.44,35394,0
MDLN.US,5,20251226,155500,44.395,44.505,44.3683,44.5,21847,0
MDLN.US,5,20251226,160000,44.51,44.55,44.41,44.51,111059,0
MDLN.US,5,20251226,160500,44.51,44.83,44.46,44.73,385287,0
MDLN.US,5,20251226,161000,44.75,45.05,44.7,44.905,305346,0
MDLN.US,5,20251226,161500,44.86,44.8699,44.635,44.75,46489,0
MDLN.US,5,20251226,162000,44.765,44.78,44.685,44.73,33650,0
MDLN.US,5,20251226,162500,44.75,44.78,44.67,44.755,40750,0
MDLN.US,5,20251226,163000,44.755,44.92,44.7442,44.88,49613,0
MDLN.US,5,20251226,163500,44.88,45.01,44.81,44.86,191628,0
MDLN.US,5,20251226,164000,44.87,44.92,44.825,44.86,60845,0
MDLN.US,5,20251226,164500,44.86,44.9,44.695,44.79,44037,0
MDLN.US,5,20251226,165000,44.77,44.85,44.67,44.815,35143,0
MDLN.US,5,20251226,165500,44.84,44.905,44.815,44.84,54106,0
MDLN.US,5,20251226,170000,44.84,44.9,44.81,44.83,59847,0
MDLN.US,5,20251226,170500,44.825,44.91,44.825,44.9,48705,0
MDLN.US,5,20251226,171000,44.9,44.91,44.875,44.88,58387,0
MDLN.US,5,20251226,171500,44.89,45.2,44.85,45.13,101313,0
MDLN.US,5,20251226,172000,45.155,45.39,45.12,45.25,65261,0
MDLN.US,5,20251226,172500,45.215,45.25,45.1201,45.135,52866,0
MDLN.US,5,20251226,173000,45.135,45.24,45.01,45.075,61160,0
MDLN.US,5,20251226,173500,45.075,45.1,44.985,44.985,50331,0
MDLN.US,5,20251226,174000,44.99,45.11,44.98,45.08,52230,0
MDLN.US,5,20251226,174500,45.08,45.2499,45.04,45.155,53570,0
MDLN.US,5,20251226,175000,45.155,45.18,45.055,45.13,45148,0
MDLN.US,5,20251226,175500,45.12,45.17,45.085,45.15,46252,0
MDLN.US,5,20251226,180000,45.135,45.5,45.13,45.27,86234,0
MDLN.US,5,20251226,180500,45.275,45.32,45.075,45.075,65040,0
MDLN.US,5,20251226,181000,45.075,45.13,45.04,45.095,42508,0
MDLN.US,5,20251226,181500,45.1,45.12,45.05,45.085,40375,0
MDLN.US,5,20251226,182000,45.085,45.085,44.945,45.02,59969,0
MDLN.US,5,20251226,182500,45.02,45.17,44.995,45.1,42881,0
MDLN.US,5,20251226,183000,45.11,45.16,45.04,45.085,44747,0
MDLN.US,5,20251226,183500,45.09,45.14,45.065,45.1,61223,0
MDLN.US,5,20251226,184000,45.11,45.12,44.825,44.91,63023,0
MDLN.US,5,20251226,184500,44.91,45.08,44.89,45.02,36575,0
MDLN.US,5,20251226,185000,45.07,45.07,44.98,45.01,47166,0
MDLN.US,5,20251226,185500,45.01,45.1,44.945,45.07,45318,0
MDLN.US,5,20251226,190000,45.055,45.17,45.04,45.08,35824,0
MDLN.US,5,20251226,190500,45.1,45.12,45.02,45.12,40408,0
MDLN.US,5,20251226,191000,45.1,45.12,45.02,45.04,44392,0
MDLN.US,5,20251226,191500,45.04,45.045,44.93,44.96,33529,0
MDLN.US,5,20251226,192000,44.95,44.98,44.89,44.905,43783,0
MDLN.US,5,20251226,192500,44.9,45.0199,44.86,44.98,31247,0
MDLN.US,5,20251226,193000,44.98,45.01,44.83,44.98,35710,0
MDLN.US,5,20251226,193500,44.98,45,44.87,44.95,39467,0
MDLN.US,5,20251226,194000,44.925,45,44.87,45,33394,0
MDLN.US,5,20251226,194500,44.98,45,44.915,44.925,45039,0
MDLN.US,5,20251226,195000,44.94,44.99,44.9001,44.96,42978,0
MDLN.US,5,20251226,195500,44.95,44.97,44.87,44.91,52513,0
MDLN.US,5,20251226,200000,44.91,44.98,44.87,44.97,41813,0
MDLN.US,5,20251226,200500,44.925,45.03,44.925,45,43706,0
MDLN.US,5,20251226,201000,44.94,45,44.9,44.97,39625,0
MDLN.US,5,20251226,201500,44.94,44.98,44.905,44.925,48210,0
MDLN.US,5,20251226,202000,44.92,44.94,44.83,44.8525,51688,0
MDLN.US,5,20251226,202500,44.855,44.92,44.78,44.785,51747,0
MDLN.US,5,20251226,203000,44.785,44.85,44.75,44.78,45168,0
MDLN.US,5,20251226,203500,44.78,44.8,44.46,44.46,52523,0
MDLN.US,5,20251226,204000,44.46,44.582,44.2901,44.51,89139,0
MDLN.US,5,20251226,204500,44.52,44.545,44.3519,44.43,46765,0
MDLN.US,5,20251226,205000,44.39,44.58,44.37,44.48,44450,0
MDLN.US,5,20251226,205500,44.48,44.51,44.4,44.415,84296,0
MDLN.US,5,20251226,210000,44.42,44.5,44.36,44.385,44784,0
MDLN.US,5,20251226,210500,44.36,44.4699,44.18,44.345,68824,0
MDLN.US,5,20251226,211000,44.345,44.46,44.16,44.185,132833,0
MDLN.US,5,20251226,211500,44.185,44.29,44.12,44.17,70062,0
MDLN.US,5,20251226,212000,44.18,44.265,44.1419,44.22,68851,0
MDLN.US,5,20251226,212500,44.22,44.28,44.17,44.22,80969,0
MDLN.US,5,20251226,213000,44.225,44.225,43.985,44.021,92509,0
MDLN.US,5,20251226,213500,44.035,44.05,43.84,43.865,82589,0
MDLN.US,5,20251226,214000,43.865,43.89,43.63,43.835,100171,0
MDLN.US,5,20251226,214500,43.835,43.8899,43.61,43.735,125592,0
MDLN.US,5,20251226,215000,43.72,44.49,43.72,44.1199,513358,0
MDLN.US,5,20251226,215500,44.12,44.29,43.93,44.13,8186480,0
MDLN.US,5,20251229,153000,43.57,43.7918,42.14,42.92,268862,0
MDLN.US,5,20251229,153500,42.6964,42.92,42.2375,42.92,93230,0
MDLN.US,5,20251229,154000,42.91,43.5,42.84,42.9401,111497,0
MDLN.US,5,20251229,154500,43,43.05,42.575,42.78,49964,0
MDLN.US,5,20251229,155000,42.78,42.885,42.49,42.51,56406,0
MDLN.US,5,20251229,155500,42.49,42.77,42.4199,42.7,38083,0
MDLN.US,5,20251229,160000,42.59,42.77,42.46,42.52,65296,0
MDLN.US,5,20251229,160500,42.4796,42.53,42.08,42.45,88387,0
MDLN.US,5,20251229,161000,42.5,42.73,42.35,42.52,50430,0
MDLN.US,5,20251229,161500,42.55,42.5799,42.42,42.575,56314,0
MDLN.US,5,20251229,162000,42.575,42.7098,42.45,42.495,50364,0
MDLN.US,5,20251229,162500,42.495,42.66,42.495,42.515,54158,0
MDLN.US,5,20251229,163000,42.5,42.595,42.24,42.24,43467,0
MDLN.US,5,20251229,163500,42.24,42.26,41.91,42.0049,78256,0
MDLN.US,5,20251229,164000,42.03,42.33,41.75,42.33,81315,0
MDLN.US,5,20251229,164500,42.15,42.27,41.97,42.27,28661,0
MDLN.US,5,20251229,165000,42.12,42.49,42.12,42.28,58690,0
MDLN.US,5,20251229,165500,42.355,42.355,42,42,60582,0
MDLN.US,5,20251229,170000,42.0342,42.37,41.9,42.295,44436,0
MDLN.US,5,20251229,170500,42.27,42.3902,42.01,42.06,45804,0
MDLN.US,5,20251229,171000,42.06,42.2416,42,42.045,42625,0
MDLN.US,5,20251229,171500,42.045,42.13,41.97,42.075,50594,0
MDLN.US,5,20251229,172000,42.1,42.17,42,42.05,41601,0
MDLN.US,5,20251229,172500,42.05,42.0881,41.735,41.8,68527,0
MDLN.US,5,20251229,173000,41.8,41.95,41.76,41.95,54484,0
MDLN.US,5,20251229,173500,41.91,42.3,41.8,42.09,54808,0
MDLN.US,5,20251229,174000,42.005,42.32,42.005,42.105,56191,0
MDLN.US,5,20251229,174500,42.105,42.105,41.87,41.915,68550,0
MDLN.US,5,20251229,175000,41.9,42.13,41.89,41.98,71110,0
MDLN.US,5,20251229,175500,41.98,42.02,41.8,41.82,44087,0
MDLN.US,5,20251229,180000,41.83,41.98,41.82,41.93,28832,0
MDLN.US,5,20251229,180500,41.915,41.97,41.87,41.875,34677,0
MDLN.US,5,20251229,181000,41.87,41.965,41.87,41.955,34639,0
MDLN.US,5,20251229,181500,41.955,41.955,41.9,41.91,22932,0
MDLN.US,5,20251229,182000,41.91,42.215,41.88,41.945,56545,0
MDLN.US,5,20251229,182500,41.945,42.105,41.93,41.97,28354,0
MDLN.US,5,20251229,183000,41.97,42.01,41.91,42.01,36600,0
MDLN.US,5,20251229,183500,41.995,42.04,41.96,42.005,63924,0
MDLN.US,5,20251229,184000,41.97,42.27,41.97,42.245,63917,0
MDLN.US,5,20251229,184500,42.245,42.3,42.07,42.191,53642,0
MDLN.US,5,20251229,185000,42.16,42.18,42,42.135,55918,0
MDLN.US,5,20251229,185500,42.18,42.255,42.08,42.14,57618,0
MDLN.US,5,20251229,190000,42.17,42.45,42.14,42.39,31404,0
MDLN.US,5,20251229,190500,42.39,42.405,42.175,42.25,41905,0
MDLN.US,5,20251229,191000,42.25,42.375,42.2,42.355,45529,0
MDLN.US,5,20251229,191500,42.35,42.6,42.3,42.53,25744,0
MDLN.US,5,20251229,192000,42.53,42.67,42.525,42.57,51717,0
MDLN.US,5,20251229,192500,42.568,42.61,42.55,42.565,17447,0
MDLN.US,5,20251229,193000,42.55,42.57,42.345,42.47,56597,0
MDLN.US,5,20251229,193500,42.475,42.6199,42.475,42.575,30905,0
MDLN.US,5,20251229,194000,42.54,42.6,42.44,42.56,47451,0
MDLN.US,5,20251229,194500,42.59,42.6,42.51,42.585,30474,0
MDLN.US,5,20251229,195000,42.585,42.65,42.51,42.51,28761,0
MDLN.US,5,20251229,195500,42.53,42.58,42.5,42.57,23614,0
MDLN.US,5,20251229,200000,42.535,42.57,42.5,42.525,16453,0
MDLN.US,5,20251229,200500,42.525,42.569,42.39,42.515,78263,0
MDLN.US,5,20251229,201000,42.515,42.515,42.45,42.474,32069,0
MDLN.US,5,20251229,201500,42.49,42.51,42.32,42.32,74089,0
MDLN.US,5,20251229,202000,42.32,42.43,42.24,42.26,74557,0
MDLN.US,5,20251229,202500,42.26,42.29,42.175,42.25,35415,0
MDLN.US,5,20251229,203000,42.28,42.3,42.11,42.12,40023,0
MDLN.US,5,20251229,203500,42.11,42.16,42.01,42.06,49018,0
MDLN.US,5,20251229,204000,42.05,42.09,41.95,42,36079,0
MDLN.US,5,20251229,204500,42.04,42.09,41.99,42.035,30408,0
MDLN.US,5,20251229,205000,42.08,42.38,42.075,42.12,33536,0
MDLN.US,5,20251229,205500,42.14,42.21,42.095,42.1175,62433,0
MDLN.US,5,20251229,210000,42.11,42.23,42.11,42.155,28386,0
MDLN.US,5,20251229,210500,42.155,42.18,42.04,42.055,43123,0
MDLN.US,5,20251229,211000,42.04,42.09,41.98,42.01,33203,0
MDLN.US,5,20251229,211500,42,42.03,41.95,42.03,45330,0
MDLN.US,5,20251229,212000,42.03,42.145,41.97,42,35817,0
MDLN.US,5,20251229,212500,42,42.005,41.83,42,45158,0
MDLN.US,5,20251229,213000,41.99,42.06,41.92,41.98,41182,0
MDLN.US,5,20251229,213500,41.98,42.04,41.975,41.9899,36089,0
MDLN.US,5,20251229,214000,41.97,42,41.96,41.97,35743,0
MDLN.US,5,20251229,214500,41.97,42,41.965,41.985,31916,0
MDLN.US,5,20251229,215000,41.97,42.12,41.89,42.11,111238,0
MDLN.US,5,20251229,215500,42.115,42.115,41.86,42,1322240,0
MDLN.US,5,20251230,153000,42.105,42.2672,41.93,42.1,142708,0
MDLN.US,5,20251230,153500,42.21,42.365,41.79,41.91,19217,0
MDLN.US,5,20251230,154000,41.865,42.13,41.8001,41.965,25577,0
MDLN.US,5,20251230,154500,41.965,42,41.73,41.88,27807,0
MDLN.US,5,20251230,155000,42.02,42.02,41.85,41.9,13165,0
MDLN.US,5,20251230,155500,41.9,42.2664,41.85,42.055,18747,0
MDLN.US,5,20251230,160000,42.055,42.2813,42,42.255,29658,0
MDLN.US,5,20251230,160500,42.255,42.26,41.98,42.03,20277,0
MDLN.US,5,20251230,161000,42.064,42.1172,41.925,42.06,19577,0
MDLN.US,5,20251230,161500,42.06,42.1,41.98,41.99,13313,0
MDLN.US,5,20251230,162000,42,42.14,41.985,42.05,28897,0
MDLN.US,5,20251230,162500,42.065,42.14,41.97,42.05,37749,0
MDLN.US,5,20251230,163000,42.04,42.08,41.99,42.055,24140,0
MDLN.US,5,20251230,163500,42.05,42.08,41.98,42.04,29993,0
MDLN.US,5,20251230,164000,42.055,42.22,42,42.0116,45087,0
MDLN.US,5,20251230,164500,42.03,42.28,41.995,42.18,42833,0
MDLN.US,5,20251230,165000,42.18,42.2726,42.04,42.2101,35475,0
MDLN.US,5,20251230,165500,42.23,42.4,42.22,42.385,41785,0
MDLN.US,5,20251230,170000,42.3992,42.5,42.345,42.425,74532,0
MDLN.US,5,20251230,170500,42.41,42.45,42.135,42.165,41713,0
MDLN.US,5,20251230,171000,42.165,42.43,42.165,42.385,32848,0
MDLN.US,5,20251230,171500,42.385,42.5,42.38,42.43,44069,0
MDLN.US,5,20251230,172000,42.43,42.5,42.425,42.46,27650,0
MDLN.US,5,20251230,172500,42.46,42.5,42.4,42.4248,25443,0
MDLN.US,5,20251230,173000,42.41,42.43,42.365,42.39,32019,0
MDLN.US,5,20251230,173500,42.38,42.5,42.375,42.39,41498,0
MDLN.US,5,20251230,174000,42.38,42.4,42.2801,42.32,38178,0
MDLN.US,5,20251230,174500,42.311,42.33,42.175,42.26,38296,0
MDLN.US,5,20251230,175000,42.245,42.31,42.165,42.22,30206,0
MDLN.US,5,20251230,175500,42.24,42.335,42.135,42.335,39796,0
MDLN.US,5,20251230,180000,42.335,42.38,42.26,42.29,38322,0
MDLN.US,5,20251230,180500,42.28,42.36,42.26,42.34,25230,0
MDLN.US,5,20251230,181000,42.34,42.37,42.27,42.3,22263,0
MDLN.US,5,20251230,181500,42.3,42.42,42.3,42.35,34593,0
MDLN.US,5,20251230,182000,42.365,42.365,42.17,42.22,34919,0
MDLN.US,5,20251230,182500,42.265,42.3,42.15,42.18,21855,0
MDLN.US,5,20251230,183000,42.175,42.37,42.175,42.37,40832,0
MDLN.US,5,20251230,183500,42.37,42.37,42.27,42.29,25350,0
MDLN.US,5,20251230,184000,42.27,42.31,42.18,42.21,27919,0
MDLN.US,5,20251230,184500,42.21,42.23,42.13,42.145,21691,0
MDLN.US,5,20251230,185000,42.14,42.29,42.13,42.16,33250,0
MDLN.US,5,20251230,185500,42.14,42.15,42.01,42.0472,26162,0
MDLN.US,5,20251230,190000,42.05,42.225,41.925,42.225,93309,0
MDLN.US,5,20251230,190500,42.225,42.41,42.17,42.335,66943,0
MDLN.US,5,20251230,191000,42.335,42.37,42.28,42.325,25524,0
MDLN.US,5,20251230,191500,42.34,42.45,42.3,42.38,39224,0
MDLN.US,5,20251230,192000,42.4,42.45,42.37,42.415,51856,0
MDLN.US,5,20251230,192500,42.43,42.65,42.43,42.63,43627,0
MDLN.US,5,20251230,193000,42.63,42.77,42.55,42.62,26828,0
MDLN.US,5,20251230,193500,42.62,42.7,42.6114,42.6114,24056,0
MDLN.US,5,20251230,194000,42.62,42.69,42.6,42.675,21789,0
MDLN.US,5,20251230,194500,42.675,42.85,42.675,42.715,45781,0
MDLN.US,5,20251230,195000,42.715,42.74,42.64,42.6879,25775,0
MDLN.US,5,20251230,195500,42.7,42.816,42.7,42.775,16213,0
MDLN.US,5,20251230,200000,42.78,42.8286,42.7,42.8,39179,0
MDLN.US,5,20251230,200500,42.78,42.93,42.78,42.9272,54914,0
MDLN.US,5,20251230,201000,42.935,43,42.87,42.89,14578,0
MDLN.US,5,20251230,201500,42.89,42.91,42.72,42.865,27937,0
MDLN.US,5,20251230,202000,42.865,43.1,42.85,43.055,43631,0
MDLN.US,5,20251230,202500,43.055,43.0847,42.99,43.07,16688,0
MDLN.US,5,20251230,203000,43.065,43.08,42.94,42.955,26859,0
MDLN.US,5,20251230,203500,42.9697,43.06,42.81,43.045,48048,0
MDLN.US,5,20251230,204000,43.03,43.06,42.875,43.02,29216,0
MDLN.US,5,20251230,204500,43.03,43.1,43.03,43.065,22160,0
MDLN.US,5,20251230,205000,43.065,43.08,43.01,43.06,23645,0
MDLN.US,5,20251230,205500,43.06,43.08,43,43.04,47234,0
MDLN.US,5,20251230,210000,43.06,43.275,43.01,43.1902,39307,0
MDLN.US,5,20251230,210500,43.17,43.17,42.69,42.83,68576,0
MDLN.US,5,20251230,211000,42.84,43,42.68,42.76,55708,0
MDLN.US,5,20251230,211500,42.68,42.72,42.555,42.72,53389,0
MDLN.US,5,20251230,212000,42.84,42.935,42.76,42.935,32745,0
MDLN.US,5,20251230,212500,42.89,42.905,42.82,42.835,39442,0
MDLN.US,5,20251230,213000,42.835,42.85,42.63,42.66,40103,0
MDLN.US,5,20251230,213500,42.6631,42.68,42.49,42.51,30688,0
MDLN.US,5,20251230,214000,42.51,42.53,42.21,42.255,53867,0
MDLN.US,5,20251230,214500,42.22,42.3,41.86,41.91,111770,0
MDLN.US,5,20251230,215000,41.95,42.16,41.7,41.91,150899,0
MDLN.US,5,20251230,215500,41.92,41.96,41.61,41.86,2743515,0
MDLN.US,5,20251231,153000,41.94,42.04,41.56,41.69,38978,0
MDLN.US,5,20251231,153500,41.77,41.85,41.2934,41.3474,22582,0
MDLN.US,5,20251231,154000,41.42,41.65,41.21,41.4,36981,0
MDLN.US,5,20251231,154500,41.53,41.92,41.525,41.6,31781,0
MDLN.US,5,20251231,155000,41.6501,41.6501,41.3401,41.465,15124,0
MDLN.US,5,20251231,155500,41.47,41.55,41.3005,41.47,27222,0
MDLN.US,5,20251231,160000,41.54,41.89,41.45,41.845,37171,0
MDLN.US,5,20251231,160500,41.89,41.995,41.59,41.685,53298,0
MDLN.US,5,20251231,161000,41.71,41.84,41.66,41.795,17153,0
MDLN.US,5,20251231,161500,41.795,41.88,41.61,41.79,31040,0
MDLN.US,5,20251231,162000,41.82,42.1275,41.78,42.01,28523,0
MDLN.US,5,20251231,162500,42.025,42.025,41.7,41.7,29079,0
MDLN.US,5,20251231,163000,41.7,41.8192,41.5,41.69,43521,0
MDLN.US,5,20251231,163500,41.67,41.73,41.51,41.61,49792,0
MDLN.US,5,20251231,164000,41.56,41.68,41.45,41.68,35240,0
MDLN.US,5,20251231,164500,41.66,41.73,41.59,41.71,21433,0
MDLN.US,5,20251231,165000,41.71,41.99,41.6,41.6,53038,0
MDLN.US,5,20251231,165500,41.6,41.705,41.55,41.705,20843,0
MDLN.US,5,20251231,170000,41.72,41.92,41.71,41.905,17447,0
MDLN.US,5,20251231,170500,41.905,41.905,41.67,41.775,28590,0
MDLN.US,5,20251231,171000,41.75,41.76,41.65,41.725,17039,0
MDLN.US,5,20251231,171500,41.725,41.89,41.725,41.84,25490,0
MDLN.US,5,20251231,172000,41.84,41.95,41.81,41.87,21579,0
MDLN.US,5,20251231,172500,41.85,41.9697,41.83,41.94,18717,0
MDLN.US,5,20251231,173000,41.94,41.98,41.86,41.87,18475,0
MDLN.US,5,20251231,173500,41.9,42.01,41.88,41.99,26668,0
MDLN.US,5,20251231,174000,41.99,42.03,41.92,41.92,25629,0
MDLN.US,5,20251231,174500,41.925,41.96,41.885,41.95,15531,0
MDLN.US,5,20251231,175000,41.965,41.98,41.88,41.935,22488,0
MDLN.US,5,20251231,175500,41.9005,41.9225,41.85,41.89,12979,0
MDLN.US,5,20251231,180000,41.915,41.95,41.83,41.865,30889,0
MDLN.US,5,20251231,180500,41.865,41.935,41.845,41.93,15529,0
MDLN.US,5,20251231,181000,41.93,41.97,41.83,41.96,39459,0
MDLN.US,5,20251231,181500,41.935,42.01,41.89,41.98,28670,0
MDLN.US,5,20251231,182000,41.985,42.09,41.9,41.91,27797,0
MDLN.US,5,20251231,182500,41.9391,42.02,41.9,41.975,16319,0
MDLN.US,5,20251231,183000,41.93,42.02,41.91,41.975,17575,0
MDLN.US,5,20251231,183500,41.975,42.21,41.97,42.175,28139,0
MDLN.US,5,20251231,184000,42.175,42.4,42.17,42.245,43035,0
MDLN.US,5,20251231,184500,42.245,42.28,42.02,42.065,35725,0
MDLN.US,5,20251231,185000,42.065,42.12,41.88,42.07,44401,0
MDLN.US,5,20251231,185500,42.065,42.23,41.97,42.23,29425,0
MDLN.US,5,20251231,190000,42.235,42.315,42.02,42.1,41794,0
MDLN.US,5,20251231,190500,42.1,42.22,42.02,42.09,40250,0
MDLN.US,5,20251231,191000,42.09,42.17,41.98,41.99,15903,0
MDLN.US,5,20251231,191500,42.01,42.155,41.89,41.91,30052,0
MDLN.US,5,20251231,192000,41.91,42.035,41.89,42.005,17239,0
MDLN.US,5,20251231,192500,42.005,42.0565,41.9,41.935,29053,0
MDLN.US,5,20251231,193000,41.91,42.01,41.91,41.98,9372,0
MDLN.US,5,20251231,193500,41.98,42.03,41.9,41.99,19434,0
MDLN.US,5,20251231,194000,41.99,42,41.91,41.95,24141,0
MDLN.US,5,20251231,194500,41.935,42.02,41.91,41.96,17266,0
MDLN.US,5,20251231,195000,41.94,42.01,41.91,42,22588,0
MDLN.US,5,20251231,195500,42,42.035,41.9001,41.91,24509,0
MDLN.US,5,20251231,200000,41.935,42.08,41.935,41.98,31608,0
MDLN.US,5,20251231,200500,41.95,41.9896,41.911,41.965,15776,0
MDLN.US,5,20251231,201000,41.965,42,41.8,41.83,30027,0
MDLN.US,5,20251231,201500,41.83,41.9445,41.82,41.895,24995,0
MDLN.US,5,20251231,202000,41.895,41.93,41.79,41.795,21694,0
MDLN.US,5,20251231,202500,41.795,41.95,41.765,41.895,17482,0
MDLN.US,5,20251231,203000,41.89,41.94,41.87,41.9,13730,0
MDLN.US,5,20251231,203500,41.9,41.9,41.84,41.87,16247,0
MDLN.US,5,20251231,204000,41.87,41.93,41.83,41.87,19062,0
MDLN.US,5,20251231,204500,41.87,42.05,41.85,42.025,44672,0
MDLN.US,5,20251231,205000,42.025,42.025,41.92,41.98,35629,0
MDLN.US,5,20251231,205500,41.98,42.05,41.95,42.025,18436,0
MDLN.US,5,20251231,210000,42.03,42.28,42,42.185,40893,0
MDLN.US,5,20251231,210500,42.22,42.22,42.12,42.132,16766,0
MDLN.US,5,20251231,211000,42.13,42.13,42,42.075,19932,0
MDLN.US,5,20251231,211500,42.05,42.05,41.895,42.04,17263,0
MDLN.US,5,20251231,212000,42.025,42.18,41.98,42.14,32787,0
MDLN.US,5,20251231,212500,42.175,42.175,41.93,42.025,47764,0
MDLN.US,5,20251231,213000,42.0326,42.23,42,42.15,18494,0
MDLN.US,5,20251231,213500,42.22,42.61,42.16,42.61,65072,0
MDLN.US,5,20251231,214000,42.565,43.08,42.51,42.63,93201,0
MDLN.US,5,20251231,214500,42.63,42.63,42.29,42.4,73730,0
MDLN.US,5,20251231,215000,42.43,42.57,42.175,42.345,144279,0
MDLN.US,5,20251231,215500,42.23,42.24,41.97,42,2412760,0
MDLN.US,5,20260102,153000,41.91,42.04,40.88,41.2199,95150,0
MDLN.US,5,20260102,153500,41.16,41.3399,41.01,41.185,71828,0
MDLN.US,5,20260102,154000,41.185,41.3,40.74,41.1901,161899,0
MDLN.US,5,20260102,154500,41.38,41.43,40.9,41.225,75488,0
MDLN.US,5,20260102,155000,41.225,41.225,40.8,41.08,61096,0
MDLN.US,5,20260102,155500,41.09,41.09,40.51,40.53,46591,0
MDLN.US,5,20260102,160000,40.585,40.59,40.13,40.21,84498,0
MDLN.US,5,20260102,160500,40.22,40.37,40,40.26,99065,0
MDLN.US,5,20260102,161000,40.26,40.47,40.0344,40.085,75917,0
MDLN.US,5,20260102,161500,40.085,40.56,40,40.5,115347,0
MDLN.US,5,20260102,162000,40.5,40.5299,40.27,40.355,30222,0
MDLN.US,5,20260102,162500,40.33,40.4346,40.25,40.33,54164,0
MDLN.US,5,20260102,163000,40.33,40.46,40.28,40.43,41303,0
MDLN.US,5,20260102,163500,40.43,40.46,40.32,40.4,73976,0
MDLN.US,5,20260102,164000,40.42,40.5,40.3,40.31,34107,0
MDLN.US,5,20260102,164500,40.35,40.5321,40.27,40.355,49859,0
MDLN.US,5,20260102,165000,40.36,40.4,40.18,40.195,65232,0
MDLN.US,5,20260102,165500,40.195,40.575,40.13,40.56,69753,0
MDLN.US,5,20260102,170000,40.59,40.932,40.55,40.64,73245,0
MDLN.US,5,20260102,170500,40.63,40.65,40.505,40.625,42765,0
MDLN.US,5,20260102,171000,40.645,40.645,40.4,40.42,41992,0
MDLN.US,5,20260102,171500,40.405,40.52,40.405,40.48,25590,0
MDLN.US,5,20260102,172000,40.505,40.505,40.38,40.46,33658,0
MDLN.US,5,20260102,172500,40.46,40.52,40.375,40.375,32093,0
MDLN.US,5,20260102,173000,40.35,40.54,40.34,40.46,34355,0
MDLN.US,5,20260102,173500,40.47,40.501,40.4,40.42,30791,0
MDLN.US,5,20260102,174000,40.42,40.45,40.3,40.31,38006,0
MDLN.US,5,20260102,174500,40.3,40.38,40.24,40.365,37454,0
MDLN.US,5,20260102,175000,40.365,40.39,40.219,40.22,41785,0
MDLN.US,5,20260102,175500,40.23,40.31,40.23,40.31,35279,0
MDLN.US,5,20260102,180000,40.34,40.37,40.25,40.26,27916,0
MDLN.US,5,20260102,180500,40.26,40.39,40.26,40.315,39382,0
MDLN.US,5,20260102,181000,40.315,40.315,40.115,40.14,45167,0
MDLN.US,5,20260102,181500,40.15,40.3,40.11,40.265,35411,0
MDLN.US,5,20260102,182000,40.265,40.38,40.24,40.37,33414,0
MDLN.US,5,20260102,182500,40.37,40.52,40.37,40.52,44035,0
MDLN.US,5,20260102,183000,40.5,40.52,40.37,40.41,32941,0
MDLN.US,5,20260102,183500,40.41,40.5,40.35,40.43,37592,0
MDLN.US,5,20260102,184000,40.41,40.45,40.3,40.375,31745,0
MDLN.US,5,20260102,184500,40.375,40.39,40.25,40.285,22706,0
MDLN.US,5,20260102,185000,40.31,40.35,40.245,40.295,39129,0
MDLN.US,5,20260102,185500,40.295,40.32,40.27,40.31,23382,0
MDLN.US,5,20260102,190000,40.31,40.39,40.3003,40.345,28169,0
MDLN.US,5,20260102,190500,40.33,40.36,40.28,40.29,23700,0
MDLN.US,5,20260102,191000,40.29,40.34,40.22,40.245,26789,0
MDLN.US,5,20260102,191500,40.25,40.4,40.22,40.37,35291,0
MDLN.US,5,20260102,192000,40.37,40.43,40.3,40.4,27680,0
MDLN.US,5,20260102,192500,40.4,40.5,40.29,40.32,29204,0
MDLN.US,5,20260102,193000,40.3344,40.39,40.3,40.39,25171,0
MDLN.US,5,20260102,193500,40.39,40.515,40.37,40.445,29038,0
MDLN.US,5,20260102,194000,40.43,40.48,40.4,40.42,25883,0
MDLN.US,5,20260102,194500,40.42,40.5,40.35,40.35,27291,0
MDLN.US,5,20260102,195000,40.395,40.49,40.34,40.415,24897,0
MDLN.US,5,20260102,195500,40.415,40.59,40.4,40.485,51565,0
MDLN.US,5,20260102,200000,40.506,40.57,40.47,40.57,31739,0
MDLN.US,5,20260102,200500,40.57,40.9,40.57,40.89,41309,0
MDLN.US,5,20260102,201000,40.89,40.89,40.76,40.795,63740,0
MDLN.US,5,20260102,201500,40.79,40.83,40.71,40.71,22001,0
MDLN.US,5,20260102,202000,40.71,40.85,40.63,40.83,30610,0
MDLN.US,5,20260102,202500,40.845,40.845,40.72,40.77,29717,0
MDLN.US,5,20260102,203000,40.77,40.79,40.71,40.72,21713,0
MDLN.US,5,20260102,203500,40.73,40.79,40.7,40.72,40815,0
MDLN.US,5,20260102,204000,40.7,40.76,40.55,40.72,46230,0
MDLN.US,5,20260102,204500,40.73,40.805,40.71,40.795,35932,0
MDLN.US,5,20260102,205000,40.795,40.855,40.77,40.815,33027,0
MDLN.US,5,20260102,205500,40.815,40.815,40.56,40.615,34506,0
MDLN.US,5,20260102,210000,40.615,40.67,40.52,40.52,37577,0
MDLN.US,5,20260102,210500,40.53,40.7,40.5,40.665,46085,0
MDLN.US,5,20260102,211000,40.665,40.74,40.6,40.62,24968,0
MDLN.US,5,20260102,211500,40.6,40.62,40.5,40.53,34963,0
MDLN.US,5,20260102,212000,40.545,40.56,40.46,40.525,36766,0
MDLN.US,5,20260102,212500,40.525,40.54,40.4,40.4,35665,0
MDLN.US,5,20260102,213000,40.4,40.51,40.39,40.41,38519,0
MDLN.US,5,20260102,213500,40.41,40.55,40.4,40.54,49032,0
MDLN.US,5,20260102,214000,40.54,40.57,40.45,40.545,37162,0
MDLN.US,5,20260102,214500,40.55,40.59,40.4101,40.51,41605,0
MDLN.US,5,20260102,215000,40.52,41.02,40.52,40.88,101878,0
MDLN.US,5,20260102,215500,40.81,40.8349,40.57,40.62,1230860,0
MDLN.US,5,20260105,153000,40.55,41,40.43,40.75,32988,0
MDLN.US,5,20260105,153500,40.75,40.8,40.5,40.6499,11777,0
MDLN.US,5,20260105,154000,40.575,41,40.47,40.64,35328,0
MDLN.US,5,20260105,154500,40.73,41,40.11,40.2,73698,0
MDLN.US,5,20260105,155000,40.19,40.59,39.7,39.895,249521,0
MDLN.US,5,20260105,155500,39.8,39.98,39.57,39.6,159399,0
MDLN.US,5,20260105,160000,39.645,39.645,39.252,39.52,163647,0
MDLN.US,5,20260105,160500,39.525,39.8872,39.37,39.6825,176838,0
MDLN.US,5,20260105,161000,39.685,40,39.65,39.65,80676,0
MDLN.US,5,20260105,161500,39.65,39.74,39.49,39.57,61198,0
MDLN.US,5,20260105,162000,39.51,39.645,39.4,39.4001,121320,0
MDLN.US,5,20260105,162500,39.435,39.59,39.37,39.49,52926,0
MDLN.US,5,20260105,163000,39.5,39.63,39.39,39.5808,53903,0
MDLN.US,5,20260105,163500,39.58,39.58,39.39,39.475,54521,0
MDLN.US,5,20260105,164000,39.475,39.72,39.414,39.67,32156,0
MDLN.US,5,20260105,164500,39.67,39.86,39.65,39.86,51776,0
MDLN.US,5,20260105,165000,39.86,39.9899,39.78,39.94,44770,0
MDLN.US,5,20260105,165500,39.95,39.9781,39.73,39.835,61491,0
MDLN.US,5,20260105,170000,39.835,39.9476,39.72,39.9398,116810,0
MDLN.US,5,20260105,170500,39.935,39.96,39.71,39.77,82330,0
MDLN.US,5,20260105,171000,39.77,39.91,39.77,39.895,25314,0
MDLN.US,5,20260105,171500,39.895,39.98,39.85,39.97,36404,0
MDLN.US,5,20260105,172000,39.96,40.01,39.8566,39.89,28990,0
MDLN.US,5,20260105,172500,39.82,39.99,39.82,39.975,42532,0
MDLN.US,5,20260105,173000,39.975,40.015,39.94,39.97,33729,0
MDLN.US,5,20260105,173500,39.97,39.975,39.57,39.67,29115,0
MDLN.US,5,20260105,174000,39.625,39.67,39.59,39.64,22398,0
MDLN.US,5,20260105,174500,39.6699,39.78,39.63,39.685,47983,0
MDLN.US,5,20260105,175000,39.66,39.79,39.56,39.56,45571,0
MDLN.US,5,20260105,175500,39.58,39.6,39.5,39.55,35378,0
MDLN.US,5,20260105,180000,39.55,39.61,39.49,39.54,34780,0
MDLN.US,5,20260105,180500,39.565,39.5675,39.3,39.355,26048,0
MDLN.US,5,20260105,181000,39.355,39.58,39.32,39.51,46282,0
MDLN.US,5,20260105,181500,39.51,39.57,39.42,39.52,88212,0
MDLN.US,5,20260105,182000,39.525,39.655,39.42,39.44,25037,0
MDLN.US,5,20260105,182500,39.5,39.51,39.39,39.48,29533,0
MDLN.US,5,20260105,183000,39.48,39.6584,39.415,39.46,63652,0
MDLN.US,5,20260105,183500,39.46,39.62,39.46,39.6,65711,0
MDLN.US,5,20260105,184000,39.6,39.78,39.54,39.78,35986,0
MDLN.US,5,20260105,184500,39.78,39.78,39.57,39.685,23235,0
MDLN.US,5,20260105,185000,39.685,39.73,39.64,39.712,21911,0
MDLN.US,5,20260105,185500,39.695,39.89,39.66,39.8599,33293,0
MDLN.US,5,20260105,190000,39.835,39.91,39.71,39.755,24767,0
MDLN.US,5,20260105,190500,39.755,39.91,39.71,39.78,34445,0
MDLN.US,5,20260105,191000,39.78,39.88,39.78,39.82,17289,0
MDLN.US,5,20260105,191500,39.82,39.83,39.74,39.765,28376,0
MDLN.US,5,20260105,192000,39.765,39.81,39.61,39.71,51583,0
MDLN.US,5,20260105,192500,39.71,39.78,39.66,39.76,21920,0
MDLN.US,5,20260105,193000,39.76,39.78,39.64,39.71,30535,0
MDLN.US,5,20260105,193500,39.72,39.7397,39.69,39.715,21772,0
MDLN.US,5,20260105,194000,39.715,39.715,39.64,39.665,14788,0
MDLN.US,5,20260105,194500,39.665,39.795,39.64,39.73,32633,0
MDLN.US,5,20260105,195000,39.75,39.79,39.68,39.77,26390,0
MDLN.US,5,20260105,195500,39.76,39.76,39.68,39.705,17602,0
MDLN.US,5,20260105,200000,39.68,39.73,39.64,39.64,46912,0
MDLN.US,5,20260105,200500,39.665,39.67,39.5,39.51,30129,0
MDLN.US,5,20260105,201000,39.5,39.56,39.45,39.515,49000,0
MDLN.US,5,20260105,201500,39.5,39.53,39.49,39.505,22487,0
MDLN.US,5,20260105,202000,39.505,39.52,39.45,39.45,13726,0
MDLN.US,5,20260105,202500,39.475,39.52,39.44,39.48,28198,0
MDLN.US,5,20260105,203000,39.48,39.48,39.3,39.375,48485,0
MDLN.US,5,20260105,203500,39.375,39.38,39.12,39.185,48125,0
MDLN.US,5,20260105,204000,39.175,39.27,39.14,39.24,47244,0
MDLN.US,5,20260105,204500,39.24,39.3142,39.22,39.25,44767,0
MDLN.US,5,20260105,205000,39.24,39.29,39.22,39.275,34426,0
MDLN.US,5,20260105,205500,39.275,39.3091,39.2171,39.295,81030,0
MDLN.US,5,20260105,210000,39.295,39.42,39.23,39.245,40814,0
MDLN.US,5,20260105,210500,39.245,39.4,39.23,39.365,62852,0
MDLN.US,5,20260105,211000,39.365,39.41,39.24,39.24,39607,0
MDLN.US,5,20260105,211500,39.26,39.31,39.23,39.24,59002,0
MDLN.US,5,20260105,212000,39.275,39.275,39.12,39.205,75121,0
MDLN.US,5,20260105,212500,39.205,39.22,39.16,39.18,48985,0
MDLN.US,5,20260105,213000,39.195,39.195,39.05,39.125,76746,0
MDLN.US,5,20260105,213500,39.1,39.37,39.1,39.25,49761,0
MDLN.US,5,20260105,214000,39.25,39.33,39.25,39.29,68418,0
MDLN.US,5,20260105,214500,39.295,39.32,39.05,39.27,189755,0
MDLN.US,5,20260105,215000,39.275,39.315,39.16,39.2,147657,0
MDLN.US,5,20260105,215500,39.19,39.28,38.93,38.96,417516,0
MDLN.US,5,20260106,153000,38.87,39.11,38.5,39.065,84853,0
MDLN.US,5,20260106,153500,39.065,39.54,38.62,39.025,76315,0
MDLN.US,5,20260106,154000,39.025,39.4041,38.83,39.35,48294,0
MDLN.US,5,20260106,154500,39.285,39.3975,39.07,39.35,35238,0
MDLN.US,5,20260106,155000,39.355,39.555,39.24,39.3,31915,0
MDLN.US,5,20260106,155500,39.305,39.48,38.91,39.3356,15083,0
MDLN.US,5,20260106,160000,39.12,39.15,38.91,39.13,29626,0
MDLN.US,5,20260106,160500,39.13,39.3171,39,39.03,35900,0
MDLN.US,5,20260106,161000,39.06,39.135,38.92,38.945,34013,0
MDLN.US,5,20260106,161500,39.02,39.21,38.81,39.21,94202,0
MDLN.US,5,20260106,162000,39.21,39.3499,39.13,39.24,70010,0
MDLN.US,5,20260106,162500,39.24,39.615,39.225,39.615,86318,0
MDLN.US,5,20260106,163000,39.6075,39.625,39.28,39.34,42104,0
MDLN.US,5,20260106,163500,39.34,39.445,39.21,39.235,47597,0
MDLN.US,5,20260106,164000,39.235,39.29,39,39.025,32037,0
MDLN.US,5,20260106,164500,39.025,39.17,39,39.01,64639,0
MDLN.US,5,20260106,165000,39.015,39.295,39,39.1,35015,0
MDLN.US,5,20260106,165500,39.165,39.405,39.01,39.305,39345,0
MDLN.US,5,20260106,170000,39.305,39.425,39.195,39.22,43503,0
MDLN.US,5,20260106,170500,39.27,39.29,39.11,39.165,20837,0
MDLN.US,5,20260106,171000,39.165,39.28,39.08,39.13,61954,0
MDLN.US,5,20260106,171500,39.16,39.25,39.12,39.155,38610,0
MDLN.US,5,20260106,172000,39.155,39.23,39.12,39.14,48661,0
MDLN.US,5,20260106,172500,39.18,39.39,39.14,39.23,33149,0
MDLN.US,5,20260106,173000,39.31,39.4512,39.23,39.245,20091,0
MDLN.US,5,20260106,173500,39.23,39.34,39.19,39.27,18023,0
MDLN.US,5,20260106,174000,39.25,39.275,39.19,39.24,14029,0
MDLN.US,5,20260106,174500,39.24,39.305,39.21,39.26,14283,0
MDLN.US,5,20260106,175000,39.29,39.62,39.26,39.47,29272,0
MDLN.US,5,20260106,175500,39.47,39.47,39.41,39.435,16314,0
MDLN.US,5,20260106,180000,39.45,39.4799,39.37,39.39,22964,0
MDLN.US,5,20260106,180500,39.39,39.53,39.38,39.45,19137,0
MDLN.US,5,20260106,181000,39.45,39.49,39.42,39.465,16832,0
MDLN.US,5,20260106,181500,39.49,39.64,39.44,39.595,21906,0
MDLN.US,5,20260106,182000,39.595,39.725,39.56,39.715,15495,0
MDLN.US,5,20260106,182500,39.715,39.75,39.58,39.605,46530,0
MDLN.US,5,20260106,183000,39.605,39.89,39.605,39.74,15850,0
MDLN.US,5,20260106,183500,39.74,39.79,39.7111,39.76,14247,0
MDLN.US,5,20260106,184000,39.76,39.795,39.55,39.74,38601,0
MDLN.US,5,20260106,184500,39.71,39.7458,39.61,39.66,8894,0
MDLN.US,5,20260106,185000,39.705,39.81,39.62,39.765,24286,0
MDLN.US,5,20260106,185500,39.755,39.755,39.52,39.565,42064,0
MDLN.US,5,20260106,190000,39.61,39.63,39.36,39.51,69491,0
MDLN.US,5,20260106,190500,39.5,39.5,39.32,39.33,21131,0
MDLN.US,5,20260106,191000,39.32,39.32,39.03,39.205,26504,0
MDLN.US,5,20260106,191500,39.205,39.3,39.06,39.26,21898,0
MDLN.US,5,20260106,192000,39.29,39.335,39.14,39.14,13156,0
MDLN.US,5,20260106,192500,39.185,39.325,39.13,39.27,26254,0
MDLN.US,5,20260106,193000,39.28,39.28,39.2,39.24,10820,0
MDLN.US,5,20260106,193500,39.18,39.435,39.14,39.435,41611,0
MDLN.US,5,20260106,194000,39.435,39.4797,39.34,39.43,23972,0
MDLN.US,5,20260106,194500,39.38,39.68,39.37,39.62,58999,0
MDLN.US,5,20260106,195000,39.605,39.715,39.48,39.52,79278,0
MDLN.US,5,20260106,195500,39.475,39.54,39.4,39.46,13371,0
MDLN.US,5,20260106,200000,39.45,39.46,39.34,39.42,37798,0
MDLN.US,5,20260106,200500,39.42,39.42,39.32,39.37,14608,0
MDLN.US,5,20260106,201000,39.37,39.385,39.33,39.35,15536,0
MDLN.US,5,20260106,201500,39.35,39.4381,39.35,39.38,40163,0
MDLN.US,5,20260106,202000,39.38,39.43,39.33,39.395,27885,0
MDLN.US,5,20260106,202500,39.36,39.46,39.35,39.445,19468,0
MDLN.US,5,20260106,203000,39.445,39.6272,39.44,39.47,19851,0
MDLN.US,5,20260106,203500,39.47,39.49,39.41,39.46,13037,0
MDLN.US,5,20260106,204000,39.46,39.46,39.33,39.4,29390,0
MDLN.US,5,20260106,204500,39.41,39.435,39.345,39.375,20109,0
MDLN.US,5,20260106,205000,39.375,39.42,39.35,39.38,18469,0
MDLN.US,5,20260106,205500,39.38,39.47,39.37,39.45,21860,0
MDLN.US,5,20260106,210000,39.42,39.58,39.335,39.5,31709,0
MDLN.US,5,20260106,210500,39.57,39.581,39.45,39.55,26846,0
MDLN.US,5,20260106,211000,39.55,39.69,39.54,39.6499,43903,0
MDLN.US,5,20260106,211500,39.65,39.7,39.53,39.665,24090,0
MDLN.US,5,20260106,212000,39.665,39.67,39.48,39.52,22404,0
MDLN.US,5,20260106,212500,39.52,39.57,39.425,39.485,29034,0
MDLN.US,5,20260106,213000,39.485,39.52,39.4,39.425,15113,0
MDLN.US,5,20260106,213500,39.455,39.51,39.3912,39.45,34286,0
MDLN.US,5,20260106,214000,39.475,39.65,39.45,39.595,61445,0
MDLN.US,5,20260106,214500,39.595,39.63,39.45,39.57,28878,0
MDLN.US,5,20260106,215000,39.5799,39.71,39.54,39.64,110415,0
MDLN.US,5,20260106,215500,39.65,39.8,39.635,39.77,1351241,0
MDLN.US,5,20260107,153000,39.37,40,39.25,39.71,90887,0
MDLN.US,5,20260107,153500,39.622,40.34,39.3863,40.16,17500,0
MDLN.US,5,20260107,154000,40.0715,40.25,39.96,40.25,43584,0
MDLN.US,5,20260107,154500,40.24,40.6,40.15,40.27,42384,0
MDLN.US,5,20260107,155000,40.25,40.415,40.15,40.345,21232,0
MDLN.US,5,20260107,155500,40.41,40.565,40.32,40.485,31182,0
MDLN.US,5,20260107,160000,40.485,40.485,40.2,40.2,55679,0
MDLN.US,5,20260107,160500,40.2,40.65,40.15,40.545,23653,0
MDLN.US,5,20260107,161000,40.555,40.555,40.42,40.45,19252,0
MDLN.US,5,20260107,161500,40.45,40.47,40.3601,40.425,10877,0
MDLN.US,5,20260107,162000,40.4225,40.46,40.32,40.375,19323,0
MDLN.US,5,20260107,162500,40.375,40.465,40.3,40.465,13720,0
MDLN.US,5,20260107,163000,40.465,40.56,40.44,40.5,13529,0
MDLN.US,5,20260107,163500,40.5,40.68,40.45,40.675,13571,0
MDLN.US,5,20260107,164000,40.69,40.72,40.574,40.66,11818,0
MDLN.US,5,20260107,164500,40.66,40.68,40.6,40.64,14734,0
MDLN.US,5,20260107,165000,40.6205,40.64,40.54,40.555,4261,0
MDLN.US,5,20260107,165500,40.555,40.68,40.5,40.68,5532,0
MDLN.US,5,20260107,170000,40.66,40.88,40.66,40.855,24519,0
MDLN.US,5,20260107,170500,40.855,40.95,40.82,40.89,24802,0
MDLN.US,5,20260107,171000,40.8225,41.05,40.8225,41.02,41545,0
MDLN.US,5,20260107,171500,41.03,41.048,40.8,40.8,22128,0
MDLN.US,5,20260107,172000,40.815,40.88,40.815,40.88,3694,0
MDLN.US,5,20260107,172500,40.88,40.88,40.64,40.645,9147,0
MDLN.US,5,20260107,173000,40.655,40.66,40.5,40.505,20838,0
MDLN.US,5,20260107,173500,40.49,40.49,40.305,40.39,12319,0
MDLN.US,5,20260107,174000,40.39,40.58,40.39,40.41,59269,0
MDLN.US,5,20260107,174500,40.41,40.56,40.38,40.405,37629,0
MDLN.US,5,20260107,175000,40.4,40.44,40.2701,40.2701,22374,0
MDLN.US,5,20260107,175500,40.3,40.415,40.29,40.41,18358,0
MDLN.US,5,20260107,180000,40.38,40.44,40.27,40.27,10391,0
MDLN.US,5,20260107,180500,40.33,40.43,40.31,40.32,5159,0
MDLN.US,5,20260107,181000,40.36,40.41,40.32,40.325,8901,0
MDLN.US,5,20260107,181500,40.33,40.39,40.33,40.36,4048,0
MDLN.US,5,20260107,182000,40.36,40.3882,40.31,40.34,9662,0
MDLN.US,5,20260107,182500,40.34,40.37,40.3,40.33,6158,0
MDLN.US,5,20260107,183000,40.3,40.345,40.27,40.345,8819,0
MDLN.US,5,20260107,183500,40.3288,40.35,40.2838,40.34,23428,0
MDLN.US,5,20260107,184000,40.34,40.39,40.31,40.37,6579,0
MDLN.US,5,20260107,184500,40.35,40.37,40.3,40.3,6270,0
MDLN.US,5,20260107,185000,40.33,40.37,40.25,40.2599,11972,0
MDLN.US,5,20260107,185500,40.33,40.41,40.305,40.41,7649,0
MDLN.US,5,20260107,190000,40.425,40.4426,40.4,40.425,6222,0
MDLN.US,5,20260107,190500,40.425,40.45,40.34,40.35,6035,0
MDLN.US,5,20260107,191000,40.39,40.44,40.35,40.44,5658,0
MDLN.US,5,20260107,191500,40.4,40.4,40.21,40.21,9009,0
MDLN.US,5,20260107,192000,40.21,40.33,40.18,40.33,5440,0
MDLN.US,5,20260107,192500,40.31,40.355,40.27,40.355,17346,0
MDLN.US,5,20260107,193000,40.33,40.38,40.33,40.37,15026,0
MDLN.US,5,20260107,193500,40.345,40.37,40.28,40.295,5893,0
MDLN.US,5,20260107,194000,40.28,40.295,40.25,40.255,4962,0
MDLN.US,5,20260107,194500,40.255,40.255,40.2,40.23,9481,0
MDLN.US,5,20260107,195000,40.23,40.3,40.23,40.27,8657,0
MDLN.US,5,20260107,195500,40.27,40.31,40.26,40.26,5567,0
MDLN.US,5,20260107,200000,40.28,40.32,40.23,40.32,8102,0
MDLN.US,5,20260107,200500,40.32,40.48,40.32,40.445,15717,0
MDLN.US,5,20260107,201000,40.445,40.5,40.42,40.44,15928,0
MDLN.US,5,20260107,201500,40.48,40.4855,40.385,40.4,19647,0
MDLN.US,5,20260107,202000,40.39,40.52,40.36,40.4,18833,0
MDLN.US,5,20260107,202500,40.4,40.5,40.4,40.4999,8370,0
MDLN.US,5,20260107,203000,40.5,40.52,40.46,40.465,10571,0
MDLN.US,5,20260107,203500,40.49,40.5,40.445,40.5,10050,0
MDLN.US,5,20260107,204000,40.5,40.52,40.4583,40.5,8676,0
MDLN.US,5,20260107,204500,40.5,40.6,40.48,40.57,11029,0
MDLN.US,5,20260107,205000,40.555,40.64,40.555,40.64,11370,0
MDLN.US,5,20260107,205500,40.615,40.69,40.61,40.65,18064,0
MDLN.US,5,20260107,210000,40.64,40.7,40.51,40.51,14644,0
MDLN.US,5,20260107,210500,40.51,40.52,40.36,40.38,12579,0
MDLN.US,5,20260107,211000,40.365,40.48,40.365,40.41,15681,0
MDLN.US,5,20260107,211500,40.42,40.53,40.42,40.47,35741,0
MDLN.US,5,20260107,212000,40.47,40.51,40.38,40.41,40399,0
MDLN.US,5,20260107,212500,40.43,40.43,40.35,40.36,24215,0
MDLN.US,5,20260107,213000,40.355,40.53,40.355,40.51,36998,0
MDLN.US,5,20260107,213500,40.47,40.47,40.355,40.46,28209,0
MDLN.US,5,20260107,214000,40.46,40.505,40.34,40.345,22605,0
MDLN.US,5,20260107,214500,40.35,40.48,40.32,40.48,30805,0
MDLN.US,5,20260107,215000,40.45,40.45,40.2001,40.25,53935,0
MDLN.US,5,20260107,215500,40.32,40.65,40.11,40.43,870166,0
MDLN.US,5,20260108,153000,40.25,40.7,40,40.62,34841,0
MDLN.US,5,20260108,153500,40.475,40.77,40.475,40.5398,21772,0
MDLN.US,5,20260108,154000,40.78,40.8,40.5,40.698,19575,0
MDLN.US,5,20260108,154500,40.8,40.9,40.715,40.79,4394,0
MDLN.US,5,20260108,155000,40.715,40.9,40.6758,40.6758,5754,0
MDLN.US,5,20260108,155500,40.765,40.935,40.765,40.805,12139,0
MDLN.US,5,20260108,160000,40.82,40.86,40.6001,40.6001,45491,0
MDLN.US,5,20260108,160500,40.7,40.8,40.67,40.72,9585,0
MDLN.US,5,20260108,161000,40.725,40.725,40.51,40.525,15213,0
MDLN.US,5,20260108,161500,40.525,40.94,40.525,40.89,193308,0
MDLN.US,5,20260108,162000,40.83,40.835,40.63,40.71,24636,0
MDLN.US,5,20260108,162500,40.74,40.74,40.61,40.61,7708,0
MDLN.US,5,20260108,163000,40.5,40.92,40.48,40.92,36503,0
MDLN.US,5,20260108,163500,40.95,41.09,40.885,40.95,39812,0
MDLN.US,5,20260108,164000,40.95,41,40.79,40.805,49755,0
MDLN.US,5,20260108,164500,40.86,41,40.8401,40.9,9182,0
MDLN.US,5,20260108,165000,40.9,40.98,40.821,40.98,6927,0
MDLN.US,5,20260108,165500,40.9,40.98,40.7846,40.825,9442,0
MDLN.US,5,20260108,170000,40.825,40.87,40.774,40.87,9239,0
MDLN.US,5,20260108,170500,40.87,40.88,40.76,40.78,4865,0
MDLN.US,5,20260108,171000,40.76,40.89,40.74,40.84,29845,0
MDLN.US,5,20260108,171500,40.85,40.94,40.835,40.94,4956,0
MDLN.US,5,20260108,172000,40.94,41.1,40.86,40.975,18584,0
MDLN.US,5,20260108,172500,40.975,41.14,40.904,41.14,18475,0
MDLN.US,5,20260108,173000,41.12,41.15,40.97,40.97,46933,0
MDLN.US,5,20260108,173500,40.94,41.25,40.92,41.25,132363,0
MDLN.US,5,20260108,174000,41.22,41.63,41.22,41.47,91048,0
MDLN.US,5,20260108,174500,41.5,41.56,41.36,41.4201,59350,0
MDLN.US,5,20260108,175000,41.425,41.48,41.25,41.25,48503,0
MDLN.US,5,20260108,175500,41.29,41.49,41.27,41.44,8952,0
MDLN.US,5,20260108,180000,41.43,41.45,41.33,41.34,14591,0
MDLN.US,5,20260108,180500,41.365,41.42,41.365,41.4,2712,0
MDLN.US,5,20260108,181000,41.4,41.42,41.35,41.365,29893,0
MDLN.US,5,20260108,181500,41.36,41.39,41.31,41.355,23179,0
MDLN.US,5,20260108,182000,41.355,41.455,41.32,41.43,37452,0
MDLN.US,5,20260108,182500,41.42,41.6,41.42,41.55,68964,0
MDLN.US,5,20260108,183000,41.5,41.55,41.41,41.455,17071,0
MDLN.US,5,20260108,183500,41.455,41.4568,41.3,41.3,31574,0
MDLN.US,5,20260108,184000,41.365,41.41,41.3,41.315,43387,0
MDLN.US,5,20260108,184500,41.315,41.48,41.25,41.34,70260,0
MDLN.US,5,20260108,185000,41.305,41.52,41.27,41.42,71294,0
MDLN.US,5,20260108,185500,41.43,41.465,41.33,41.34,9610,0
MDLN.US,5,20260108,190000,41.32,41.55,41.32,41.45,66986,0
MDLN.US,5,20260108,190500,41.5,41.5,41.32,41.34,14746,0
MDLN.US,5,20260108,191000,41.34,41.41,41.26,41.39,13632,0
MDLN.US,5,20260108,191500,41.31,41.39,41.3,41.375,6900,0
MDLN.US,5,20260108,192000,41.39,41.39,41.21,41.23,19019,0
MDLN.US,5,20260108,192500,41.24,41.31,41.2186,41.29,3911,0
MDLN.US,5,20260108,193000,41.29,41.39,41.29,41.39,6430,0
MDLN.US,5,20260108,193500,41.33,41.34,41.22,41.2988,7935,0
MDLN.US,5,20260108,194000,41.265,41.33,41.2,41.33,46002,0
MDLN.US,5,20260108,194500,41.32,41.43,41.3,41.355,6566,0
MDLN.US,5,20260108,195000,41.36,41.42,41.3,41.36,5850,0
MDLN.US,5,20260108,195500,41.36,41.365,41.28,41.293,7682,0
MDLN.US,5,20260108,200000,41.31,41.42,41.27,41.36,8900,0
MDLN.US,5,20260108,200500,41.36,41.4,41.3,41.4,4700,0
MDLN.US,5,20260108,201000,41.32,41.425,41.32,41.375,9173,0
MDLN.US,5,20260108,201500,41.375,41.395,41.315,41.36,7075,0
MDLN.US,5,20260108,202000,41.34,41.39,41.33,41.39,8861,0
MDLN.US,5,20260108,202500,41.39,41.4399,41.35,41.415,10744,0
MDLN.US,5,20260108,203000,41.429,41.429,41.2875,41.31,18480,0
MDLN.US,5,20260108,203500,41.275,41.275,41.06,41.06,24089,0
MDLN.US,5,20260108,204000,41.12,41.24,41.11,41.21,16420,0
MDLN.US,5,20260108,204500,41.24,41.27,41.16,41.225,10120,0
MDLN.US,5,20260108,205000,41.225,41.27,41.16,41.21,10929,0
MDLN.US,5,20260108,205500,41.2186,41.24,41.09,41.13,16986,0
MDLN.US,5,20260108,210000,41.13,41.17,41.01,41.03,52100,0
MDLN.US,5,20260108,210500,41.03,41.14,40.93,41.105,145835,0
MDLN.US,5,20260108,211000,41.105,41.54,40.92,41.505,342969,0
MDLN.US,5,20260108,211500,41.54,41.57,41.41,41.45,69520,0
MDLN.US,5,20260108,212000,41.5,41.64,41.39,41.43,27232,0
MDLN.US,5,20260108,212500,41.43,41.43,41.35,41.415,12099,0
MDLN.US,5,20260108,213000,41.42,41.48,41.42,41.46,11871,0
MDLN.US,5,20260108,213500,41.4408,41.47,41.36,41.41,19902,0
MDLN.US,5,20260108,214000,41.4,41.51,41.3901,41.48,16789,0
MDLN.US,5,20260108,214500,41.45,41.49,41.18,41.26,34186,0
MDLN.US,5,20260108,215000,41.2,41.29,40.9501,41.05,56542,0
MDLN.US,5,20260108,215500,41.04,41.27,40.95,41.25,1153568,0
