<TICKER>,<PER>,<DATE>,<TIME>,<OPEN>,<HIGH>,<LOW>,<CLOSE>,<VOL>,<OPENINT>
MFMO.US,5,20251209,165000,20.03,20.03,20.0232,20.0232,450,0
MFMO.US,5,20251209,165500,20.06,20.06,20.0465,20.0465,750,0
MFMO.US,5,20251209,170000,20.0632,20.08,20.0632,20.0796,6400,0
MFMO.US,5,20251209,170500,20.08,20.08,20.08,20.08,500,0
MFMO.US,5,20251209,173500,20.1,20.1,20.1,20.1,100,0
MFMO.US,5,20251209,174000,20.08,20.08,20.0796,20.0796,2000,0
MFMO.US,5,20251209,174500,20.09,20.09,20.07,20.07,4000,0
MFMO.US,5,20251209,175500,20.1,20.1,20.1,20.1,200,0
MFMO.US,5,20251209,180000,20.11,20.11,20.11,20.11,1000,0
MFMO.US,5,20251209,182000,20.095,20.095,20.09,20.09,700,0
MFMO.US,5,20251209,182500,20.09,20.09,20.07,20.0899,400,0
MFMO.US,5,20251209,185000,20.0396,20.04,20.0396,20.04,500,0
MFMO.US,5,20251209,185500,20.04,20.04,20.04,20.04,500,0
MFMO.US,5,20251209,190000,20.05,20.05,20.0499,20.05,470,0
MFMO.US,5,20251209,191500,20.0274,20.0274,20.0274,20.0274,100,0
MFMO.US,5,20251209,192000,20.0336,20.0336,20.0336,20.0336,150,0
MFMO.US,5,20251209,192500,20.0496,20.05,20.0496,20.05,200,0
MFMO.US,5,20251209,193000,20.05,20.05,20.0499,20.0499,450,0
MFMO.US,5,20251209,200000,20.018,20.018,20.018,20.018,350,0
MFMO.US,5,20251209,201500,20.022,20.022,20.022,20.022,350,0
MFMO.US,5,20251209,203000,20.028,20.028,20.028,20.028,2000,0
MFMO.US,5,20251209,210000,20.0696,20.07,20.0696,20.07,200,0
MFMO.US,5,20251209,210500,20.0796,20.08,20.0796,20.08,200,0
MFMO.US,5,20251209,211500,20.0435,20.0435,20.0435,20.0435,1000,0
MFMO.US,5,20251210,153000,20.24,20.24,20,20,2370,0
MFMO.US,5,20251210,163500,19.93,19.93,19.93,19.93,200,0
MFMO.US,5,20251210,173000,19.99,19.99,19.9798,19.9798,490,0
MFMO.US,5,20251210,173500,19.9897,19.9897,19.9897,19.9897,100,0
MFMO.US,5,20251210,174500,19.97,19.97,19.97,19.97,100,0
MFMO.US,5,20251210,182000,19.9498,19.9498,19.9498,19.9498,500,0
MFMO.US,5,20251210,183500,19.94,19.94,19.9399,19.9399,200,0
MFMO.US,5,20251210,184500,19.93,19.93,19.93,19.93,100,0
MFMO.US,5,20251210,191000,19.945,19.945,19.945,19.945,250,0
MFMO.US,5,20251210,191500,19.95,19.95,19.95,19.95,100,0
MFMO.US,5,20251210,192500,19.93,19.93,19.93,19.93,100,0
MFMO.US,5,20251210,194000,19.93,19.93,19.9299,19.9299,384,0
MFMO.US,5,20251210,200000,19.96,19.96,19.96,19.96,100,0
MFMO.US,5,20251210,201500,20.01,20.01,20.01,20.01,100,0
MFMO.US,5,20251210,202000,20.02,20.02,19.99,19.99,300,0
MFMO.US,5,20251210,202500,19.95,19.95,19.95,19.95,200,0
MFMO.US,5,20251210,204000,19.98,19.98,19.98,19.98,550,0
MFMO.US,5,20251210,210000,20.1,20.1,20.1,20.1,100,0
MFMO.US,5,20251210,210500,20.12,20.12,20.12,20.12,100,0
MFMO.US,5,20251211,155500,19.852,19.852,19.84,19.84,600,0
MFMO.US,5,20251211,162500,20.02,20.02,20.02,20.02,200,0
MFMO.US,5,20251211,163000,19.98,19.98,19.98,19.98,250,0
MFMO.US,5,20251211,163500,19.9835,19.9835,19.9835,19.9835,100,0
MFMO.US,5,20251211,165500,19.99,19.99,19.99,19.99,100,0
MFMO.US,5,20251211,170500,19.97,19.975,19.97,19.975,831,0
MFMO.US,5,20251211,171500,19.945,19.945,19.945,19.945,350,0
MFMO.US,5,20251211,172000,19.97,19.97,19.97,19.97,5399,0
MFMO.US,5,20251211,172500,19.95,19.95,19.95,19.95,100,0
MFMO.US,5,20251211,174000,20.01,20.01,20.01,20.01,100,0
MFMO.US,5,20251211,174500,20.025,20.04,20.01,20.03,5296,0
MFMO.US,5,20251211,175000,20.02,20.02,20.02,20.02,100,0
MFMO.US,5,20251211,175500,19.99,19.99,19.99,19.99,200,0
MFMO.US,5,20251211,190500,20.1,20.1,20.1,20.1,401,0
MFMO.US,5,20251211,193500,20.13,20.13,20.13,20.13,100,0
MFMO.US,5,20251211,201500,20.19,20.19,20.1764,20.1764,2400,0
MFMO.US,5,20251211,203500,20.185,20.185,20.185,20.185,550,0
MFMO.US,5,20251211,213500,20.1831,20.1831,20.1831,20.1831,500,0
MFMO.US,5,20251211,214500,20.19,20.19,20.19,20.19,241,0
MFMO.US,5,20251211,215500,20.195,20.195,20.19,20.19,390,0
MFMO.US,5,20251212,160000,20.02,20.02,20.02,20.02,450,0
MFMO.US,5,20251212,161500,19.9,19.9,19.9,19.9,200,0
MFMO.US,5,20251212,211500,19.68,19.68,19.68,19.68,100,0
MFMO.US,5,20251212,212500,19.67,19.67,19.67,19.67,200,0
MFMO.US,5,20251215,161500,19.57,19.57,19.57,19.57,200,0
MFMO.US,5,20251215,163500,19.535,19.535,19.535,19.535,102,0
MFMO.US,5,20251215,180500,19.6,19.6,19.5932,19.5932,800,0
MFMO.US,5,20251215,181500,19.57,19.57,19.57,19.57,100,0
MFMO.US,5,20251215,182000,19.59,19.59,19.59,19.59,100,0
MFMO.US,5,20251215,185000,19.58,19.58,19.58,19.58,100,0
MFMO.US,5,20251215,192000,19.5593,19.5593,19.5593,19.5593,500,0
MFMO.US,5,20251215,192500,19.53,19.53,19.53,19.53,100,0
MFMO.US,5,20251215,194500,19.58,19.58,19.58,19.58,524,0
MFMO.US,5,20251215,202500,19.5699,19.5699,19.5699,19.5699,100,0
MFMO.US,5,20251215,204000,19.56,19.56,19.56,19.56,100,0
MFMO.US,5,20251215,212000,19.53,19.53,19.53,19.53,100,0
MFMO.US,5,20251216,153000,19.63,19.63,19.63,19.63,371,0
MFMO.US,5,20251216,154000,19.45,19.45,19.45,19.45,1000,0
MFMO.US,5,20251216,161500,19.46,19.46,19.46,19.46,200,0
MFMO.US,5,20251216,165000,19.38,19.38,19.38,19.38,472,0
MFMO.US,5,20251216,175000,19.4,19.4,19.4,19.4,100,0
MFMO.US,5,20251216,200000,19.43,19.43,19.42,19.42,2400,0
MFMO.US,5,20251216,212000,19.48,19.48,19.48,19.48,2739,0
MFMO.US,5,20251216,215500,19.49,19.49,19.49,19.49,100,0
MFMO.US,5,20251217,171000,19.3,19.3,19.29,19.29,1000,0
MFMO.US,5,20251217,180500,19.2468,19.2468,19.2468,19.2468,1300,0
MFMO.US,5,20251217,182000,19.29,19.29,19.29,19.29,100,0
MFMO.US,5,20251217,185000,19.25,19.25,19.25,19.25,1500,0
MFMO.US,5,20251217,193000,19.21,19.21,19.21,19.21,100,0
MFMO.US,5,20251217,202000,19.16,19.16,19.16,19.16,100,0
MFMO.US,5,20251217,203500,19.1,19.1,19.1,19.1,100,0
MFMO.US,5,20251217,205500,19.16,19.16,19.16,19.16,100,0
MFMO.US,5,20251217,211000,19.14,19.14,19.14,19.14,100,0
MFMO.US,5,20251218,153000,19.53,19.53,19.53,19.53,150,0
MFMO.US,5,20251218,162000,19.4,19.4,19.4,19.4,100,0
MFMO.US,5,20251218,164500,19.52,19.52,19.52,19.52,100,0
MFMO.US,5,20251218,172500,19.5,19.5,19.49,19.49,500,0
MFMO.US,5,20251218,174000,19.5195,19.5195,19.515,19.515,800,0
MFMO.US,5,20251218,174500,19.53,19.53,19.5299,19.5299,400,0
MFMO.US,5,20251218,180500,19.45,19.45,19.45,19.45,100,0
MFMO.US,5,20251218,182500,19.4,19.4,19.4,19.4,400,0
MFMO.US,5,20251218,183000,19.41,19.41,19.41,19.41,100,0
MFMO.US,5,20251218,184500,19.476,19.476,19.476,19.476,100,0
MFMO.US,5,20251218,194000,19.5299,19.5299,19.5299,19.5299,150,0
MFMO.US,5,20251218,201500,19.44,19.44,19.44,19.44,105,0
MFMO.US,5,20251218,204500,19.41,19.41,19.395,19.395,2572,0
MFMO.US,5,20251218,210000,19.38,19.38,19.38,19.38,500,0
MFMO.US,5,20251218,210500,19.42,19.42,19.42,19.42,100,0
MFMO.US,5,20251218,211500,19.4396,19.44,19.4396,19.44,621,0
MFMO.US,5,20251218,212000,19.425,19.425,19.425,19.425,100,0
MFMO.US,5,20251218,212500,19.45,19.45,19.4398,19.4398,800,0
MFMO.US,5,20251218,213000,19.44,19.44,19.44,19.44,100,0
MFMO.US,5,20251218,213500,19.442,19.442,19.442,19.442,500,0
MFMO.US,5,20251218,214000,19.435,19.435,19.435,19.435,110,0
MFMO.US,5,20251218,215500,19.42,19.42,19.42,19.42,257,0
MFMO.US,5,20251219,153000,19.59,19.59,19.59,19.59,1224,0
MFMO.US,5,20251219,154000,19.65,19.65,19.65,19.65,200,0
MFMO.US,5,20251219,154500,19.68,19.68,19.68,19.68,397,0
MFMO.US,5,20251219,160000,19.74,19.74,19.72,19.72,300,0
MFMO.US,5,20251219,162500,19.65,19.65,19.65,19.65,250,0
MFMO.US,5,20251219,163500,19.71,19.71,19.675,19.69,1634,0
MFMO.US,5,20251219,164500,19.67,19.67,19.6699,19.6699,1000,0
MFMO.US,5,20251219,165000,19.68,19.68,19.68,19.68,150,0
MFMO.US,5,20251219,170000,19.67,19.67,19.67,19.67,100,0
MFMO.US,5,20251219,171500,19.73,19.73,19.713,19.713,360,0
MFMO.US,5,20251219,172500,19.75,19.75,19.75,19.75,100,0
MFMO.US,5,20251219,175000,19.74,19.74,19.74,19.74,100,0
MFMO.US,5,20251219,183500,19.79,19.79,19.775,19.79,800,0
MFMO.US,5,20251219,184500,19.78,19.78,19.78,19.78,810,0
MFMO.US,5,20251219,185000,19.79,19.79,19.79,19.79,281,0
MFMO.US,5,20251219,191000,19.81,19.81,19.81,19.81,100,0
MFMO.US,5,20251219,191500,19.792,19.792,19.792,19.792,500,0
MFMO.US,5,20251219,193500,19.81,19.81,19.8099,19.8099,2000,0
MFMO.US,5,20251219,194000,19.8,19.8,19.8,19.8,100,0
MFMO.US,5,20251219,195000,19.78,19.78,19.78,19.78,100,0
MFMO.US,5,20251219,201000,19.7899,19.79,19.7899,19.79,400,0
MFMO.US,5,20251219,201500,19.78,19.78,19.7799,19.78,600,0
MFMO.US,5,20251219,203500,19.78,19.78,19.78,19.78,100,0
MFMO.US,5,20251219,211000,19.79,19.79,19.79,19.79,300,0
MFMO.US,5,20251219,213000,19.81,19.81,19.81,19.81,100,0
MFMO.US,5,20251219,213500,19.79,19.8,19.79,19.7999,500,0
MFMO.US,5,20251219,214000,19.8,19.8,19.7864,19.8,500,0
MFMO.US,5,20251219,215000,19.8,19.8,19.8,19.8,100,0
MFMO.US,5,20251219,215500,19.77,19.77,19.76,19.76,1000,0
MFMO.US,5,20251222,153000,20.02,20.12,20.02,20.12,1543,0
MFMO.US,5,20251222,154500,19.9199,19.92,19.9199,19.92,200,0
MFMO.US,5,20251222,155000,19.9,19.93,19.8999,19.93,300,0
MFMO.US,5,20251222,161500,19.895,19.895,19.89,19.89,1105,0
MFMO.US,5,20251222,163500,19.89,19.89,19.89,19.89,200,0
MFMO.US,5,20251222,173000,19.915,19.915,19.915,19.915,100,0
MFMO.US,5,20251222,173500,19.915,19.915,19.915,19.915,100,0
MFMO.US,5,20251222,180000,19.9292,19.9292,19.9292,19.9292,100,0
MFMO.US,5,20251222,183500,19.9274,19.9274,19.9274,19.9274,100,0
MFMO.US,5,20251222,184500,19.92,19.92,19.92,19.92,2596,0
MFMO.US,5,20251222,185000,19.92,19.92,19.92,19.92,205,0
MFMO.US,5,20251222,190500,19.92,19.92,19.92,19.92,1506,0
MFMO.US,5,20251222,192500,19.92,19.92,19.92,19.92,100,0
MFMO.US,5,20251222,193000,19.9299,19.93,19.915,19.92,1132,0
MFMO.US,5,20251222,193500,19.9101,19.9101,19.9101,19.9101,100,0
MFMO.US,5,20251222,195000,19.91,19.91,19.91,19.91,100,0
MFMO.US,5,20251222,195500,19.91,19.91,19.91,19.91,100,0
MFMO.US,5,20251222,200500,19.8874,19.8874,19.8874,19.8874,100,0
MFMO.US,5,20251223,155000,19.9,19.9,19.9,19.9,100,0
MFMO.US,5,20251223,171500,19.9274,19.9274,19.9274,19.9274,425,0
MFMO.US,5,20251223,175500,19.94,19.94,19.94,19.94,125,0
MFMO.US,5,20251223,181000,19.97,19.97,19.96,19.96,482,0
MFMO.US,5,20251223,182500,19.9613,19.9613,19.9613,19.9613,750,0
MFMO.US,5,20251223,183000,19.9616,19.9616,19.9616,19.9616,200,0
MFMO.US,5,20251223,185500,19.95,19.95,19.95,19.95,128,0
MFMO.US,5,20251223,190000,19.95,19.95,19.95,19.95,100,0
MFMO.US,5,20251223,200000,19.97,19.97,19.97,19.97,100,0
MFMO.US,5,20251223,211000,19.975,19.975,19.975,19.975,100,0
MFMO.US,5,20251223,213500,19.975,19.975,19.97,19.97,200,0
MFMO.US,5,20251223,215000,19.98,19.98,19.9799,19.9799,667,0
MFMO.US,5,20251224,153000,20.21,20.21,20,20,608,0
MFMO.US,5,20251224,154500,19.96,19.96,19.96,19.96,100,0
MFMO.US,5,20251224,164000,19.989,19.989,19.989,19.989,423,0
MFMO.US,5,20251224,165000,20.01,20.01,20.01,20.01,100,0
MFMO.US,5,20251226,155000,20.02,20.02,20.02,20.02,100,0
MFMO.US,5,20251226,161500,19.98,19.98,19.98,19.98,300,0
MFMO.US,5,20251226,212500,20.0088,20.0088,20.0088,20.0088,130,0
MFMO.US,5,20251229,153000,20.1,20.1,19.92,19.92,1118,0
MFMO.US,5,20251229,154000,19.9623,19.9623,19.96,19.96,500,0
MFMO.US,5,20251229,154500,19.94,19.94,19.92,19.92,952,0
MFMO.US,5,20251229,164500,19.89,19.895,19.89,19.89,300,0
MFMO.US,5,20251229,165500,19.88,19.88,19.86,19.86,350,0
MFMO.US,5,20251229,170000,19.88,19.88,19.88,19.88,500,0
MFMO.US,5,20251229,171500,19.88,19.88,19.88,19.88,100,0
MFMO.US,5,20251229,180000,19.88,19.88,19.88,19.88,200,0
MFMO.US,5,20251229,184000,19.85,19.85,19.85,19.85,100,0
MFMO.US,5,20251229,200000,19.87,19.87,19.87,19.87,100,0
MFMO.US,5,20251229,205500,19.93,19.93,19.93,19.93,100,0
MFMO.US,5,20251230,154500,19.86,19.86,19.86,19.86,100,0
MFMO.US,5,20251230,160000,19.89,19.89,19.89,19.89,100,0
MFMO.US,5,20251230,160500,19.88,19.88,19.8798,19.8798,500,0
MFMO.US,5,20251230,161000,19.85,19.85,19.8499,19.8499,2000,0
MFMO.US,5,20251230,161500,19.855,19.8595,19.855,19.8595,384,0
MFMO.US,5,20251230,163500,19.85,19.85,19.85,19.85,100,0
MFMO.US,5,20251230,172000,19.9153,19.9153,19.9153,19.9153,100,0
MFMO.US,5,20251230,172500,19.93,19.93,19.93,19.93,100,0
MFMO.US,5,20251230,173000,19.915,19.915,19.915,19.915,100,0
MFMO.US,5,20251230,174000,19.89,19.89,19.89,19.89,122,0
MFMO.US,5,20251230,174500,19.9,19.9,19.9,19.9,100,0
MFMO.US,5,20251230,175500,19.9,19.9,19.89,19.89,200,0
MFMO.US,5,20251230,182000,19.88,19.88,19.88,19.88,100,0
MFMO.US,5,20251230,201000,19.9,19.9,19.9,19.9,100,0
MFMO.US,5,20251230,210000,19.88,19.88,19.88,19.88,106,0
MFMO.US,5,20251230,215500,19.8411,19.845,19.8411,19.845,5138,0
MFMO.US,5,20251231,154500,19.78,19.78,19.78,19.78,100,0
MFMO.US,5,20251231,160500,19.8,19.8,19.77,19.7827,9200,0
MFMO.US,5,20251231,183000,19.785,19.785,19.785,19.785,100,0
MFMO.US,5,20251231,201500,19.79,19.79,19.79,19.79,100,0
MFMO.US,5,20251231,202500,19.78,19.78,19.78,19.78,100,0
MFMO.US,5,20251231,203000,19.75,19.75,19.75,19.75,813,0
MFMO.US,5,20251231,210000,19.73,19.73,19.73,19.73,200,0
MFMO.US,5,20260102,160000,19.9312,19.9312,19.9312,19.9312,100,0
MFMO.US,5,20260102,161000,19.87,19.87,19.87,19.87,200,0
MFMO.US,5,20260102,164000,19.872,19.872,19.872,19.872,226,0
MFMO.US,5,20260102,180000,19.7001,19.7165,19.7,19.7165,485,0
MFMO.US,5,20260102,205500,19.86,19.86,19.86,19.86,100,0
MFMO.US,5,20260102,214000,19.895,19.895,19.895,19.895,125,0
MFMO.US,5,20260102,214500,19.88,19.88,19.88,19.88,100,0
MFMO.US,5,20260105,153000,20.28,20.28,20.28,20.28,151,0
MFMO.US,5,20260105,163500,20.12,20.12,20.12,20.12,221,0
MFMO.US,5,20260105,170500,20.125,20.125,20.125,20.125,300,0
MFMO.US,5,20260105,173000,20.12,20.12,20.12,20.12,200,0
MFMO.US,5,20260105,191500,20.07,20.07,20.07,20.07,200,0
MFMO.US,5,20260105,205500,20.08,20.08,20.08,20.08,307,0
MFMO.US,5,20260105,211000,20.07,20.07,20.07,20.07,481,0
MFMO.US,5,20260105,212000,20.11,20.11,20.11,20.11,4318,0
MFMO.US,5,20260106,153000,20.07,20.07,20.07,20.07,2490,0
MFMO.US,5,20260106,172000,20.03,20.03,20.03,20.03,426,0
MFMO.US,5,20260106,180000,20.05,20.05,20.05,20.05,100,0
MFMO.US,5,20260106,181000,20.08,20.08,20.08,20.08,500,0
MFMO.US,5,20260106,191500,20.17,20.17,20.1699,20.1699,600,0
MFMO.US,5,20260106,192000,20.17,20.17,20.17,20.17,100,0
MFMO.US,5,20260106,192500,20.17,20.17,20.1596,20.1596,275,0
MFMO.US,5,20260106,193000,20.151,20.151,20.15,20.15,200,0
MFMO.US,5,20260106,200000,20.17,20.17,20.17,20.17,100,0
MFMO.US,5,20260106,200500,20.21,20.21,20.2099,20.2099,200,0
MFMO.US,5,20260106,201000,20.22,20.22,20.22,20.22,1000,0
MFMO.US,5,20260106,203000,20.225,20.225,20.225,20.225,150,0
MFMO.US,5,20260106,203500,20.2213,20.23,20.2213,20.23,300,0
MFMO.US,5,20260106,204000,20.2247,20.23,20.2247,20.23,600,0
MFMO.US,5,20260106,204500,20.2399,20.24,20.2399,20.24,400,0
MFMO.US,5,20260106,205500,20.2299,20.2299,20.2299,20.2299,226,0
MFMO.US,5,20260106,210500,20.23,20.23,20.2232,20.23,500,0
MFMO.US,5,20260106,211000,20.23,20.23,20.2299,20.2299,988,0
MFMO.US,5,20260106,211500,20.222,20.222,20.222,20.222,130,0
MFMO.US,5,20260106,212000,20.23,20.23,20.23,20.23,101,0
MFMO.US,5,20260106,213000,20.2299,20.23,20.2232,20.2232,1220,0
MFMO.US,5,20260106,213500,20.23,20.23,20.23,20.23,100,0
MFMO.US,5,20260106,214500,20.219,20.219,20.219,20.219,500,0
MFMO.US,5,20260107,153000,20.42,20.42,20.13,20.13,633,0
MFMO.US,5,20260107,162000,20.16,20.16,20.16,20.16,100,0
MFMO.US,5,20260107,163500,20.185,20.185,20.185,20.185,100,0
MFMO.US,5,20260107,165000,20.1984,20.1984,20.1984,20.1984,521,0
MFMO.US,5,20260107,165500,20.22,20.22,20.22,20.22,100,0
MFMO.US,5,20260107,170000,20.1938,20.1938,20.1938,20.1938,247,0
MFMO.US,5,20260107,171000,20.22,20.22,20.2,20.22,450,0
MFMO.US,5,20260107,171500,20.18,20.21,20.18,20.21,372,0
MFMO.US,5,20260107,172500,20.2,20.2,20.2,20.2,300,0
MFMO.US,5,20260107,173500,20.195,20.22,20.195,20.22,300,0
MFMO.US,5,20260107,174500,20.23,20.23,20.23,20.23,100,0
MFMO.US,5,20260107,175000,20.23,20.23,20.23,20.23,200,0
MFMO.US,5,20260107,175500,20.26,20.26,20.26,20.26,100,0
MFMO.US,5,20260107,181000,20.26,20.26,20.26,20.26,100,0
MFMO.US,5,20260107,182000,20.26,20.26,20.26,20.26,100,0
MFMO.US,5,20260107,185000,20.24,20.24,20.24,20.24,1335,0
MFMO.US,5,20260107,190500,20.2102,20.2102,20.2102,20.2102,1235,0
MFMO.US,5,20260107,191000,20.23,20.23,20.23,20.23,210,0
MFMO.US,5,20260107,193500,20.22,20.22,20.2199,20.2199,834,0
MFMO.US,5,20260107,200000,20.25,20.25,20.25,20.25,101,0
MFMO.US,5,20260107,200500,20.2388,20.2388,20.2388,20.2388,100,0
MFMO.US,5,20260107,201000,20.22,20.22,20.22,20.22,370,0
MFMO.US,5,20260107,203000,20.24,20.24,20.24,20.24,100,0
MFMO.US,5,20260107,204000,20.2399,20.24,20.2399,20.24,290,0
MFMO.US,5,20260107,211000,20.22,20.22,20.22,20.22,100,0
MFMO.US,5,20260107,212500,20.2,20.2,20.19,20.19,500,0
MFMO.US,5,20260107,215500,20.17,20.17,20.17,20.17,100,0
MFMO.US,5,20260108,153000,20.2,20.2,20.2,20.2,100,0
MFMO.US,5,20260108,153500,20.09,20.09,20.09,20.09,100,0
MFMO.US,5,20260108,154000,20.05,20.05,20.05,20.05,100,0
MFMO.US,5,20260108,155500,19.98,19.98,19.9799,19.9799,300,0
MFMO.US,5,20260108,162000,20.01,20.01,20.01,20.01,100,0
MFMO.US,5,20260108,162500,19.99,19.99,19.99,19.99,100,0
MFMO.US,5,20260108,163000,19.965,19.965,19.965,19.965,210,0
MFMO.US,5,20260108,164500,19.96,19.96,19.96,19.96,100,0
MFMO.US,5,20260108,165500,19.97,19.97,19.97,19.97,100,0
MFMO.US,5,20260108,174500,19.9899,19.99,19.9899,19.99,500,0
MFMO.US,5,20260108,180000,19.97,19.97,19.97,19.97,340,0
MFMO.US,5,20260108,180500,19.96,19.96,19.96,19.96,222,0
MFMO.US,5,20260108,183000,19.9599,19.97,19.9599,19.97,800,0
MFMO.US,5,20260108,191500,19.92,19.92,19.92,19.92,100,0
MFMO.US,5,20260108,195000,19.9,19.9,19.9,19.9,100,0
MFMO.US,5,20260108,201500,19.86,19.86,19.86,19.86,200,0
MFMO.US,5,20260108,202500,19.87,19.87,19.87,19.87,117,0
MFMO.US,5,20260108,203000,19.87,19.87,19.87,19.87,100,0
MFMO.US,5,20260108,205500,19.865,19.865,19.865,19.865,100,0
MFMO.US,5,20260108,212000,19.904,19.904,19.904,19.904,100,0
MFMO.US,5,20260108,214500,19.925,19.95,19.925,19.95,2700,0
