<TICKER>,<PER>,<DATE>,<TIME>,<OPEN>,<HIGH>,<LOW>,<CLOSE>,<VOL>,<OPENINT>
NIOG.US,5,20251219,173500,15.99,16,15.99,16,2000,0
NIOG.US,5,20251219,195000,15.87,15.87,15.87,15.87,288,0
NIOG.US,5,20251219,200000,15.87,15.87,15.863,15.87,594,0
NIOG.US,5,20251219,215500,15.87,15.87,15.86,15.86,400,0
NIOG.US,5,20251222,155000,16,16,16,16,314,0
NIOG.US,5,20251222,160000,15.85,15.85,15.85,15.85,594,0
NIOG.US,5,20251222,171000,16.01,16.01,16.01,16.01,100,0
NIOG.US,5,20251222,172500,15.87,15.87,15.87,15.87,184,0
NIOG.US,5,20251222,191500,15.87,15.87,15.87,15.87,100,0
NIOG.US,5,20251224,172500,15.06,15.06,15.06,15.06,960,0
NIOG.US,5,20251226,174000,16.3101,16.3101,16.3101,16.3101,321,0
NIOG.US,5,20251226,195500,16.68,16.68,16.68,16.68,200,0
NIOG.US,5,20251226,201000,16.625,16.625,16.625,16.625,200,0
NIOG.US,5,20251226,213500,16.612,16.612,16.612,16.612,150,0
NIOG.US,5,20251226,214000,16.69,16.69,16.69,16.69,135,0
NIOG.US,5,20251229,160500,17.54,17.54,17.54,17.54,104,0
NIOG.US,5,20251229,161000,17.59,17.6,17.59,17.6,1670,0
NIOG.US,5,20251229,162000,17.79,17.79,17.7899,17.7899,380,0
NIOG.US,5,20251229,165000,17.47,17.47,17.47,17.47,100,0
NIOG.US,5,20251229,181500,17.3972,17.3972,17.3972,17.3972,250,0
NIOG.US,5,20251229,184500,17.4,17.4,17.4,17.4,406,0
NIOG.US,5,20251229,185000,17.4082,17.4082,17.4082,17.4082,100,0
NIOG.US,5,20251229,185500,17.4599,17.4599,17.4599,17.4599,100,0
NIOG.US,5,20251229,190000,17.53,17.53,17.4888,17.4888,2000,0
NIOG.US,5,20251229,191500,17.47,17.47,17.47,17.47,100,0
NIOG.US,5,20251229,192500,17.47,17.47,17.47,17.47,224,0
NIOG.US,5,20251229,201500,17.46,17.46,17.46,17.46,200,0
NIOG.US,5,20251229,215500,17.945,17.945,17.945,17.945,600,0
NIOG.US,5,20251230,153000,19.12,19.12,19.12,19.12,100,0
NIOG.US,5,20251230,153500,19.655,19.655,19.655,19.655,100,0
NIOG.US,5,20251230,154000,19.8,20.06,19.8,20.06,300,0
NIOG.US,5,20251230,154500,20.47,20.47,20.4,20.4,250,0
NIOG.US,5,20251230,155000,20.07,20.27,20.07,20.27,296,0
NIOG.US,5,20251230,155500,21.04,21.04,20.2404,20.2404,2240,0
NIOG.US,5,20251230,160000,20.13,20.13,19.93,19.93,643,0
NIOG.US,5,20251230,161000,20.13,20.13,20.13,20.13,100,0
NIOG.US,5,20251230,163000,20.87,20.87,20.79,20.79,300,0
NIOG.US,5,20251230,164000,20.47,20.47,20.47,20.47,2566,0
NIOG.US,5,20251230,164500,20.39,20.39,20.39,20.39,100,0
NIOG.US,5,20251230,170000,20.27,20.27,20.22,20.22,900,0
NIOG.US,5,20251230,170500,19.9,19.9,19.9,19.9,100,0
NIOG.US,5,20251230,175000,19.66,19.66,19.66,19.66,100,0
NIOG.US,5,20251230,184000,19.5899,19.59,19.5899,19.59,1000,0
NIOG.US,5,20251230,184500,19.65,19.65,19.59,19.59,2777,0
NIOG.US,5,20251230,185000,19.59,19.59,19.59,19.59,289,0
NIOG.US,5,20251230,191500,19.65,19.65,19.65,19.65,300,0
NIOG.US,5,20251230,193000,19.62,19.62,19.56,19.56,520,0
NIOG.US,5,20251230,193500,19.46,19.46,19.31,19.46,700,0
NIOG.US,5,20251230,211000,19.4,19.4,19.4,19.4,500,0
NIOG.US,5,20251230,212500,19.35,19.35,19.35,19.35,100,0
NIOG.US,5,20251230,213500,19.31,19.31,19.31,19.31,260,0
NIOG.US,5,20251231,153000,18.61,18.61,16.77,16.77,1010,0
NIOG.US,5,20251231,153500,16.62,16.63,16.62,16.63,1900,0
NIOG.US,5,20251231,154000,16.15,16.15,16.15,16.15,200,0
NIOG.US,5,20251231,154500,15.93,15.94,15.93,15.94,700,0
NIOG.US,5,20251231,155000,15.95,15.95,15.87,15.94,1954,0
NIOG.US,5,20251231,155500,15.94,15.94,15.94,15.94,481,0
NIOG.US,5,20251231,160500,15.93,15.94,15.87,15.87,2168,0
NIOG.US,5,20251231,161000,15.86,15.86,15.82,15.82,300,0
NIOG.US,5,20251231,161500,15.8,15.8,15.8,15.8,403,0
NIOG.US,5,20251231,163000,15.58,15.58,15.58,15.58,200,0
NIOG.US,5,20251231,164000,15.51,15.51,15.51,15.51,100,0
NIOG.US,5,20251231,165500,15.59,15.59,15.52,15.52,372,0
NIOG.US,5,20251231,172000,15.45,15.45,15.45,15.45,200,0
NIOG.US,5,20251231,173500,15.59,15.59,15.59,15.59,350,0
NIOG.US,5,20251231,174000,15.65,15.66,15.65,15.66,800,0
NIOG.US,5,20251231,174500,15.8,15.8,15.8,15.8,171,0
NIOG.US,5,20251231,175000,15.8,15.8,15.8,15.8,100,0
NIOG.US,5,20251231,175500,15.9,15.9,15.9,15.9,200,0
NIOG.US,5,20251231,180000,15.86,15.86,15.86,15.86,100,0
NIOG.US,5,20251231,183500,15.94,15.94,15.94,15.94,320,0
NIOG.US,5,20251231,184500,15.93,15.94,15.93,15.94,2000,0
NIOG.US,5,20251231,185000,15.875,15.875,15.87,15.87,200,0
NIOG.US,5,20251231,195000,16.42,16.42,16.42,16.42,166,0
NIOG.US,5,20251231,195500,16.485,16.52,16.48,16.48,421,0
NIOG.US,5,20251231,205000,16.69,16.7,16.69,16.7,1864,0
NIOG.US,5,20251231,210000,16.62,16.62,16.62,16.62,200,0
NIOG.US,5,20251231,211000,16.625,16.625,16.625,16.625,100,0
NIOG.US,5,20251231,213000,16.55,16.55,16.55,16.55,100,0
NIOG.US,5,20251231,213500,16.485,16.485,16.485,16.485,149,0
NIOG.US,5,20251231,215000,16.41,16.41,16.41,16.41,100,0
NIOG.US,5,20260102,153000,17.24,17.24,17.24,17.24,1202,0
NIOG.US,5,20260102,153500,17.2425,17.25,17.24,17.24,6368,0
NIOG.US,5,20260102,154000,17.12,17.12,16.88,16.96,536,0
NIOG.US,5,20260102,160000,16.57,16.57,16.57,16.57,1600,0
NIOG.US,5,20260102,161000,16.635,16.635,16.63,16.63,522,0
NIOG.US,5,20260102,165000,16.76,16.76,16.76,16.76,100,0
NIOG.US,5,20260102,171000,16.56,16.57,16.56,16.57,2646,0
NIOG.US,5,20260102,173500,16.7,16.71,16.7,16.71,809,0
NIOG.US,5,20260102,183000,16.7082,16.71,16.7082,16.71,400,0
NIOG.US,5,20260102,183500,16.7,16.7,16.7,16.7,100,0
NIOG.US,5,20260102,185000,16.44,16.44,16.3501,16.3501,200,0
NIOG.US,5,20260102,200000,16.36,16.36,16.36,16.36,104,0
NIOG.US,5,20260102,204500,16.4,16.4,16.4,16.4,150,0
NIOG.US,5,20260105,153500,15.35,15.35,15.3,15.3,1400,0
NIOG.US,5,20260105,154000,15.2899,15.2899,15.16,15.16,1140,0
NIOG.US,5,20260105,155000,15.127,15.127,15.1,15.1,2232,0
NIOG.US,5,20260105,155500,15.1,15.1271,15.1,15.1271,2869,0
NIOG.US,5,20260105,160500,15,15,15,15,500,0
NIOG.US,5,20260105,161500,14.85,14.85,14.77,14.835,1500,0
NIOG.US,5,20260105,162000,14.735,14.735,14.68,14.68,1447,0
NIOG.US,5,20260105,162500,14.68,14.68,14.68,14.68,1611,0
NIOG.US,5,20260105,163000,14.71,14.71,14.68,14.68,2192,0
NIOG.US,5,20260105,163500,14.725,14.725,14.725,14.725,100,0
NIOG.US,5,20260105,164500,14.85,14.85,14.85,14.85,100,0
NIOG.US,5,20260105,170000,14.89,14.89,14.89,14.89,100,0
NIOG.US,5,20260105,171500,15.02,15.02,15.02,15.02,100,0
NIOG.US,5,20260105,172500,15.15,15.16,15.15,15.15,1426,0
NIOG.US,5,20260105,181000,15.02,15.0285,15.02,15.0285,2458,0
NIOG.US,5,20260105,190000,15.02,15.02,15.02,15.02,100,0
NIOG.US,5,20260105,190500,15.02,15.02,15.02,15.02,100,0
NIOG.US,5,20260105,192500,15.02,15.02,15.02,15.02,121,0
NIOG.US,5,20260105,195000,14.97,14.97,14.97,14.97,200,0
NIOG.US,5,20260105,201500,14.9,14.9,14.9,14.9,100,0
NIOG.US,5,20260105,202000,14.9,14.9,14.9,14.9,200,0
NIOG.US,5,20260105,203500,14.835,14.835,14.835,14.835,100,0
NIOG.US,5,20260105,210500,14.89,14.9,14.89,14.9,329,0
NIOG.US,5,20260105,211000,14.9,14.9,14.9,14.9,700,0
NIOG.US,5,20260105,212000,14.9,14.9,14.89,14.89,434,0
NIOG.US,5,20260105,212500,14.89,14.89,14.84,14.84,1200,0
NIOG.US,5,20260105,214500,14.78,14.78,14.78,14.78,100,0
NIOG.US,5,20260105,215500,14.77,14.77,14.77,14.77,200,0
NIOG.US,5,20260106,153500,15.37,15.37,15.37,15.37,1000,0
NIOG.US,5,20260106,154500,15.545,15.6,15.545,15.545,730,0
NIOG.US,5,20260106,155500,15.56,15.56,15.56,15.56,100,0
NIOG.US,5,20260106,160000,15.5501,15.5501,15.5501,15.5501,195,0
NIOG.US,5,20260106,160500,15.56,15.59,15.54,15.59,500,0
NIOG.US,5,20260106,161500,15.26,15.26,15.26,15.26,100,0
NIOG.US,5,20260106,164500,14.95,14.95,14.95,14.95,370,0
NIOG.US,5,20260106,165000,14.95,14.965,14.95,14.95,2319,0
NIOG.US,5,20260106,165500,14.95,14.95,14.95,14.95,377,0
NIOG.US,5,20260106,170000,14.77,14.77,14.77,14.77,200,0
NIOG.US,5,20260106,170500,14.77,14.77,14.77,14.77,244,0
NIOG.US,5,20260106,174500,14.9282,14.9282,14.9282,14.9282,100,0
NIOG.US,5,20260106,181000,14.51,14.51,14.5,14.5,600,0
NIOG.US,5,20260106,181500,14.45,14.45,14.45,14.45,1634,0
NIOG.US,5,20260106,184000,14.57,14.57,14.5699,14.5699,1000,0
NIOG.US,5,20260106,192500,14.33,14.33,14.33,14.33,336,0
NIOG.US,5,20260106,194500,14.21,14.21,14.21,14.21,816,0
NIOG.US,5,20260106,201000,14.33,14.33,14.33,14.33,100,0
NIOG.US,5,20260106,203000,14.39,14.39,14.39,14.39,136,0
NIOG.US,5,20260106,204500,14.39,14.39,14.39,14.39,100,0
NIOG.US,5,20260106,211500,14.3,14.3,14.3,14.3,1000,0
NIOG.US,5,20260106,212500,14.03,14.03,14.03,14.03,544,0
NIOG.US,5,20260106,215000,14.23,14.23,14.22,14.22,600,0
NIOG.US,5,20260106,215500,14.27,14.27,14.26,14.26,372,0
NIOG.US,5,20260107,153000,14.14,14.14,14.14,14.14,1000,0
NIOG.US,5,20260107,154000,14.09,14.21,14.09,14.21,2118,0
NIOG.US,5,20260107,160000,14.0473,14.0473,14.0473,14.0473,588,0
NIOG.US,5,20260107,160500,14.15,14.15,14.15,14.15,100,0
NIOG.US,5,20260107,161000,14.325,14.325,14.325,14.325,201,0
NIOG.US,5,20260107,161500,14.38,14.38,14.38,14.38,560,0
NIOG.US,5,20260107,162000,14.38,14.38,14.38,14.38,1000,0
NIOG.US,5,20260107,163000,14.39,14.39,14.39,14.39,122,0
NIOG.US,5,20260107,174500,14.45,14.45,14.45,14.45,653,0
NIOG.US,5,20260107,215000,14.34,14.34,14.34,14.34,860,0
NIOG.US,5,20260108,153000,14.24,14.24,14.24,14.24,1000,0
NIOG.US,5,20260108,153500,14,14,14,14,100,0
NIOG.US,5,20260108,154000,13.86,13.86,13.79,13.79,980,0
NIOG.US,5,20260108,160000,13.6,13.6,13.6,13.6,953,0
NIOG.US,5,20260108,161000,13.67,13.67,13.61,13.67,3085,0
NIOG.US,5,20260108,162500,13.85,13.85,13.85,13.85,100,0
NIOG.US,5,20260108,171500,13.99,13.99,13.97,13.97,873,0
