<TICKER>,<PER>,<DATE>,<TIME>,<OPEN>,<HIGH>,<LOW>,<CLOSE>,<VOL>,<OPENINT>
PBEU.US,5,20251125,171500,25.85,25.85,25.85,25.85,100,0
PBEU.US,5,20251126,153000,26.2,26.2,26.2,26.2,500,0
PBEU.US,5,20251126,154500,26.25,26.25,26.25,26.25,500,0
PBEU.US,5,20251126,174000,26.3,26.3,26.3,26.3,1500,0
PBEU.US,5,20251201,174000,26.6,26.6,26.6,26.6,500,0
PBEU.US,5,20251205,160000,26.92,26.9201,26.92,26.9201,200,0
PBEU.US,5,20251211,192000,27.9499,27.9499,27.9499,27.9499,141,0
PBEU.US,5,20251215,185500,27.92,27.92,27.92,27.92,100,0
PBEU.US,5,20251222,173500,28.57,28.57,28.57,28.57,1500,0
PBEU.US,5,20260102,184000,29.29,29.29,29.29,29.29,100,0
PBEU.US,5,20260102,184500,29.29,29.29,29.25,29.25,600,0
PBEU.US,5,20260102,185000,29.26,29.26,29.26,29.26,200,0
PBEU.US,5,20260102,185500,29.26,29.27,29.25,29.25,1400,0
PBEU.US,5,20260102,190000,29.26,29.26,29.24,29.24,1500,0
PBEU.US,5,20260102,190500,29.24,29.24,29.22,29.22,800,0
PBEU.US,5,20260102,191000,29.22,29.22,29.21,29.21,900,0
PBEU.US,5,20260102,191500,29.21,29.21,29.205,29.21,500,0
PBEU.US,5,20260102,192000,29.23,29.24,29.22,29.22,816,0
PBEU.US,5,20260102,192500,29.22,29.22,29.21,29.22,600,0
PBEU.US,5,20260102,193000,29.21,29.21,29.21,29.21,745,0
PBEU.US,5,20260102,193500,29.21,29.21,29.21,29.21,1200,0
PBEU.US,5,20260102,194000,29.21,29.21,29.21,29.21,900,0
PBEU.US,5,20260102,194500,29.21,29.22,29.21,29.21,1100,0
PBEU.US,5,20260102,195000,29.21,29.21,29.205,29.21,1100,0
PBEU.US,5,20260102,195500,29.22,29.22,29.21,29.22,1100,0
PBEU.US,5,20260102,200000,29.23,29.24,29.22,29.24,1200,0
PBEU.US,5,20260102,200500,29.25,29.26,29.25,29.26,1300,0
PBEU.US,5,20260102,201000,29.25,29.29,29.25,29.29,1500,0
PBEU.US,5,20260102,201500,29.29,29.29,29.29,29.29,1400,0
PBEU.US,5,20260102,202000,29.28,29.3,29.28,29.3,4905,0
PBEU.US,5,20260102,202500,29.3,29.31,29.3,29.31,500,0
PBEU.US,5,20260102,203000,29.32,29.33,29.32,29.33,500,0
PBEU.US,5,20260102,203500,29.33,29.34,29.33,29.34,400,0
PBEU.US,5,20260102,204000,29.34,29.34,29.33,29.34,1600,0
PBEU.US,5,20260102,204500,29.34,29.35,29.34,29.35,1786,0
PBEU.US,5,20260102,205000,29.35,29.36,29.35,29.35,1531,0
PBEU.US,5,20260102,205500,29.36,29.36,29.36,29.36,1900,0
PBEU.US,5,20260102,210000,29.36,29.36,29.36,29.36,1106,0
PBEU.US,5,20260102,210500,29.35,29.35,29.34,29.35,1398,0
PBEU.US,5,20260102,211000,29.35,29.35,29.34,29.34,916,0
PBEU.US,5,20260102,211500,29.34,29.35,29.34,29.35,3630,0
PBEU.US,5,20260102,212000,29.35,29.35,29.35,29.35,3800,0
PBEU.US,5,20260102,212500,29.34,29.35,29.34,29.35,3200,0
PBEU.US,5,20260102,213000,29.35,29.35,29.34,29.35,4261,0
PBEU.US,5,20260102,213500,29.34,29.4,29.34,29.4,1700,0
PBEU.US,5,20260102,214500,29.32,29.32,29.32,29.32,2906,0
PBEU.US,5,20260102,215000,29.34,29.36,29.34,29.36,5311,0
PBEU.US,5,20260102,215500,29.34,29.34,29.34,29.34,8263,0
PBEU.US,5,20260105,153000,29.21,29.21,29.21,29.21,197,0
PBEU.US,5,20260105,161000,29.36,29.36,29.36,29.36,100,0
PBEU.US,5,20260105,170500,29.5,29.5,29.5,29.5,100,0
PBEU.US,5,20260105,181500,29.5,29.5,29.5,29.5,100,0
PBEU.US,5,20260105,193500,29.49,29.49,29.49,29.49,200,0
PBEU.US,5,20260105,194000,29.49,29.5,29.49,29.5,900,0
PBEU.US,5,20260105,194500,29.49,29.49,29.49,29.49,400,0
PBEU.US,5,20260105,195000,29.49,29.49,29.49,29.49,1156,0
PBEU.US,5,20260105,195500,29.5,29.5,29.49,29.49,1100,0
PBEU.US,5,20260105,200000,29.5,29.5,29.5,29.5,976,0
PBEU.US,5,20260105,200500,29.5,29.5,29.5,29.5,1000,0
PBEU.US,5,20260105,201000,29.5,29.5,29.49,29.5,900,0
PBEU.US,5,20260105,201500,29.5,29.51,29.49,29.51,1100,0
PBEU.US,5,20260105,202000,29.5,29.51,29.5,29.5,1000,0
PBEU.US,5,20260105,202500,29.51,29.51,29.5,29.51,1100,0
PBEU.US,5,20260105,203000,29.5,29.5,29.5,29.5,856,0
PBEU.US,5,20260105,203500,29.5,29.5,29.5,29.5,1083,0
PBEU.US,5,20260105,204000,29.5,29.5,29.49,29.49,900,0
PBEU.US,5,20260105,204500,29.5,29.59,29.5,29.59,1200,0
PBEU.US,5,20260105,205000,29.5,29.5,29.5,29.5,200,0
PBEU.US,5,20260105,210500,29.51,29.51,29.51,29.51,300,0
PBEU.US,5,20260105,211000,29.5,29.5,29.5,29.5,8799,0
PBEU.US,5,20260105,211500,29.5,29.51,29.465,29.51,18533,0
PBEU.US,5,20260105,213000,29.51,29.51,29.51,29.51,14354,0
PBEU.US,5,20260105,214000,29.47,29.47,29.47,29.47,934,0
PBEU.US,5,20260106,172000,29.41,29.41,29.41,29.41,100,0
PBEU.US,5,20260106,193000,29.4,29.4,29.4,29.4,89459,0
PBEU.US,5,20260106,193500,29.39,29.39,29.39,29.39,94926,0
PBEU.US,5,20260106,194500,29.37,29.39,29.37,29.3899,33693,0
PBEU.US,5,20260106,195000,29.4142,29.4142,29.4142,29.4142,1013,0
PBEU.US,5,20260106,200000,29.47,29.47,29.47,29.47,10177,0
PBEU.US,5,20260106,201500,29.4,29.4,29.4,29.4,2396,0
PBEU.US,5,20260106,204000,29.4,29.4,29.4,29.4,10177,0
PBEU.US,5,20260106,205500,29.41,29.41,29.41,29.41,4376,0
PBEU.US,5,20260106,210000,29.37,29.37,29.37,29.37,4173,0
PBEU.US,5,20260106,210500,29.36,29.36,29.36,29.36,4000,0
PBEU.US,5,20260106,211000,29.37,29.37,29.37,29.37,462,0
PBEU.US,5,20260106,212000,29.34,29.34,29.33,29.34,3329,0
PBEU.US,5,20260106,212500,29.34,29.34,29.295,29.33,3328,0
PBEU.US,5,20260106,213000,29.32,29.32,29.31,29.31,17910,0
PBEU.US,5,20260106,213500,29.31,29.32,29.31,29.32,2470,0
PBEU.US,5,20260106,214000,29.32,29.32,29.3,29.31,2477,0
PBEU.US,5,20260106,214500,29.31,29.32,29.31,29.32,7361,0
PBEU.US,5,20260106,215000,29.32,29.32,29.32,29.32,2252,0
PBEU.US,5,20260106,215500,29.32,29.33,29.3,29.3,5249,0
PBEU.US,5,20260107,190000,28.856,28.856,28.856,28.856,100,0
PBEU.US,5,20260107,193000,28.852,28.852,28.852,28.852,400,0
PBEU.US,5,20260107,195000,28.88,28.88,28.88,28.88,27106,0
PBEU.US,5,20260107,195500,28.88,28.88,28.88,28.88,33942,0
PBEU.US,5,20260107,200500,28.88,28.88,28.88,28.88,100,0
PBEU.US,5,20260107,201500,28.86,28.86,28.86,28.86,8739,0
PBEU.US,5,20260107,202000,28.86,28.86,28.86,28.86,1594,0
PBEU.US,5,20260107,202500,28.85,28.85,28.85,28.85,3534,0
PBEU.US,5,20260107,204500,28.85,28.85,28.85,28.85,100,0
PBEU.US,5,20260107,205500,28.85,28.85,28.85,28.85,100,0
PBEU.US,5,20260107,210000,28.85,28.85,28.85,28.85,200,0
PBEU.US,5,20260107,211500,28.85,28.85,28.85,28.85,200,0
PBEU.US,5,20260107,212500,28.84,28.84,28.84,28.84,200,0
PBEU.US,5,20260107,213000,28.82,28.84,28.82,28.84,400,0
PBEU.US,5,20260107,213500,28.82,28.82,28.82,28.82,200,0
PBEU.US,5,20260107,214000,28.83,28.83,28.83,28.83,5444,0
PBEU.US,5,20260107,214500,28.7782,28.83,28.7782,28.83,834,0
PBEU.US,5,20260107,215000,28.84,28.85,28.7501,28.83,5328,0
PBEU.US,5,20260108,162000,28.96,28.96,28.96,28.96,200,0
PBEU.US,5,20260108,163500,29.03,29.03,29.03,29.03,100,0
PBEU.US,5,20260108,183000,28.97,28.97,28.97,28.97,100,0
PBEU.US,5,20260108,200000,29.05,29.05,29.05,29.05,21138,0
PBEU.US,5,20260108,200500,29.06,29.06,29.06,29.06,19791,0
PBEU.US,5,20260108,202500,29.07,29.07,29.06,29.07,12063,0
PBEU.US,5,20260108,203000,29.08,29.09,29.035,29.09,3763,0
PBEU.US,5,20260108,203500,29.086,29.09,29.086,29.09,333,0
PBEU.US,5,20260108,204500,29.09,29.09,29.09,29.09,1205,0
PBEU.US,5,20260108,213500,29.14,29.14,29.14,29.14,4105,0
PBEU.US,5,20260108,214500,29.14,29.14,29.14,29.14,2312,0
PBEU.US,5,20260108,215000,29.15,29.16,29.15,29.16,2897,0
