<TICKER>,<PER>,<DATE>,<TIME>,<OPEN>,<HIGH>,<LOW>,<CLOSE>,<VOL>,<OPENINT>
PBOG.US,5,20251205,160000,25.8594,25.8594,25.8594,25.8594,100,0
PBOG.US,5,20251218,181000,24.7,24.7,24.7,24.7,485,0
PBOG.US,5,20251218,182000,24.7,24.7,24.7,24.7,2383,0
PBOG.US,5,20251223,165500,25.01,25.01,25.0099,25.0099,200,0
PBOG.US,5,20260102,184000,25.64,25.64,25.64,25.64,100,0
PBOG.US,5,20260102,184500,25.67,25.67,25.65,25.65,432,0
PBOG.US,5,20260102,185000,25.65,25.66,25.65,25.66,454,0
PBOG.US,5,20260102,185500,25.66,25.68,25.66,25.68,952,0
PBOG.US,5,20260102,190000,25.69,25.7,25.69,25.7,936,0
PBOG.US,5,20260102,190500,25.69,25.69,25.66,25.66,633,0
PBOG.US,5,20260102,191000,25.67,25.68,25.67,25.68,419,0
PBOG.US,5,20260102,191500,25.7,25.7,25.666,25.7,1131,0
PBOG.US,5,20260102,192000,25.7,25.72,25.7,25.7,556,0
PBOG.US,5,20260102,192500,25.7,25.7,25.7,25.7,100,0
PBOG.US,5,20260102,193000,25.71,25.72,25.71,25.71,300,0
PBOG.US,5,20260102,193500,25.71,25.73,25.71,25.73,400,0
PBOG.US,5,20260102,194000,25.74,25.75,25.73,25.75,612,0
PBOG.US,5,20260102,194500,25.74,25.74,25.74,25.74,207,0
PBOG.US,5,20260102,195000,25.76,25.76,25.76,25.76,100,0
PBOG.US,5,20260102,195500,25.76,25.76,25.76,25.76,215,0
PBOG.US,5,20260102,200000,25.76,25.76,25.76,25.76,740,0
PBOG.US,5,20260102,200500,25.78,25.78,25.76,25.76,631,0
PBOG.US,5,20260102,201000,25.76,25.79,25.76,25.79,532,0
PBOG.US,5,20260102,201500,25.79,25.79,25.77,25.77,603,0
PBOG.US,5,20260102,202000,25.76,25.77,25.76,25.76,505,0
PBOG.US,5,20260102,202500,25.77,25.77,25.76,25.77,438,0
PBOG.US,5,20260102,203000,25.78,25.78,25.77,25.77,325,0
PBOG.US,5,20260102,203500,25.78,25.78,25.78,25.78,212,0
PBOG.US,5,20260102,204000,25.78,25.79,25.78,25.79,1037,0
PBOG.US,5,20260102,204500,25.8,25.8,25.79,25.8,1095,0
PBOG.US,5,20260102,211000,25.82,25.82,25.82,25.82,152,0
PBOG.US,5,20260102,211500,25.81,25.82,25.81,25.81,532,0
PBOG.US,5,20260102,212000,25.81,25.84,25.81,25.81,1885,0
PBOG.US,5,20260102,212500,25.81,25.85,25.81,25.81,3096,0
PBOG.US,5,20260102,213000,25.81,25.82,25.81,25.81,3501,0
PBOG.US,5,20260102,213500,25.81,25.82,25.81,25.81,4715,0
PBOG.US,5,20260102,214000,25.81,25.82,25.81,25.81,6550,0
PBOG.US,5,20260105,153000,26.06,26.06,26.06,26.06,143,0
PBOG.US,5,20260105,162500,25.46,25.46,25.46,25.46,103,0
PBOG.US,5,20260105,164000,25.59,25.59,25.59,25.59,100,0
PBOG.US,5,20260105,170000,25.54,25.54,25.54,25.54,100,0
PBOG.US,5,20260105,172000,25.67,25.67,25.67,25.67,101,0
PBOG.US,5,20260105,194000,25.77,25.77,25.77,25.77,668,0
PBOG.US,5,20260105,194500,25.77,25.86,25.77,25.85,885,0
PBOG.US,5,20260105,195000,25.85,25.86,25.85,25.86,1367,0
PBOG.US,5,20260105,195500,25.87,25.87,25.86,25.86,1225,0
PBOG.US,5,20260105,200000,25.86,25.88,25.86,25.86,1217,0
PBOG.US,5,20260105,200500,25.87,25.88,25.87,25.88,1233,0
PBOG.US,5,20260105,201000,25.88,25.9,25.88,25.89,1156,0
PBOG.US,5,20260105,201500,25.9,25.9,25.9,25.9,711,0
PBOG.US,5,20260105,204000,25.91,25.91,25.91,25.91,400,0
PBOG.US,5,20260105,204500,25.91,25.91,25.91,25.91,1882,0
PBOG.US,5,20260105,205000,25.91,25.91,25.91,25.91,1886,0
PBOG.US,5,20260105,205500,25.91,25.91,25.91,25.91,1962,0
PBOG.US,5,20260105,210000,25.91,25.91,25.91,25.91,2076,0
PBOG.US,5,20260105,210500,25.91,25.92,25.91,25.91,2642,0
PBOG.US,5,20260105,211000,25.91,25.91,25.91,25.91,2685,0
PBOG.US,5,20260105,211500,25.91,25.91,25.91,25.91,3167,0
PBOG.US,5,20260105,212000,25.91,25.92,25.91,25.92,3321,0
PBOG.US,5,20260105,212500,25.92,25.93,25.92,25.92,4369,0
PBOG.US,5,20260105,213000,25.92,25.92,25.92,25.92,457,0
PBOG.US,5,20260105,213500,25.91,25.91,25.89,25.9,1668,0
PBOG.US,5,20260106,155000,25.7176,25.7176,25.7176,25.7176,200,0
PBOG.US,5,20260106,193000,25.63,25.63,25.63,25.63,20313,0
PBOG.US,5,20260106,193500,25.63,25.63,25.63,25.63,12434,0
PBOG.US,5,20260106,194000,25.64,25.64,25.64,25.64,6724,0
PBOG.US,5,20260106,194500,25.635,25.64,25.635,25.6355,7227,0
PBOG.US,5,20260106,200000,25.635,25.635,25.635,25.635,2109,0
PBOG.US,5,20260106,200500,25.635,25.635,25.63,25.63,432,0
PBOG.US,5,20260106,211000,25.24,25.24,25.24,25.24,395,0
PBOG.US,5,20260106,212000,25.23,25.23,25.23,25.23,375,0
PBOG.US,5,20260106,212500,25.24,25.24,25.2399,25.2399,222,0
PBOG.US,5,20260106,213000,25.22,25.22,25.22,25.22,1520,0
PBOG.US,5,20260106,213500,25.237,25.25,25.237,25.25,1108,0
PBOG.US,5,20260106,215000,25.26,25.26,25.26,25.26,1515,0
PBOG.US,5,20260106,215500,25.26,25.26,25.26,25.26,1000,0
PBOG.US,5,20260107,192500,24.83,24.83,24.83,24.83,100,0
PBOG.US,5,20260107,195000,24.76,24.76,24.76,24.76,19437,0
PBOG.US,5,20260107,203000,24.85,24.85,24.83,24.83,956,0
PBOG.US,5,20260107,203500,24.84,24.84,24.84,24.84,100,0
PBOG.US,5,20260107,204500,24.88,24.88,24.88,24.88,29221,0
PBOG.US,5,20260107,205000,24.88,24.88,24.88,24.88,900,0
PBOG.US,5,20260107,205500,24.8525,24.8525,24.8525,24.8525,300,0
PBOG.US,5,20260107,214000,24.75,24.75,24.75,24.75,1841,0
PBOG.US,5,20260107,214500,24.76,24.76,24.76,24.76,350,0
PBOG.US,5,20260107,215000,24.77,24.77,24.75,24.75,5678,0
PBOG.US,5,20260108,162500,24.9,24.9,24.9,24.9,132,0
PBOG.US,5,20260108,163000,24.89,24.89,24.89,24.89,100,0
PBOG.US,5,20260108,171000,24.92,24.92,24.92,24.92,100,0
PBOG.US,5,20260108,200000,25.26,25.26,25.26,25.26,16338,0
PBOG.US,5,20260108,200500,25.25,25.25,25.25,25.25,15284,0
PBOG.US,5,20260108,201500,25.24,25.24,25.24,25.24,300,0
PBOG.US,5,20260108,202500,25.35,25.35,25.3452,25.3452,10061,0
PBOG.US,5,20260108,203000,25.35,25.35,25.3256,25.3256,1848,0
PBOG.US,5,20260108,213500,25.35,25.35,25.35,25.35,3530,0
PBOG.US,5,20260108,214000,25.34,25.34,25.34,25.34,2000,0
PBOG.US,5,20260108,214500,25.33,25.33,25.31,25.31,2200,0
PBOG.US,5,20260108,215000,25.3,25.3,25.3,25.3,678,0
