<TICKER>,<PER>,<DATE>,<TIME>,<OPEN>,<HIGH>,<LOW>,<CLOSE>,<VOL>,<OPENINT>
PIII.US,5,20250813,161000,6.6312,6.6312,6.6312,6.6312,250,0
PIII.US,5,20250813,164500,6.6156,6.6156,6.6156,6.6156,2250,0
PIII.US,5,20250813,211000,7.1,7.1,7.1,7.1,100,0
PIII.US,5,20250814,154500,7,7,7,7,990,0
PIII.US,5,20250814,171500,6.9881,6.9881,6.9881,6.9881,100,0
PIII.US,5,20250814,173500,6.97,6.97,6.97,6.97,100,0
PIII.US,5,20250814,182000,7.015,7.015,7.015,7.015,247,0
PIII.US,5,20250814,210000,7.1079,7.1079,7.107,7.107,395,0
PIII.US,5,20250814,211500,6.96,6.98,6.96,6.98,200,0
PIII.US,5,20250814,212000,7.0751,7.0751,7.0751,7.0751,141,0
PIII.US,5,20250814,213000,7.08,7.08,7.08,7.08,467,0
PIII.US,5,20250814,215500,6.94,6.94,6.94,6.94,190,0
PIII.US,5,20250815,153000,6.94,6.94,6.6,6.64,1272,0
PIII.US,5,20250815,155500,6.6413,6.6413,6.6413,6.6413,141,0
PIII.US,5,20250815,164000,6.6,6.7,6.5,6.5,4401,0
PIII.US,5,20250815,171500,6.7,6.7,6.7,6.7,263,0
PIII.US,5,20250815,172500,6.65,6.65,6.65,6.65,724,0
PIII.US,5,20250815,182500,6.7,6.7,6.7,6.7,179,0
PIII.US,5,20250815,211500,6.91,6.91,6.91,6.91,200,0
PIII.US,5,20250815,213500,6.81,6.81,6.81,6.81,300,0
PIII.US,5,20250815,215500,6.775,6.775,6.775,6.775,200,0
PIII.US,5,20250818,163000,6.85,6.85,6.85,6.85,385,0
PIII.US,5,20250818,182000,6.881,6.881,6.881,6.881,125,0
PIII.US,5,20250818,215500,7.09,7.09,6.95,6.95,206,0
PIII.US,5,20250819,163500,6.95,6.95,6.777,6.9391,1297,0
PIII.US,5,20250819,164000,6.922,6.922,6.922,6.922,100,0
PIII.US,5,20250819,183000,6.922,6.922,6.922,6.922,100,0
PIII.US,5,20250819,190500,6.76,7.03,6.6,7.03,3355,0
PIII.US,5,20250819,193000,7.03,7.03,7.03,7.03,100,0
PIII.US,5,20250819,202000,7.03,7.03,6.97,7.02,1702,0
PIII.US,5,20250819,204000,7.03,7.15,7.03,7.15,1273,0
PIII.US,5,20250819,210500,6.9608,6.9608,6.9608,6.9608,100,0
PIII.US,5,20250819,215000,7.15,7.15,7.15,7.15,100,0
PIII.US,5,20250819,215500,7.16,7.44,7.16,7.17,448,0
PIII.US,5,20250820,160500,6.7529,6.7529,6.7529,6.7529,180,0
PIII.US,5,20250820,161000,6.99,7.03,6.99,7.03,300,0
PIII.US,5,20250820,161500,6.925,6.925,6.925,6.925,234,0
PIII.US,5,20250820,162000,7.13,7.17,7.13,7.17,2960,0
PIII.US,5,20250820,162500,7.17,7.17,7.17,7.17,123,0
PIII.US,5,20250820,170000,7.17,7.2,7.16,7.2,2020,0
PIII.US,5,20250820,172000,7.38,7.49,7.38,7.49,200,0
PIII.US,5,20250820,174500,7.37,7.37,7.37,7.37,200,0
PIII.US,5,20250820,180500,7.37,7.37,7.37,7.37,3175,0
PIII.US,5,20250820,182000,7.37,7.37,7.37,7.37,100,0
PIII.US,5,20250820,182500,7.4,7.4,7.4,7.4,100,0
PIII.US,5,20250820,185500,7.36,7.36,7.36,7.36,100,0
PIII.US,5,20250820,193000,7.37,7.37,7.37,7.37,100,0
PIII.US,5,20250820,194000,7.4,7.4,7.4,7.4,204,0
PIII.US,5,20250820,194500,7.215,7.215,7.0392,7.0392,200,0
PIII.US,5,20250820,200000,7.1854,7.1854,7.1854,7.1854,150,0
PIII.US,5,20250820,200500,7.4,7.4,7.25,7.25,253,0
PIII.US,5,20250820,210500,7.4,7.4,7.3,7.3,2997,0
PIII.US,5,20250820,211000,7.315,7.315,7.315,7.315,200,0
PIII.US,5,20250820,212500,7.2,7.2,7.2,7.2,100,0
PIII.US,5,20250820,214000,7.28,7.28,7.28,7.28,100,0
PIII.US,5,20250820,214500,7.28,7.28,7.28,7.28,640,0
PIII.US,5,20250820,215500,7.4,7.53,7.315,7.315,2372,0
PIII.US,5,20250821,170000,7.46,7.82,7.46,7.82,1831,0
PIII.US,5,20250821,171000,7.59,7.66,7.59,7.66,991,0
PIII.US,5,20250821,173500,7.64,7.65,7.64,7.65,308,0
PIII.US,5,20250821,181500,7.45,7.5,7.45,7.5,1004,0
PIII.US,5,20250821,182500,7.69,7.7,7.69,7.7,2430,0
PIII.US,5,20250821,194500,7.46,7.6,7.46,7.6,1320,0
PIII.US,5,20250821,203500,7.7,7.7,7.69,7.7,4334,0
PIII.US,5,20250821,204000,7.75,7.75,7.61,7.61,200,0
PIII.US,5,20250821,210000,7.5,7.5,7.5,7.5,1169,0
PIII.US,5,20250821,215500,7.58,7.7,7.31,7.31,403,0
PIII.US,5,20250822,153000,7.41,7.41,7.41,7.41,138,0
PIII.US,5,20250822,162500,7.51,7.51,7.51,7.51,100,0
PIII.US,5,20250822,171000,7.5608,7.5608,7.5608,7.5608,300,0
PIII.US,5,20250822,173500,7.67,7.7,7.668,7.668,2000,0
PIII.US,5,20250822,181500,7.7,7.7,7.7,7.7,357,0
PIII.US,5,20250822,183000,7.63,7.7,7.63,7.7,2370,0
PIII.US,5,20250822,190500,7.5626,7.5626,7.5626,7.5626,400,0
PIII.US,5,20250822,191000,7.7004,7.7004,7.7004,7.7004,200,0
PIII.US,5,20250822,212500,7.57,7.63,7.56,7.56,823,0
PIII.US,5,20250822,213000,7.525,7.59,7.525,7.59,200,0
PIII.US,5,20250822,215000,7.6758,7.6758,7.6758,7.6758,200,0
PIII.US,5,20250822,215500,7.19,7.19,7.19,7.19,200,0
PIII.US,5,20250825,153000,7.36,7.36,7.36,7.36,463,0
PIII.US,5,20250825,155500,7.25,7.39,7.23,7.37,600,0
PIII.US,5,20250825,160000,7.47,7.59,7.43,7.59,1200,0
PIII.US,5,20250825,160500,7.5,7.52,7.4506,7.46,1570,0
PIII.US,5,20250825,175500,7.59,7.6,7.59,7.6,841,0
PIII.US,5,20250825,194500,7.58,7.61,7.58,7.61,460,0
PIII.US,5,20250825,205500,7.61,7.61,7.61,7.61,200,0
PIII.US,5,20250825,211000,7.39,7.39,7.39,7.39,100,0
PIII.US,5,20250826,153000,7.5,7.5,7.5,7.5,124,0
PIII.US,5,20250826,154500,7.47,7.47,7.47,7.47,500,0
PIII.US,5,20250826,155000,7.41,7.5,7.41,7.5,335,0
PIII.US,5,20250826,160000,7.46,7.7,7.3895,7.7,3680,0
PIII.US,5,20250826,161000,7.71,7.71,7.69,7.7,884,0
PIII.US,5,20250826,173000,7.6,7.6328,7.6,7.6328,760,0
PIII.US,5,20250826,181000,7.651,7.651,7.651,7.651,100,0
PIII.US,5,20250826,181500,7.75,7.75,7.75,7.75,1291,0
PIII.US,5,20250826,214500,7.9376,7.9376,7.9376,7.9376,100,0
PIII.US,5,20250826,215000,7.88,7.99,7.88,7.99,3056,0
PIII.US,5,20250827,153000,7.98,7.98,7.98,7.98,150,0
PIII.US,5,20250827,154000,7.99,7.99,7.99,7.99,915,0
PIII.US,5,20250827,154500,7.99,7.99,7.99,7.99,100,0
PIII.US,5,20250827,174500,8.1,8.1,8.1,8.1,608,0
PIII.US,5,20250827,175000,7.9,7.9,7.9,7.9,100,0
PIII.US,5,20250827,182500,7.9104,7.9104,7.9104,7.9104,124,0
PIII.US,5,20250827,183500,7.93,7.93,7.93,7.93,100,0
PIII.US,5,20250827,185500,8.1,8.1,8.1,8.1,528,0
PIII.US,5,20250827,215500,8.1,8.1,7.85,7.85,564,0
PIII.US,5,20250828,155500,8.09,8.095,8.09,8.095,401,0
PIII.US,5,20250828,161000,8.0841,8.0841,8.0841,8.0841,100,0
PIII.US,5,20250828,163500,8.5,8.5,8.195,8.195,413,0
PIII.US,5,20250828,170000,8.1,8.275,8.1,8.275,2027,0
PIII.US,5,20250828,170500,8.16,8.16,8.16,8.16,100,0
PIII.US,5,20250828,185000,8.12,8.12,8.12,8.12,1700,0
PIII.US,5,20250828,190500,8.2553,8.2553,8.2553,8.2553,240,0
PIII.US,5,20250828,192000,8.26,8.26,8.26,8.26,100,0
PIII.US,5,20250828,193000,8.2196,8.2196,8.1709,8.1709,240,0
PIII.US,5,20250828,213500,8.2246,8.27,8.2246,8.27,1100,0
PIII.US,5,20250828,214000,8.17,8.27,8.17,8.1709,4816,0
PIII.US,5,20250828,214500,8.29,8.29,8.17,8.25,1100,0
PIII.US,5,20250828,215000,8.16,8.16,8.16,8.16,100,0
PIII.US,5,20250828,215500,8.3,8.315,8.2886,8.315,2950,0
PIII.US,5,20250829,153000,8.5,8.775,8.5,8.55,552,0
PIII.US,5,20250829,155500,8.5779,8.5779,8.5779,8.5779,100,0
PIII.US,5,20250829,160000,8.56,8.56,8.55,8.55,554,0
PIII.US,5,20250829,160500,8.395,8.58,8.395,8.56,300,0
PIII.US,5,20250829,171000,8.4971,8.4971,8.4971,8.4971,100,0
PIII.US,5,20250829,182500,8.37,8.37,8.37,8.37,400,0
PIII.US,5,20250829,185000,8.26,8.26,8.26,8.26,100,0
PIII.US,5,20250829,195500,8.419,8.419,8.419,8.419,300,0
PIII.US,5,20250829,203000,8.35,8.35,8.25,8.35,1975,0
PIII.US,5,20250829,210500,8.3298,8.3298,8.3298,8.3298,300,0
PIII.US,5,20250902,153000,8.34,8.34,8.34,8.34,100,0
PIII.US,5,20250902,154000,8.0813,8.75,8.0813,8.75,311,0
PIII.US,5,20250902,161000,8.11,8.11,8.11,8.11,100,0
PIII.US,5,20250902,180500,8.33,8.33,8.33,8.33,250,0
PIII.US,5,20250902,201500,8.37,8.37,8.37,8.37,440,0
PIII.US,5,20250902,210500,8.27,8.27,8.27,8.27,177,0
PIII.US,5,20250903,163000,8.3,8.3,8.3,8.3,136,0
PIII.US,5,20250903,173000,8.49,8.49,8.49,8.49,100,0
PIII.US,5,20250903,180000,8.53,8.53,8.53,8.53,1650,0
PIII.US,5,20250903,192500,8.5244,8.625,8.5244,8.625,612,0
PIII.US,5,20250903,195000,8.53,8.53,8.53,8.53,100,0
PIII.US,5,20250904,161500,8.81,8.81,8.81,8.81,108,0
PIII.US,5,20250904,162000,8.81,8.81,8.81,8.81,100,0
PIII.US,5,20250904,174000,8.7585,8.7585,8.7585,8.7585,100,0
PIII.US,5,20250904,180000,8.65,8.65,8.65,8.65,100,0
PIII.US,5,20250904,184000,8.7079,8.7079,8.7079,8.7079,100,0
PIII.US,5,20250904,190000,8.8499,8.8499,8.8499,8.8499,298,0
PIII.US,5,20250904,193500,8.85,8.85,8.85,8.85,120,0
PIII.US,5,20250904,213000,8.764,8.764,8.764,8.764,300,0
PIII.US,5,20250905,153000,8.9,8.9,8.9,8.9,423,0
PIII.US,5,20250905,155500,8.81,8.81,8.81,8.81,420,0
PIII.US,5,20250905,170000,8.9,8.9,8.9,8.9,100,0
PIII.US,5,20250905,180000,8.9,8.9,8.89,8.89,205,0
PIII.US,5,20250905,183500,8.895,8.895,8.8946,8.8946,500,0
PIII.US,5,20250905,184000,8.8935,8.8935,8.8935,8.8935,153,0
PIII.US,5,20250905,193500,8.8968,8.8968,8.8968,8.8968,500,0
PIII.US,5,20250905,195000,8.9,8.9,8.9,8.9,246,0
PIII.US,5,20250905,204000,8.8993,8.8993,8.8993,8.8993,1000,0
PIII.US,5,20250905,211500,8.89,8.89,8.89,8.89,300,0
PIII.US,5,20250905,212000,8.93,8.93,8.89,8.89,577,0
PIII.US,5,20250905,215500,8.7742,8.7742,8.7742,8.7742,174,0
PIII.US,5,20250908,174000,8.8255,8.8255,8.8255,8.8255,581,0
PIII.US,5,20250908,185500,8.66,8.66,8.66,8.66,100,0
PIII.US,5,20250908,190500,8.7372,8.757,8.7372,8.757,350,0
PIII.US,5,20250908,191000,8.7453,8.7453,8.7453,8.7453,320,0
PIII.US,5,20250908,200000,8.781,8.781,8.781,8.781,250,0
PIII.US,5,20250909,153000,8.78,8.78,8.78,8.78,100,0
PIII.US,5,20250909,165500,8.62,8.62,8.62,8.62,100,0
PIII.US,5,20250909,174500,8.6369,8.6369,8.6369,8.6369,1500,0
PIII.US,5,20250909,191500,8.7,8.7,8.7,8.7,100,0
PIII.US,5,20250909,200500,8.77,8.77,8.77,8.77,242,0
PIII.US,5,20250909,204000,8.89,8.9,8.89,8.9,337,0
PIII.US,5,20250909,212500,8.79,8.79,8.79,8.79,200,0
PIII.US,5,20250909,215000,8.75,8.75,8.75,8.75,650,0
PIII.US,5,20250909,215500,8.8,8.8,8.79,8.79,300,0
PIII.US,5,20250910,162000,8.8,8.8,8.8,8.8,200,0
PIII.US,5,20250910,163500,8.865,8.865,8.865,8.865,300,0
PIII.US,5,20250910,164500,8.8,8.8,8.8,8.8,610,0
PIII.US,5,20250910,173000,8.7646,8.7646,8.7646,8.7646,103,0
PIII.US,5,20250910,184500,8.8765,8.8765,8.8765,8.8765,600,0
PIII.US,5,20250910,204000,8.735,8.735,8.735,8.735,121,0
PIII.US,5,20250910,212500,8.68,8.68,8.68,8.68,100,0
PIII.US,5,20250911,162500,8.683,8.683,8.683,8.683,225,0
PIII.US,5,20250911,170000,8.6358,8.6358,8.6358,8.6358,100,0
PIII.US,5,20250911,173500,8.6525,8.6525,8.6525,8.6525,159,0
PIII.US,5,20250911,182500,8.6144,8.6144,8.6144,8.6144,300,0
PIII.US,5,20250911,184000,8.702,8.702,8.702,8.702,100,0
PIII.US,5,20250911,190000,8.6,8.61,8.6,8.6,2557,0
PIII.US,5,20250911,191000,8.4616,8.4616,8.4616,8.4616,500,0
PIII.US,5,20250911,205500,8.674,8.674,8.674,8.674,182,0
PIII.US,5,20250912,154500,8.7,8.7,8.7,8.7,100,0
PIII.US,5,20250912,183000,8.5885,8.5885,8.5885,8.5885,214,0
PIII.US,5,20250912,203000,8.5275,8.5275,8.5275,8.5275,150,0
PIII.US,5,20250912,215500,8.5794,8.6,8.5794,8.6,421,0
PIII.US,5,20250915,153000,8.49,8.6,8.49,8.6,1299,0
PIII.US,5,20250915,160000,8.4792,8.4792,8.4792,8.4792,400,0
PIII.US,5,20250915,175000,8.7,8.7,8.7,8.7,200,0
PIII.US,5,20250915,195500,8.5,8.5,8.5,8.5,100,0
PIII.US,5,20250915,205500,8.6265,8.6265,8.6265,8.6265,205,0
PIII.US,5,20250916,153000,8.52,8.52,8.52,8.52,263,0
PIII.US,5,20250916,161000,8.44,8.44,8.44,8.44,500,0
PIII.US,5,20250916,173500,8.1549,8.1549,8.1549,8.1549,125,0
PIII.US,5,20250916,181000,8.64,8.64,8.64,8.64,200,0
PIII.US,5,20250916,195000,8.4465,8.4465,8.4465,8.4465,300,0
PIII.US,5,20250916,210000,8.32,8.32,8.32,8.32,100,0
PIII.US,5,20250916,214500,8.69,8.69,8.69,8.69,100,0
PIII.US,5,20250916,215000,8.71,8.71,8.69,8.69,200,0
PIII.US,5,20250916,215500,8.71,8.78,8.38,8.38,606,0
PIII.US,5,20250917,154500,8.6435,8.6435,8.6435,8.6435,142,0
PIII.US,5,20250917,163000,8.5558,8.5558,8.51,8.51,200,0
PIII.US,5,20250917,170500,8.6178,8.6178,8.6178,8.6178,700,0
PIII.US,5,20250917,171500,8.5,8.5,8.5,8.5,100,0
PIII.US,5,20250917,173000,8.53,8.53,8.53,8.53,100,0
PIII.US,5,20250917,173500,8.81,8.81,8.81,8.81,206,0
PIII.US,5,20250917,174000,8.5,8.655,8.5,8.655,500,0
PIII.US,5,20250917,174500,8.5,8.5,8.5,8.5,100,0
PIII.US,5,20250917,175000,8.5,8.6705,8.5,8.6705,267,0
PIII.US,5,20250917,184500,8.5975,8.5975,8.5975,8.5975,111,0
PIII.US,5,20250917,192000,8.6499,8.6499,8.6499,8.6499,100,0
PIII.US,5,20250917,194500,8.5,8.5,8.5,8.5,240,0
PIII.US,5,20250917,200500,8.6073,8.6073,8.54,8.54,208,0
PIII.US,5,20250918,153500,8.374,8.374,8.374,8.374,101,0
PIII.US,5,20250918,160000,8.37,8.37,8.37,8.37,250,0
PIII.US,5,20250918,175500,8.36,8.36,8.34,8.34,430,0
PIII.US,5,20250918,181500,8.41,8.41,8.41,8.41,100,0
PIII.US,5,20250918,191500,8.5,8.5,8.5,8.5,100,0
PIII.US,5,20250918,192500,8.6719,8.6719,8.6719,8.6719,100,0
PIII.US,5,20250918,205500,8.8,8.8,8.8,8.8,100,0
PIII.US,5,20250918,210500,8.7536,9.85,8.7536,9.85,8778,0
PIII.US,5,20250918,211000,9.75,10.52,9.75,10.52,9586,0
PIII.US,5,20250918,211500,10.74,11.3,9.49,9.615,7306,0
PIII.US,5,20250918,213000,8.95,9.51,8.18,8.32,12327,0
PIII.US,5,20250918,213500,8.17,8.47,7.34,7.34,13659,0
PIII.US,5,20250918,214500,7.06,7.51,7.011,7.51,1822,0
PIII.US,5,20250918,215500,7.47,7.47,7.47,7.47,107,0
PIII.US,5,20250919,153000,7.6,7.6,7.6,7.6,337,0
PIII.US,5,20250919,153500,7.626,7.9,7.626,7.9,1142,0
PIII.US,5,20250919,154000,8.1,8.1,8.1,8.1,100,0
PIII.US,5,20250919,161500,8.11,8.11,8.1,8.1,1166,0
PIII.US,5,20250919,162000,8.1426,8.1426,8.1426,8.1426,400,0
PIII.US,5,20250919,163000,8.115,8.115,8.115,8.115,200,0
PIII.US,5,20250919,184000,7.9,7.92,7.9,7.9,300,0
PIII.US,5,20250919,184500,8.09,8.09,8.09,8.09,100,0
PIII.US,5,20250919,195000,8.2199,8.2199,8.2199,8.2199,100,0
PIII.US,5,20250919,195500,8.195,8.195,8.195,8.195,100,0
PIII.US,5,20250919,202500,8.2907,8.2907,8.2907,8.2907,1000,0
PIII.US,5,20250919,203500,8.25,8.25,8.25,8.25,2000,0
PIII.US,5,20250919,211000,8.47,8.47,8.47,8.47,1200,0
PIII.US,5,20250919,212500,8.4,8.4,8.4,8.4,500,0
PIII.US,5,20250919,213000,8.2,8.2,8.17,8.17,900,0
PIII.US,5,20250919,213500,8.18,8.1823,8.1701,8.1823,600,0
PIII.US,5,20250919,215500,8.14,8.23,8.14,8.23,583,0
PIII.US,5,20250922,161500,8.3684,8.3684,7.9701,7.9701,800,0
PIII.US,5,20250922,162500,8.2244,8.2244,8.2244,8.2244,200,0
PIII.US,5,20250922,201000,8.21,8.21,8.202,8.202,271,0
PIII.US,5,20250922,205500,8.0901,8.0901,8.0901,8.0901,300,0
PIII.US,5,20250922,211500,8.25,8.35,8.25,8.35,200,0
PIII.US,5,20250923,160000,8.5682,8.5682,8.5682,8.5682,110,0
PIII.US,5,20250923,170500,8.785,8.785,8.785,8.785,403,0
PIII.US,5,20250923,183500,8.53,8.53,8.5,8.5,300,0
PIII.US,5,20250923,184500,8.5,8.5,8.5,8.5,217,0
PIII.US,5,20250923,191500,8.52,8.52,8.52,8.52,1523,0
PIII.US,5,20250923,194500,8.52,8.52,8.52,8.52,250,0
PIII.US,5,20250923,202500,8.5,8.5614,8.5,8.5614,1414,0
PIII.US,5,20250923,203000,8.68,8.68,8.68,8.68,100,0
PIII.US,5,20250923,210500,8.73,8.73,8.73,8.73,100,0
PIII.US,5,20250923,212500,8.73,8.73,8.73,8.73,100,0
PIII.US,5,20250923,213500,8.69,8.69,8.69,8.69,100,0
PIII.US,5,20250923,214000,8.6852,8.6852,8.6852,8.6852,360,0
PIII.US,5,20250923,214500,8.68,8.68,8.68,8.68,100,0
PIII.US,5,20250923,215000,8.94,8.94,8.94,8.94,100,0
PIII.US,5,20250924,171500,8.94,8.94,8.94,8.94,100,0
PIII.US,5,20250924,203000,8.9,8.9,8.9,8.9,300,0
PIII.US,5,20250924,204500,8.9,9,8.9,9,919,0
PIII.US,5,20250924,205000,9.18,9.18,9.18,9.18,500,0
PIII.US,5,20250924,205500,9.255,9.255,9.255,9.255,905,0
PIII.US,5,20250924,211000,9.21,9.21,9.21,9.21,100,0
PIII.US,5,20250924,213000,9.25,9.25,9.25,9.25,100,0
PIII.US,5,20250924,214500,9.09,9.09,9.09,9.09,200,0
PIII.US,5,20250925,153500,9.09,9.09,9.09,9.09,150,0
PIII.US,5,20250925,155500,9.01,9.04,9.01,9.04,232,0
PIII.US,5,20250925,160000,8.9561,8.9561,8.9561,8.9561,150,0
PIII.US,5,20250925,162500,9.01,9.01,9.01,9.01,150,0
PIII.US,5,20250925,163000,9,9,9,9,249,0
PIII.US,5,20250925,165000,8.75,8.75,8.75,8.75,250,0
PIII.US,5,20250925,181500,8.9,8.9,8.9,8.9,724,0
PIII.US,5,20250925,184500,9.48,9.5,9.48,9.5,1092,0
PIII.US,5,20250925,190000,9.8,9.8,9.7,9.7,496,0
PIII.US,5,20250925,191000,9.5,9.5,9.5,9.5,100,0
PIII.US,5,20250925,195000,9.9,9.9,9.9,9.9,100,0
PIII.US,5,20250925,195500,10,10.11,9.97,9.97,987,0
PIII.US,5,20250925,201000,9.9,9.91,9.9,9.9,400,0
PIII.US,5,20250925,202500,9.9,9.9,9.9,9.9,340,0
PIII.US,5,20250925,203500,9.9,9.9,9.8,9.8,300,0
PIII.US,5,20250925,204000,9.92,9.92,9.8,9.8,300,0
PIII.US,5,20250925,204500,9.835,9.835,9.835,9.835,100,0
PIII.US,5,20250925,205000,9.8,9.8,9.8,9.8,300,0
PIII.US,5,20250925,211000,9.75,9.92,9.75,9.92,1306,0
PIII.US,5,20250925,213500,10.3,10.3,10.2,10.2,292,0
PIII.US,5,20250925,214000,10.11,10.11,10.11,10.11,200,0
PIII.US,5,20250925,215500,9.99,10.188,9.99,10.188,1807,0
PIII.US,5,20250926,153000,10.14,10.14,10.14,10.14,795,0
PIII.US,5,20250926,153500,10.01,10.1305,10.01,10.1305,200,0
PIII.US,5,20250926,154500,9.75,9.75,9.75,9.75,107,0
PIII.US,5,20250926,160500,9.969,9.969,9.969,9.969,100,0
PIII.US,5,20250926,163500,9.85,9.85,9.8,9.8,1100,0
PIII.US,5,20250926,164000,9.7,9.755,9.7,9.755,300,0
PIII.US,5,20250926,171500,9.6819,9.6819,9.6,9.6,513,0
PIII.US,5,20250926,180500,9.5,9.5,9.4372,9.4372,200,0
PIII.US,5,20250926,184500,9.42,9.42,9.4,9.4,793,0
PIII.US,5,20250926,185000,9.64,9.64,9.61,9.61,300,0
PIII.US,5,20250926,190500,9.435,9.68,9.435,9.68,200,0
PIII.US,5,20250926,191000,9.6468,9.6468,9.6468,9.6468,200,0
PIII.US,5,20250926,200500,9.35,9.35,9.35,9.35,100,0
PIII.US,5,20250926,202000,9.41,9.41,9.41,9.41,100,0
PIII.US,5,20250926,202500,9.707,9.707,9.707,9.707,100,0
PIII.US,5,20250926,211500,9.85,9.85,9.85,9.85,100,0
PIII.US,5,20250926,215000,9.2565,9.2565,9.2565,9.2565,103,0
PIII.US,5,20250926,215500,9.73,9.76,9.73,9.74,300,0
PIII.US,5,20250929,153000,9.79,9.79,9.4575,9.54,500,0
PIII.US,5,20250929,160000,10.0357,10.0357,10.0357,10.0357,200,0
PIII.US,5,20250929,161500,9.79,9.79,9.6325,9.6325,2625,0
PIII.US,5,20250929,181500,9.65,9.65,9.65,9.65,605,0
PIII.US,5,20250929,192000,9.7244,9.7244,9.7244,9.7244,2480,0
PIII.US,5,20250929,193000,9.9,9.9,9.9,9.9,200,0
PIII.US,5,20250929,201500,9.63,9.63,9.6,9.63,914,0
PIII.US,5,20250929,202500,9.59,9.59,9.59,9.59,200,0
PIII.US,5,20250929,204000,9.5,9.5,9.5,9.5,100,0
PIII.US,5,20250929,205000,9.5,9.5,9.5,9.5,100,0
PIII.US,5,20250929,210000,9.6133,9.6133,9.6133,9.6133,200,0
PIII.US,5,20250930,174000,9.5,9.5,9.5,9.5,100,0
PIII.US,5,20250930,180000,9.2486,9.2486,9.2486,9.2486,200,0
PIII.US,5,20250930,183000,9.6853,9.6853,9.6853,9.6853,200,0
PIII.US,5,20250930,190000,9.2846,9.2846,9.2846,9.2846,200,0
PIII.US,5,20250930,201500,9.23,9.23,9.23,9.23,176,0
PIII.US,5,20250930,203000,9.205,9.205,9.205,9.205,200,0
PIII.US,5,20250930,215000,9.02,9.02,8.83,8.945,815,0
PIII.US,5,20251001,153000,8.93,8.93,8.93,8.93,123,0
PIII.US,5,20251001,194500,9.4999,9.4999,9.4999,9.4999,564,0
PIII.US,5,20251001,203000,8.8,8.8,8.8,8.8,100,0
PIII.US,5,20251002,160500,8.52,8.52,8.52,8.52,196,0
PIII.US,5,20251002,162000,8.63,8.63,8.63,8.63,100,0
PIII.US,5,20251002,163000,9.1413,9.1413,9.1413,9.1413,200,0
PIII.US,5,20251002,170000,8.6453,8.6453,8.6453,8.6453,200,0
PIII.US,5,20251002,173000,8.865,8.865,8.865,8.865,125,0
PIII.US,5,20251002,173500,8.7983,8.7983,8.7983,8.7983,126,0
PIII.US,5,20251002,180000,9.086,9.086,9.086,9.086,200,0
PIII.US,5,20251002,182000,8.636,8.636,8.636,8.636,125,0
PIII.US,5,20251002,182500,8.805,8.805,8.6101,8.6101,975,0
PIII.US,5,20251002,183000,8.6324,8.66,8.6324,8.66,300,0
PIII.US,5,20251002,194500,8.88,8.88,8.88,8.88,100,0
PIII.US,5,20251002,200000,8.6139,8.6139,8.6139,8.6139,125,0
PIII.US,5,20251002,205500,8.6101,8.66,8.61,8.61,964,0
PIII.US,5,20251002,210000,8.8162,8.8162,8.66,8.66,300,0
PIII.US,5,20251002,213000,8.5001,8.5001,8.5001,8.5001,200,0
PIII.US,5,20251003,160000,8.64,8.64,8.64,8.64,100,0
PIII.US,5,20251003,163000,8.9632,8.9632,8.9632,8.9632,111,0
PIII.US,5,20251003,164500,8.65,8.7833,8.65,8.7833,256,0
PIII.US,5,20251003,181500,8.7724,8.7724,8.7724,8.7724,200,0
PIII.US,5,20251003,185500,8.68,8.68,8.68,8.68,100,0
PIII.US,5,20251003,212500,8.75,8.75,8.75,8.75,100,0
PIII.US,5,20251003,213000,8.9705,8.9705,8.9705,8.9705,200,0
PIII.US,5,20251003,215000,8.65,8.65,8.65,8.65,1000,0
PIII.US,5,20251006,153000,8.71,8.71,8.71,8.71,265,0
PIII.US,5,20251006,160000,9.075,9.075,9.075,9.075,200,0
PIII.US,5,20251006,161500,8.67,8.67,8.67,8.67,100,0
PIII.US,5,20251006,163000,8.6501,8.6501,8.6501,8.6501,200,0
PIII.US,5,20251006,170000,8.68,8.68,8.68,8.68,100,0
PIII.US,5,20251006,170500,8.65,8.65,8.65,8.65,100,0
PIII.US,5,20251006,172000,8.67,8.67,8.67,8.67,100,0
PIII.US,5,20251006,172500,8.6,8.6,8.5876,8.5876,546,0
PIII.US,5,20251006,173000,8.5816,8.6,8.5816,8.6,2815,0
PIII.US,5,20251006,174500,8.6,8.7,8.6,8.7,200,0
PIII.US,5,20251006,183000,8.69,8.69,8.69,8.69,100,0
PIII.US,5,20251006,190000,8.6132,8.6132,8.6132,8.6132,200,0
PIII.US,5,20251006,195000,8.7809,8.7809,8.7809,8.7809,135,0
PIII.US,5,20251006,201500,8.6,8.6,8.6,8.6,200,0
PIII.US,5,20251006,215500,8.8529,8.98,8.8529,8.98,1758,0
PIII.US,5,20251007,153000,9.2,9.2,9.1,9.1,470,0
PIII.US,5,20251007,154000,9.1,9.1,9.1,9.1,952,0
PIII.US,5,20251007,154500,9.1,9.1,9.1,9.1,100,0
PIII.US,5,20251007,172000,9.1,9.1,9.1,9.1,100,0
PIII.US,5,20251007,205500,9.1,9.1,9.1,9.1,291,0
PIII.US,5,20251007,214500,8.99,8.99,8.99,8.99,2000,0
PIII.US,5,20251007,215000,9.06,9.06,9.06,9.06,100,0
PIII.US,5,20251007,215500,9.016,9.016,9.016,9.016,200,0
PIII.US,5,20251008,154500,8.7777,8.81,8.6,8.6,692,0
PIII.US,5,20251008,163500,8.805,8.81,8.805,8.805,300,0
PIII.US,5,20251008,173000,8.9402,8.9402,8.9402,8.9402,500,0
PIII.US,5,20251008,190000,8.6061,8.6061,8.6061,8.6061,100,0
PIII.US,5,20251008,202000,8.76,8.76,8.76,8.76,350,0
PIII.US,5,20251008,215000,8.8655,8.8655,8.8655,8.8655,200,0
PIII.US,5,20251008,215500,8.95,8.95,8.95,8.95,2508,0
PIII.US,5,20251009,153000,8.77,8.77,8.77,8.77,465,0
PIII.US,5,20251009,154500,9.28,9.28,9.28,9.28,200,0
PIII.US,5,20251009,155000,8.91,8.91,8.91,8.91,584,0
PIII.US,5,20251009,164000,9.4381,9.4381,9.4381,9.4381,250,0
PIII.US,5,20251009,172000,9.41,9.41,9.41,9.41,470,0
PIII.US,5,20251009,174000,9.3,9.36,9.16,9.16,1100,0
PIII.US,5,20251009,175000,9.15,9.15,9.15,9.15,400,0
PIII.US,5,20251009,181500,9.155,9.155,9.155,9.155,100,0
PIII.US,5,20251009,190000,9.1,9.2,9.1,9.16,910,0
PIII.US,5,20251009,202000,9.3374,9.3374,9.3374,9.3374,125,0
PIII.US,5,20251009,215500,9.15,9.15,9.15,9.15,100,0
PIII.US,5,20251010,193000,9.2,9.2,9.2,9.2,149,0
PIII.US,5,20251010,201500,9.2,9.2,9.2,9.2,121,0
PIII.US,5,20251013,170000,9.0772,9.0772,9.0772,9.0772,100,0
PIII.US,5,20251013,175000,9.08,9.08,8.94,8.94,900,0
PIII.US,5,20251013,175500,8.75,8.7501,8.65,8.65,673,0
PIII.US,5,20251013,190000,8.848,8.848,8.848,8.848,100,0
PIII.US,5,20251013,202000,8.65,8.65,8.65,8.65,202,0
PIII.US,5,20251013,203500,8.83,8.83,8.83,8.83,554,0
PIII.US,5,20251013,214500,8.6501,8.6501,8.6501,8.6501,100,0
PIII.US,5,20251014,201000,8.8,8.8,8.8,8.8,300,0
PIII.US,5,20251014,203000,9.2025,9.2478,9.2025,9.2478,208,0
PIII.US,5,20251014,205000,9.01,9.01,9.01,9.01,220,0
PIII.US,5,20251014,211500,8.96,8.96,8.96,8.96,104,0
PIII.US,5,20251014,213500,9.09,9.09,9.09,9.09,300,0
PIII.US,5,20251015,160000,9.08,9.08,9.08,9.08,100,0
PIII.US,5,20251015,171000,9.08,9.08,9.08,9.08,110,0
PIII.US,5,20251015,171500,9.0389,9.0389,9.0389,9.0389,129,0
PIII.US,5,20251015,204000,8.82,8.82,8.82,8.82,127,0
PIII.US,5,20251016,170000,8.82,8.99,8.82,8.99,232,0
PIII.US,5,20251016,194500,8.98,8.98,8.98,8.98,100,0
PIII.US,5,20251017,165000,8.8251,8.8251,8.8251,8.8251,4000,0
PIII.US,5,20251017,171000,9,9,9,9,503,0
PIII.US,5,20251017,182500,8.86,9.04,8.86,8.8602,2276,0
PIII.US,5,20251017,193000,8.69,8.7001,8.61,8.6501,3876,0
PIII.US,5,20251020,154000,8.61,8.61,8.61,8.61,100,0
PIII.US,5,20251020,202500,9.29,9.29,9.29,9.29,106,0
PIII.US,5,20251021,163500,8.6,8.6,8.6,8.6,950,0
PIII.US,5,20251021,171500,8.92,8.92,8.92,8.92,113,0
PIII.US,5,20251021,181500,9.22,9.22,9.22,9.22,100,0
PIII.US,5,20251021,215500,8.98,8.98,8.98,8.98,100,0
PIII.US,5,20251022,154500,8.7866,8.7866,8.7866,8.7866,200,0
PIII.US,5,20251023,170000,8.7396,8.7396,8.7396,8.7396,136,0
PIII.US,5,20251023,201000,8.7653,8.7653,8.7653,8.7653,540,0
PIII.US,5,20251023,205000,8.75,8.75,8.75,8.75,890,0
PIII.US,5,20251023,213000,8.88,8.88,8.88,8.88,100,0
PIII.US,5,20251024,183500,8.715,8.715,8.715,8.715,570,0
PIII.US,5,20251024,215000,8.73,8.73,8.73,8.73,500,0
PIII.US,5,20251024,215500,8.84,8.84,8.84,8.84,100,0
PIII.US,5,20251028,192000,8.7,8.7,8.7,8.7,100,0
PIII.US,5,20251028,201000,8.705,8.705,8.705,8.705,200,0
PIII.US,5,20251028,205500,8.88,8.88,8.88,8.88,100,0
PIII.US,5,20251029,194000,8.655,8.85,8.65,8.65,2372,0
PIII.US,5,20251029,194500,8.53,8.53,8.53,8.53,100,0
PIII.US,5,20251029,195000,8.45,8.45,8.45,8.45,224,0
PIII.US,5,20251029,202000,8.45,8.45,8.41,8.41,504,0
PIII.US,5,20251029,204000,8.5,8.66,8.5,8.66,596,0
PIII.US,5,20251030,143000,8.42,8.55,8.42,8.55,201,0
PIII.US,5,20251030,151000,8.65,8.65,8.65,8.65,155,0
PIII.US,5,20251030,181500,8.635,8.88,8.635,8.87,5725,0
PIII.US,5,20251030,183500,8.75,8.75,8.75,8.75,1372,0
PIII.US,5,20251030,184000,8.8899,8.8899,8.8899,8.8899,1000,0
PIII.US,5,20251030,192000,8.7506,8.7506,8.7506,8.7506,124,0
PIII.US,5,20251031,170500,8.88,8.88,8.88,8.88,100,0
PIII.US,5,20251031,190000,8.75,8.75,8.75,8.75,200,0
PIII.US,5,20251103,161000,8.8525,8.8525,8.8525,8.8525,250,0
PIII.US,5,20251105,172000,8.675,8.675,8.675,8.675,171,0
PIII.US,5,20251105,180500,8.75,8.75,8.75,8.75,196,0
PIII.US,5,20251105,183500,8.4,8.481,8.4,8.41,300,0
PIII.US,5,20251106,153000,8.34,8.34,8.34,8.34,222,0
PIII.US,5,20251106,154000,7.51,8.26,7.51,8.26,211,0
PIII.US,5,20251106,173000,8.37,8.37,8.37,8.37,250,0
PIII.US,5,20251106,174000,8.325,8.325,8.325,8.325,320,0
PIII.US,5,20251106,183500,8.45,8.45,8.45,8.45,233,0
PIII.US,5,20251106,213000,8.31,8.31,8.31,8.31,100,0
PIII.US,5,20251106,214000,8.0286,8.0286,8.0286,8.0286,150,0
PIII.US,5,20251107,165000,7.7565,7.7565,7.7565,7.7565,100,0
PIII.US,5,20251107,180500,7.5101,7.5101,7.5101,7.5101,400,0
PIII.US,5,20251107,182000,7.53,7.53,7.53,7.53,180,0
PIII.US,5,20251107,204000,7.907,7.907,7.907,7.907,125,0
PIII.US,5,20251110,183500,7.73,7.73,7.73,7.73,100,0
PIII.US,5,20251110,185500,7.275,7.275,7.275,7.275,100,0
PIII.US,5,20251110,190500,7.5,7.5,7.5,7.5,236,0
PIII.US,5,20251111,161500,8.1,8.29,8.1,8.29,250,0
PIII.US,5,20251111,175500,7.55,7.55,7.51,7.51,311,0
PIII.US,5,20251111,210500,7.53,7.53,7.53,7.53,100,0
PIII.US,5,20251111,213000,7.56,7.56,7.56,7.56,100,0
PIII.US,5,20251111,214000,7.52,7.52,7.52,7.52,100,0
PIII.US,5,20251111,214500,7.5,7.5,7.5,7.5,100,0
PIII.US,5,20251111,215000,7.52,7.52,7.52,7.52,100,0
PIII.US,5,20251111,215500,7.51,7.52,7.51,7.51,400,0
PIII.US,5,20251112,175500,7.51,7.51,7.51,7.51,100,0
PIII.US,5,20251112,183500,7.3695,7.3695,7.3695,7.3695,160,0
PIII.US,5,20251112,204500,7.4713,7.4713,7.4713,7.4713,107,0
PIII.US,5,20251112,212500,7.23,7.23,7.23,7.23,100,0
PIII.US,5,20251112,213000,7.355,7.355,7.355,7.355,100,0
PIII.US,5,20251112,213500,7.49,7.62,7.355,7.62,3944,0
PIII.US,5,20251113,162500,7.8799,7.8799,7.69,7.69,225,0
PIII.US,5,20251113,172500,7.97,7.97,7.97,7.97,150,0
PIII.US,5,20251113,194000,7.45,7.45,7.2,7.2,994,0
PIII.US,5,20251113,195000,7.3,7.3,7.3,7.3,100,0
PIII.US,5,20251113,200500,6.95,6.95,6.65,6.65,300,0
PIII.US,5,20251113,202500,7.25,7.5,7.25,7.5,2966,0
PIII.US,5,20251113,203000,7.2538,7.53,7.2538,7.2538,1943,0
PIII.US,5,20251113,204000,7.24,7.4,7.24,7.4,600,0
PIII.US,5,20251113,212500,7.3,7.3,7.3,7.3,500,0
PIII.US,5,20251113,213000,7.31,7.31,7.3,7.3,6593,0
PIII.US,5,20251113,214500,7.3,7.3,7.3,7.3,700,0
PIII.US,5,20251113,215500,7,7,7,7,810,0
PIII.US,5,20251114,153000,6.6,6.765,6.6,6.765,375,0
PIII.US,5,20251114,153500,6.92,6.92,6.92,6.92,100,0
PIII.US,5,20251114,154000,6.93,6.93,6.93,6.93,144,0
PIII.US,5,20251114,154500,6.93,6.93,6.93,6.93,244,0
PIII.US,5,20251114,155000,7.2,7.2,7.2,7.2,100,0
PIII.US,5,20251114,161000,7.22,7.22,7.2,7.2,300,0
PIII.US,5,20251114,161500,7.055,7.055,7.055,7.055,429,0
PIII.US,5,20251114,162000,7.055,7.055,7.055,7.055,150,0
PIII.US,5,20251114,162500,7.1125,7.1125,7.1125,7.1125,900,0
PIII.US,5,20251114,163500,7.055,7.055,6.9127,6.9127,432,0
PIII.US,5,20251114,174000,6.9,6.9,6.9,6.9,100,0
PIII.US,5,20251114,174500,7.32,7.32,7.32,7.32,100,0
PIII.US,5,20251114,181500,7.3007,7.3007,7.3007,7.3007,170,0
PIII.US,5,20251114,202500,7,7,6.98,7,3200,0
PIII.US,5,20251114,203000,6.9053,6.9053,6.9053,6.9053,106,0
PIII.US,5,20251114,215500,6.84,6.84,6.84,6.84,111,0
PIII.US,5,20251117,160500,6.8422,6.8422,6.8422,6.8422,100,0
PIII.US,5,20251117,164000,6.915,6.915,6.9,6.9,482,0
PIII.US,5,20251117,164500,6.6801,6.9,6.6,6.6,1581,0
PIII.US,5,20251117,165000,6.6,6.64,6.6,6.6,1745,0
PIII.US,5,20251117,171000,6.5,6.5,6.5,6.5,988,0
PIII.US,5,20251117,174500,6.36,6.36,6.36,6.36,200,0
PIII.US,5,20251117,181000,6.37,6.37,6.37,6.37,100,0
PIII.US,5,20251117,182500,6.29,6.29,6.29,6.29,150,0
PIII.US,5,20251117,183500,6.5,6.5,6.5,6.5,100,0
PIII.US,5,20251117,184500,6.0002,6.07,6.0002,6.07,3448,0
PIII.US,5,20251117,194500,6.3,6.3,6.3,6.3,100,0
PIII.US,5,20251117,205500,6.2,6.2,6.2,6.2,100,0
PIII.US,5,20251117,210000,6,6,6,6,630,0
PIII.US,5,20251117,210500,6,6,5.84,5.84,1778,0
PIII.US,5,20251117,211000,5.9174,5.9174,5.9174,5.9174,150,0
PIII.US,5,20251117,211500,5.8862,5.8862,5.8862,5.8862,1000,0
PIII.US,5,20251117,212000,5.86,5.935,5.86,5.935,206,0
PIII.US,5,20251117,213000,5.84,6.0199,5.84,5.86,700,0
PIII.US,5,20251117,215500,5.92,5.98,5.91,5.98,300,0
PIII.US,5,20251118,171000,5.8791,5.8791,5.8791,5.8791,199,0
PIII.US,5,20251118,200500,6.2499,6.2499,6.2499,6.2499,244,0
PIII.US,5,20251118,205000,6.228,6.228,6.228,6.228,800,0
PIII.US,5,20251118,213500,6.25,6.25,6.25,6.25,2468,0
PIII.US,5,20251118,214000,6.31,6.5,6.31,6.5,366,0
PIII.US,5,20251118,215500,5.94,6.4,5.94,6.4,600,0
PIII.US,5,20251119,205500,6.12,6.12,6.12,6.12,270,0
PIII.US,5,20251120,153000,6.07,6.07,6.07,6.07,305,0
PIII.US,5,20251120,154500,6.04,6.1,6.04,6.1,300,0
PIII.US,5,20251120,155000,6.13,6.13,6.13,6.13,100,0
PIII.US,5,20251120,155500,6.1,6.1,6.1,6.1,1228,0
PIII.US,5,20251120,160500,6.1,6.1,6.1,6.1,100,0
PIII.US,5,20251120,162000,6.21,6.3999,6.12,6.3999,3800,0
PIII.US,5,20251120,165000,6.2652,6.2652,6.2652,6.2652,500,0
PIII.US,5,20251120,170000,6.1065,6.1065,6.04,6.04,716,0
PIII.US,5,20251120,175000,6.13,6.15,6.13,6.1311,2442,0
PIII.US,5,20251120,181500,5.98,5.98,5.98,5.98,100,0
PIII.US,5,20251120,182000,6.16,6.16,6.11,6.11,400,0
PIII.US,5,20251120,183500,6,6,6,6,318,0
PIII.US,5,20251120,184000,6.095,6.095,6.095,6.095,100,0
PIII.US,5,20251120,190500,6.13,6.13,6.13,6.13,100,0
PIII.US,5,20251120,192000,6.09,6.09,5.9,5.9,4095,0
PIII.US,5,20251120,205000,5.96,5.96,5.96,5.96,100,0
PIII.US,5,20251120,210500,5.94,5.94,5.94,5.94,360,0
PIII.US,5,20251120,215500,5.96,5.96,5.87,5.87,200,0
PIII.US,5,20251121,171000,5.8701,5.95,5.8701,5.95,820,0
PIII.US,5,20251121,172000,5.9725,5.9725,5.9725,5.9725,100,0
PIII.US,5,20251121,184500,5.945,5.945,5.945,5.945,800,0
PIII.US,5,20251121,190500,5.935,5.935,5.935,5.935,200,0
PIII.US,5,20251121,194500,5.935,5.935,5.93,5.935,400,0
PIII.US,5,20251121,204000,5.93,5.93,5.93,5.93,436,0
PIII.US,5,20251121,210500,5.87,5.87,5.75,5.78,1322,0
PIII.US,5,20251121,211000,5.78,5.78,5.67,5.67,523,0
PIII.US,5,20251121,211500,5.67,5.67,5.52,5.52,2121,0
PIII.US,5,20251121,212000,5.5,5.5,5.5,5.5,100,0
PIII.US,5,20251121,215500,5.5,5.71,5.49,5.71,1478,0
PIII.US,5,20251124,165000,5.7,5.7,5.6,5.6,1251,0
PIII.US,5,20251124,165500,5.7,5.85,5.7,5.8,614,0
PIII.US,5,20251124,170000,6.2,6.2,6.1,6.1,600,0
PIII.US,5,20251124,170500,6.29,6.29,5.84,5.84,354,0
PIII.US,5,20251124,175000,5.8,5.8,5.8,5.8,105,0
PIII.US,5,20251124,185500,6.0601,6.0601,6.0601,6.0601,1243,0
PIII.US,5,20251124,190000,5.93,6.05,5.93,6.01,500,0
PIII.US,5,20251124,192000,6.115,6.115,6.115,6.115,300,0
PIII.US,5,20251124,202000,5.945,5.945,5.945,5.945,147,0
PIII.US,5,20251125,172500,5.845,5.85,5.845,5.85,400,0
PIII.US,5,20251125,174500,5.75,5.75,5.75,5.75,1250,0
PIII.US,5,20251125,201000,5.6016,5.6016,5.6016,5.6016,500,0
PIII.US,5,20251125,201500,5.74,5.75,5.72,5.72,1917,0
PIII.US,5,20251125,202000,5.9,5.9,5.75,5.75,700,0
PIII.US,5,20251125,202500,5.75,5.93,5.75,5.93,287,0
PIII.US,5,20251125,203500,5.72,5.74,5.72,5.74,900,0
PIII.US,5,20251125,212000,5.6676,5.6676,5.6676,5.6676,450,0
PIII.US,5,20251125,215500,5.675,5.675,5.675,5.675,100,0
PIII.US,5,20251126,153500,5.97,5.97,5.97,5.97,400,0
PIII.US,5,20251126,154000,5.81,6.01,5.76,6.01,442,0
PIII.US,5,20251126,155500,5.75,5.75,5.75,5.75,123,0
PIII.US,5,20251126,161500,5.745,5.745,5.745,5.745,112,0
PIII.US,5,20251126,180500,5.69,5.69,5.41,5.41,3376,0
PIII.US,5,20251126,181000,5.3,5.3,4.97,4.97,1400,0
PIII.US,5,20251126,181500,4.98,4.99,4.98,4.99,2000,0
PIII.US,5,20251126,182000,5.0779,5.0779,5.0779,5.0779,200,0
PIII.US,5,20251126,182500,5.14,5.45,5.13,5.375,1728,0
PIII.US,5,20251126,184000,5.375,5.375,5.28,5.28,528,0
PIII.US,5,20251126,191500,5.3,5.47,5.3,5.47,4175,0
PIII.US,5,20251126,192500,5.57,5.57,5.49,5.55,1242,0
PIII.US,5,20251126,193000,5.46,5.55,5.46,5.55,317,0
PIII.US,5,20251126,193500,5.5,5.6,5.35,5.55,1576,0
PIII.US,5,20251126,194000,5.55,5.55,5.55,5.55,500,0
PIII.US,5,20251126,194500,5.56,5.6,5.55,5.6,1500,0
PIII.US,5,20251126,201500,5.58,5.58,5.58,5.58,100,0
PIII.US,5,20251126,210000,5.6969,5.6969,5.6969,5.6969,100,0
PIII.US,5,20251126,215500,5.59,5.59,5.59,5.59,400,0
PIII.US,5,20251128,155000,5.6,5.6,5.6,5.6,100,0
PIII.US,5,20251128,174000,5.38,5.38,5.37,5.37,200,0
PIII.US,5,20251128,184500,5.6105,5.6105,5.6105,5.6105,100,0
PIII.US,5,20251128,185500,5.45,5.45,5.42,5.42,498,0
PIII.US,5,20251128,190000,5.4,5.4,5.4,5.4,338,0
PIII.US,5,20251201,174500,5.38,5.38,5.38,5.38,156,0
PIII.US,5,20251201,195500,5.39,5.39,5.38,5.38,2618,0
PIII.US,5,20251201,201000,5.37,5.37,5.37,5.37,100,0
PIII.US,5,20251201,204500,5.255,5.35,5.255,5.35,2100,0
PIII.US,5,20251201,205000,5.1701,5.1701,5.1701,5.1701,154,0
PIII.US,5,20251201,213500,5.3267,5.3267,5.3267,5.3267,200,0
PIII.US,5,20251201,215500,5.33,5.33,5.33,5.33,269,0
PIII.US,5,20251202,170000,5.26,5.266,5.26,5.26,2899,0
PIII.US,5,20251202,173500,5.25,5.25,5.18,5.18,768,0
PIII.US,5,20251202,175000,5.25,5.28,5.25,5.25,722,0
PIII.US,5,20251202,200000,5.25,5.25,5.25,5.25,567,0
PIII.US,5,20251202,200500,5.25,5.25,5.25,5.25,130,0
PIII.US,5,20251202,215000,5.29,5.29,5.29,5.29,200,0
PIII.US,5,20251202,215500,5.3,5.3,5.3,5.3,100,0
PIII.US,5,20251203,153000,5.19,5.19,5.19,5.19,101,0
PIII.US,5,20251203,153500,5.3,5.3,5.3,5.3,163,0
PIII.US,5,20251203,154000,5.3,5.3,5.3,5.3,400,0
PIII.US,5,20251203,154500,5.3,5.3,5.3,5.3,516,0
PIII.US,5,20251203,161000,5.1801,5.1801,5.1801,5.1801,181,0
PIII.US,5,20251203,162000,5.2,5.2,5.2,5.2,200,0
PIII.US,5,20251203,162500,5.22,5.22,5.17,5.18,607,0
PIII.US,5,20251203,165000,5.17,5.17,5.17,5.17,369,0
PIII.US,5,20251203,175500,5.14,5.14,5.14,5.14,344,0
PIII.US,5,20251203,184000,5.14,5.14,5.14,5.14,200,0
PIII.US,5,20251203,192500,5.14,5.15,5.14,5.15,852,0
PIII.US,5,20251203,193000,5.2,5.31,5.2,5.31,500,0
PIII.US,5,20251203,202000,5.62,5.62,5.62,5.62,156,0
PIII.US,5,20251204,153000,5.4,5.4,5.4,5.4,243,0
PIII.US,5,20251204,162500,5.19,5.19,5.19,5.19,113,0
PIII.US,5,20251204,172000,5.22,5.22,5.22,5.22,100,0
PIII.US,5,20251204,174500,5.2016,5.2016,5.2016,5.2016,138,0
PIII.US,5,20251204,210500,5.2514,5.2514,5.2514,5.2514,296,0
PIII.US,5,20251205,181000,5.32,5.32,5.32,5.32,150,0
PIII.US,5,20251205,185500,5.32,5.32,5.32,5.32,100,0
PIII.US,5,20251205,191500,5.34,5.34,5.34,5.34,100,0
PIII.US,5,20251205,194000,5.38,5.38,5.38,5.38,100,0
PIII.US,5,20251205,200000,5.345,5.345,5.26,5.26,5360,0
PIII.US,5,20251205,201000,5.26,5.26,5.26,5.26,2163,0
PIII.US,5,20251205,211500,5.24,5.24,5.24,5.24,478,0
PIII.US,5,20251208,172500,5.24,5.24,5.24,5.24,762,0
PIII.US,5,20251208,182000,5.02,5.02,5.02,5.02,100,0
PIII.US,5,20251208,202500,5.065,5.065,5.065,5.065,141,0
PIII.US,5,20251208,203000,5.1,5.1,5.1,5.1,100,0
PIII.US,5,20251209,172500,5.0899,5.0899,5.0899,5.0899,982,0
PIII.US,5,20251209,180000,5.0201,5.0201,5.0201,5.0201,100,0
PIII.US,5,20251209,182000,5.08,5.08,5.0201,5.0201,300,0
PIII.US,5,20251209,203000,5.0206,5.0729,5.0206,5.0729,600,0
PIII.US,5,20251209,210000,5.05,5.05,5.03,5.0499,5697,0
PIII.US,5,20251210,154000,5.06,5.06,5.01,5.01,2919,0
PIII.US,5,20251210,160000,5.04,5.1,5.04,5.1,1730,0
PIII.US,5,20251210,170000,5.13,5.13,5.13,5.13,100,0
PIII.US,5,20251210,192000,5.24,5.24,5.09,5.09,300,0
PIII.US,5,20251210,193500,5.09,5.09,5.09,5.09,300,0
PIII.US,5,20251210,194000,5.1,5.1,5.1,5.1,120,0
PIII.US,5,20251210,201500,5.29,5.43,5.29,5.43,200,0
PIII.US,5,20251210,205000,5.1348,5.1348,5.08,5.08,200,0
PIII.US,5,20251210,215500,5.03,5.03,5.03,5.03,352,0
PIII.US,5,20251211,153000,5.02,5.02,5.02,5.02,131,0
PIII.US,5,20251211,162000,5.23,5.23,5.23,5.23,100,0
PIII.US,5,20251211,172000,5.19,5.19,5.0801,5.12,1927,0
PIII.US,5,20251211,182000,5.1764,5.1764,5.1764,5.1764,500,0
PIII.US,5,20251211,201500,5.17,5.23,5.17,5.23,2097,0
PIII.US,5,20251211,214000,5.05,5.05,5.04,5.04,2703,0
PIII.US,5,20251212,172500,5.157,5.157,5.157,5.157,118,0
PIII.US,5,20251212,174500,5.157,5.157,5.157,5.157,165,0
PIII.US,5,20251212,181500,5.1802,5.1802,5.1802,5.1802,1000,0
PIII.US,5,20251212,200000,5.08,5.08,5.08,5.08,100,0
PIII.US,5,20251212,205000,5.1883,5.1883,5.1883,5.1883,646,0
PIII.US,5,20251215,175000,5.2,5.2,5.2,5.2,422,0
PIII.US,5,20251215,184000,5.15,5.15,5.15,5.15,100,0
PIII.US,5,20251215,201000,5.04,5.04,5.04,5.04,100,0
PIII.US,5,20251215,215000,4.96,4.96,4.95,4.95,375,0
PIII.US,5,20251216,161000,4.88,4.88,4.783,4.783,799,0
PIII.US,5,20251216,161500,4.84,4.86,4.84,4.86,400,0
PIII.US,5,20251216,170500,4.8706,4.8706,4.8706,4.8706,482,0
PIII.US,5,20251216,180500,4.87,4.87,4.87,4.87,345,0
PIII.US,5,20251216,181500,4.85,4.8827,4.7501,4.7501,1900,0
PIII.US,5,20251216,182000,4.77,4.79,4.77,4.79,900,0
PIII.US,5,20251216,182500,4.75,4.75,4.75,4.75,282,0
PIII.US,5,20251216,183500,4.77,4.77,4.695,4.72,2799,0
PIII.US,5,20251216,184000,4.7,4.72,4.7,4.72,200,0
PIII.US,5,20251216,184500,4.7,4.7,4.7,4.7,100,0
PIII.US,5,20251216,185000,4.69,4.69,4.69,4.69,200,0
PIII.US,5,20251216,185500,4.69,4.69,4.5,4.5,1130,0
PIII.US,5,20251216,191000,4.533,4.61,4.533,4.61,342,0
PIII.US,5,20251216,192500,4.62,4.6321,4.59,4.62,3016,0
PIII.US,5,20251216,201500,4.56,4.56,4.5,4.5,848,0
PIII.US,5,20251216,202000,4.51,4.51,4.51,4.51,300,0
PIII.US,5,20251216,205000,4.51,4.5101,4.51,4.5101,600,0
PIII.US,5,20251216,210000,4.49,4.49,4.49,4.49,100,0
PIII.US,5,20251216,210500,4.5879,4.5879,4.5879,4.5879,100,0
PIII.US,5,20251217,164500,4.6,4.6,4.6,4.6,250,0
PIII.US,5,20251217,174500,4.49,4.49,4.49,4.49,100,0
PIII.US,5,20251217,175500,4.48,4.48,4.48,4.48,250,0
PIII.US,5,20251217,190500,4.49,4.59,4.49,4.59,900,0
PIII.US,5,20251217,195500,4.55,4.55,4.55,4.55,223,0
PIII.US,5,20251217,201500,4.51,4.58,4.51,4.58,1100,0
PIII.US,5,20251217,214500,4.53,4.53,4.53,4.53,2483,0
PIII.US,5,20251217,215500,4.58,4.58,4.58,4.58,100,0
PIII.US,5,20251218,170000,4.4,4.43,4.39,4.39,1302,0
PIII.US,5,20251218,170500,4.39,4.39,4.39,4.39,100,0
PIII.US,5,20251218,171000,4.363,4.4,4.363,4.4,504,0
PIII.US,5,20251218,172000,4.41,4.41,4.41,4.41,147,0
PIII.US,5,20251218,180500,4.43,4.43,4.43,4.43,100,0
PIII.US,5,20251218,181500,4.42,4.42,4.42,4.42,100,0
PIII.US,5,20251218,184000,4.42,4.42,4.42,4.42,200,0
PIII.US,5,20251218,192000,4.42,4.42,4.42,4.42,100,0
PIII.US,5,20251218,193500,4.42,4.42,4.42,4.42,100,0
PIII.US,5,20251218,195500,4.42,4.42,4.39,4.39,1736,0
PIII.US,5,20251218,202500,4.4137,4.4137,4.4137,4.4137,500,0
PIII.US,5,20251218,203000,4.4,4.4,4.39,4.39,300,0
PIII.US,5,20251218,205500,4.39,4.39,4.39,4.39,300,0
PIII.US,5,20251218,210000,4.41,4.41,4.39,4.39,802,0
PIII.US,5,20251218,213000,4.3446,4.3446,4.27,4.2887,2800,0
PIII.US,5,20251218,213500,4.345,4.3675,4.27,4.33,3217,0
PIII.US,5,20251218,214000,4.345,4.38,4.28,4.28,1017,0
PIII.US,5,20251218,215000,4.29,4.29,4.29,4.29,100,0
PIII.US,5,20251218,215500,4.34,4.34,4.32,4.32,300,0
PIII.US,5,20251219,153000,4.22,4.23,4.22,4.23,1100,0
PIII.US,5,20251219,154000,4.1025,4.14,4.01,4.01,758,0
PIII.US,5,20251219,160500,4.1625,4.205,4.1625,4.205,800,0
PIII.US,5,20251219,161000,4.172,4.205,4.172,4.205,800,0
PIII.US,5,20251219,180500,4.15,4.15,4.15,4.15,400,0
PIII.US,5,20251219,181500,4.13,4.13,4.0311,4.0311,1302,0
PIII.US,5,20251219,184000,4.11,4.11,4.11,4.11,100,0
PIII.US,5,20251219,193000,4.1908,4.25,4.1908,4.25,600,0
PIII.US,5,20251219,195500,4.175,4.175,4.175,4.175,316,0
PIII.US,5,20251219,203000,4.09,4.09,4.08,4.08,2913,0
PIII.US,5,20251219,213000,4.03,4.03,4.03,4.03,100,0
PIII.US,5,20251219,213500,4.03,4.03,4.03,4.03,100,0
PIII.US,5,20251219,215000,4.03,4.03,4.03,4.03,108,0
PIII.US,5,20251219,215500,4.03,4.07,4.03,4.07,749,0
PIII.US,5,20251222,153000,4.0388,4.0388,4.0388,4.0388,558,0
PIII.US,5,20251222,174500,4.09,4.09,4.09,4.09,100,0
PIII.US,5,20251222,175500,4.0742,4.0742,4.0742,4.0742,122,0
PIII.US,5,20251222,192500,4.0544,4.0544,3.95,3.95,1175,0
PIII.US,5,20251222,193500,3.9621,3.9784,3.9621,3.9749,1300,0
PIII.US,5,20251222,194500,3.95,3.95,3.95,3.95,972,0
PIII.US,5,20251222,195000,3.9335,3.9335,3.9335,3.9335,300,0
PIII.US,5,20251222,200500,3.93,3.98,3.93,3.98,500,0
PIII.US,5,20251222,201000,3.937,3.937,3.937,3.937,300,0
PIII.US,5,20251222,201500,3.88,3.93,3.87,3.93,902,0
PIII.US,5,20251222,202000,3.87,3.9327,3.87,3.9327,800,0
PIII.US,5,20251222,202500,3.87,3.87,3.87,3.87,400,0
PIII.US,5,20251222,203000,3.87,3.87,3.75,3.75,1292,0
PIII.US,5,20251222,203500,3.75,3.75,3.75,3.75,400,0
PIII.US,5,20251222,204000,3.75,3.75,3.75,3.75,400,0
PIII.US,5,20251222,204500,3.75,3.75,3.75,3.75,560,0
PIII.US,5,20251222,205000,3.75,3.76,3.75,3.75,2987,0
PIII.US,5,20251222,205500,3.75,3.75,3.74,3.74,1449,0
PIII.US,5,20251222,210000,3.63,3.735,3.63,3.63,1115,0
PIII.US,5,20251222,210500,3.71,3.71,3.71,3.71,400,0
PIII.US,5,20251222,211000,3.71,3.71,3.71,3.71,400,0
PIII.US,5,20251222,211500,3.75,3.75,3.71,3.71,500,0
PIII.US,5,20251222,212000,3.71,3.71,3.71,3.71,400,0
PIII.US,5,20251222,212500,3.71,3.71,3.71,3.71,400,0
PIII.US,5,20251222,213000,3.71,3.71,3.71,3.71,502,0
PIII.US,5,20251222,213500,3.65,3.65,3.65,3.65,400,0
PIII.US,5,20251222,214000,3.5,3.51,3.5,3.51,200,0
PIII.US,5,20251222,214500,3.51,3.52,3.51,3.52,400,0
PIII.US,5,20251222,215000,3.54,3.61,3.54,3.58,500,0
PIII.US,5,20251222,215500,3.58,3.61,3.53,3.61,1100,0
PIII.US,5,20251223,153000,3.66,3.66,3.66,3.66,116,0
PIII.US,5,20251223,164000,3.66,3.66,3.66,3.66,192,0
PIII.US,5,20251223,170500,3.8,3.8,3.772,3.772,1472,0
PIII.US,5,20251223,171500,3.7848,3.7848,3.7848,3.7848,1000,0
PIII.US,5,20251223,172000,3.78,3.8,3.78,3.78,1200,0
PIII.US,5,20251223,185000,3.7585,3.7585,3.7585,3.7585,200,0
PIII.US,5,20251223,185500,3.7598,3.7599,3.7598,3.7599,500,0
PIII.US,5,20251223,190000,3.76,3.76,3.76,3.76,100,0
PIII.US,5,20251223,200500,3.7501,3.7501,3.7501,3.7501,103,0
PIII.US,5,20251223,205000,3.7501,3.7501,3.7501,3.7501,106,0
PIII.US,5,20251223,210000,3.7698,3.7699,3.7698,3.7699,812,0
PIII.US,5,20251223,210500,3.75,3.75,3.75,3.75,100,0
PIII.US,5,20251223,214000,3.757,3.757,3.755,3.755,286,0
PIII.US,5,20251224,155500,3.785,3.785,3.785,3.785,2000,0
PIII.US,5,20251224,161500,3.8497,3.8497,3.8497,3.8497,225,0
PIII.US,5,20251224,162000,3.76,3.76,3.73,3.73,2225,0
PIII.US,5,20251224,163000,3.74,3.74,3.73,3.73,447,0
PIII.US,5,20251224,163500,3.7905,3.7905,3.73,3.73,999,0
PIII.US,5,20251224,171000,3.64,3.64,3.64,3.64,100,0
PIII.US,5,20251224,171500,3.68,3.68,3.68,3.68,203,0
PIII.US,5,20251224,172000,3.62,3.62,3.62,3.62,100,0
PIII.US,5,20251224,172500,3.51,3.51,3.51,3.51,100,0
PIII.US,5,20251224,175500,3.6099,3.64,3.59,3.64,1324,0
PIII.US,5,20251224,183000,3.61,3.61,3.6,3.6,876,0
PIII.US,5,20251224,184000,3.61,3.61,3.61,3.61,100,0
PIII.US,5,20251224,184500,3.63,3.64,3.62,3.62,600,0
PIII.US,5,20251224,185500,3.62,3.62,3.61,3.61,382,0
PIII.US,5,20251224,190000,3.61,3.61,3.61,3.61,503,0
PIII.US,5,20251226,160000,3.7769,3.7769,3.7769,3.7769,680,0
PIII.US,5,20251226,170000,3.735,3.78,3.67,3.67,769,0
PIII.US,5,20251226,183000,3.62,3.62,3.62,3.62,100,0
PIII.US,5,20251226,200000,3.65,3.65,3.6,3.6,600,0
PIII.US,5,20251226,211000,3.67,3.6875,3.6,3.6,2200,0
PIII.US,5,20251226,213000,3.6,3.6,3.6,3.6,100,0
PIII.US,5,20251226,215500,3.65,3.67,3.57,3.57,503,0
PIII.US,5,20251229,163500,3.55,3.62,3.55,3.62,1968,0
PIII.US,5,20251229,164000,3.6,3.61,3.6,3.61,1398,0
PIII.US,5,20251229,164500,3.68,3.68,3.65,3.65,644,0
PIII.US,5,20251229,165000,3.6,3.6,3.41,3.41,6000,0
PIII.US,5,20251229,165500,3.45,3.54,3.44,3.54,1900,0
PIII.US,5,20251229,183500,3.4,3.49,3.4,3.49,2959,0
PIII.US,5,20251229,184000,3.475,3.475,3.475,3.475,432,0
PIII.US,5,20251229,191000,3.49,3.49,3.49,3.49,100,0
PIII.US,5,20251229,192500,3.44,3.45,3.44,3.45,600,0
PIII.US,5,20251229,193000,3.44,3.44,3.44,3.44,192,0
PIII.US,5,20251229,194500,3.43,3.43,3.42,3.42,1500,0
PIII.US,5,20251229,203000,3.43,3.43,3.43,3.43,400,0
PIII.US,5,20251229,204500,3.43,3.43,3.43,3.43,300,0
PIII.US,5,20251229,205500,3.43,3.43,3.43,3.43,100,0
PIII.US,5,20251229,210500,3.46,3.46,3.45,3.45,200,0
PIII.US,5,20251229,211000,3.46,3.48,3.46,3.48,200,0
PIII.US,5,20251229,211500,3.54,3.54,3.54,3.54,100,0
PIII.US,5,20251229,212000,3.4879,3.52,3.4879,3.52,1695,0
PIII.US,5,20251229,212500,3.56,3.56,3.56,3.56,100,0
PIII.US,5,20251229,214000,3.59,3.59,3.59,3.59,100,0
PIII.US,5,20251229,214500,3.59,3.59,3.59,3.59,100,0
PIII.US,5,20251229,215000,3.58,3.58,3.58,3.58,200,0
PIII.US,5,20251229,215500,3.53,3.53,3.53,3.53,100,0
PIII.US,5,20251230,155500,3.59,3.59,3.59,3.59,900,0
PIII.US,5,20251230,163000,3.615,3.615,3.615,3.615,100,0
PIII.US,5,20251230,164500,3.6,3.6,3.54,3.54,760,0
PIII.US,5,20251230,172000,3.6,3.6,3.6,3.6,200,0
PIII.US,5,20251230,193500,3.55,3.56,3.55,3.55,392,0
PIII.US,5,20251230,195500,3.54,3.54,3.54,3.54,100,0
PIII.US,5,20251230,214500,3.54,3.55,3.54,3.55,200,0
PIII.US,5,20251230,215000,3.5461,3.5461,3.5461,3.5461,4984,0
PIII.US,5,20251230,215500,3.54,3.54,3.54,3.54,330,0
PIII.US,5,20251231,153000,3.54,3.55,3.54,3.55,1720,0
PIII.US,5,20251231,153500,3.55,3.58,3.55,3.58,4084,0
PIII.US,5,20251231,155000,3.616,3.616,3.616,3.616,160,0
PIII.US,5,20251231,163000,3.72,3.72,3.72,3.72,100,0
PIII.US,5,20251231,171000,3.84,3.84,3.73,3.73,400,0
PIII.US,5,20251231,171500,3.7,3.7,3.7,3.7,104,0
PIII.US,5,20251231,172000,3.6,3.625,3.59,3.6,1000,0
PIII.US,5,20251231,172500,3.61,3.61,3.56,3.6,400,0
PIII.US,5,20251231,175500,3.57,3.665,3.565,3.565,300,0
PIII.US,5,20251231,180500,3.57,3.57,3.57,3.57,100,0
PIII.US,5,20251231,181000,3.665,3.665,3.57,3.57,200,0
PIII.US,5,20251231,183000,3.69,3.69,3.64,3.64,500,0
PIII.US,5,20251231,184000,3.61,3.62,3.55,3.55,1102,0
PIII.US,5,20251231,185000,3.59,3.59,3.59,3.59,100,0
PIII.US,5,20251231,191500,3.59,3.59,3.59,3.59,100,0
PIII.US,5,20251231,192000,3.51,3.51,3.51,3.51,510,0
PIII.US,5,20251231,193000,3.565,3.565,3.565,3.565,100,0
PIII.US,5,20251231,195500,3.56,3.59,3.56,3.59,600,0
PIII.US,5,20251231,201000,3.59,3.59,3.59,3.59,100,0
PIII.US,5,20251231,202000,3.55,3.58,3.55,3.58,1711,0
PIII.US,5,20251231,202500,3.6,3.6,3.6,3.6,200,0
PIII.US,5,20251231,203500,3.58,3.58,3.54,3.55,4505,0
PIII.US,5,20251231,204500,3.55,3.58,3.55,3.58,2020,0
PIII.US,5,20251231,211000,3.59,3.59,3.59,3.59,100,0
PIII.US,5,20251231,213500,3.545,3.545,3.5014,3.5014,500,0
PIII.US,5,20251231,214500,3.5553,3.59,3.545,3.59,4500,0
PIII.US,5,20251231,215000,3.51,3.59,3.49,3.49,2096,0
PIII.US,5,20260102,153000,3.54,3.54,3.54,3.54,298,0
PIII.US,5,20260102,154000,3.5,3.5,3.5,3.5,300,0
PIII.US,5,20260102,160500,3.53,3.53,3.5,3.51,300,0
PIII.US,5,20260102,162000,3.49,3.49,3.49,3.49,100,0
PIII.US,5,20260102,164500,3.49,3.49,3.49,3.49,200,0
PIII.US,5,20260102,165000,3.49,3.49,3.49,3.49,100,0
PIII.US,5,20260102,172000,3.49,3.49,3.49,3.49,100,0
PIII.US,5,20260102,173500,3.4741,3.4741,3.4741,3.4741,300,0
PIII.US,5,20260102,175500,3.5,3.5,3.5,3.5,100,0
PIII.US,5,20260102,180000,3.5,3.5,3.5,3.5,100,0
PIII.US,5,20260102,181000,3.47,3.5,3.47,3.5,200,0
PIII.US,5,20260102,181500,3.495,3.5,3.495,3.5,200,0
PIII.US,5,20260102,182500,3.5,3.5,3.5,3.5,100,0
PIII.US,5,20260102,190000,3.5,3.5,3.5,3.5,200,0
PIII.US,5,20260102,192500,3.5,3.5,3.5,3.5,300,0
PIII.US,5,20260102,195500,3.56,3.56,3.56,3.56,100,0
PIII.US,5,20260102,200000,3.56,3.56,3.56,3.56,100,0
PIII.US,5,20260102,205000,3.61,3.61,3.5,3.5,600,0
PIII.US,5,20260102,211500,3.49,3.49,3.48,3.48,300,0
PIII.US,5,20260102,214000,3.492,3.492,3.492,3.492,140,0
PIII.US,5,20260102,215500,3.555,3.555,3.5,3.5,200,0
PIII.US,5,20260105,154500,3.72,3.72,3.72,3.72,200,0
PIII.US,5,20260105,155000,3.74,3.8,3.74,3.75,517,0
PIII.US,5,20260105,160000,3.75,3.75,3.74,3.74,200,0
PIII.US,5,20260105,160500,3.74,3.74,3.74,3.74,400,0
PIII.US,5,20260105,161000,3.74,3.74,3.74,3.74,200,0
PIII.US,5,20260105,161500,3.74,3.74,3.72,3.72,300,0
PIII.US,5,20260105,162000,3.74,3.74,3.74,3.74,200,0
PIII.US,5,20260105,162500,3.72,3.72,3.67,3.67,380,0
PIII.US,5,20260105,163000,3.69,3.7,3.69,3.7,200,0
PIII.US,5,20260105,163500,3.7,3.7,3.7,3.7,300,0
PIII.US,5,20260105,164000,3.7,3.7,3.7,3.7,400,0
PIII.US,5,20260105,164500,3.69,3.7,3.69,3.7,300,0
PIII.US,5,20260105,165000,3.7,3.74,3.7,3.74,400,0
PIII.US,5,20260105,165500,3.74,3.74,3.74,3.74,200,0
PIII.US,5,20260105,170000,3.74,3.75,3.74,3.75,200,0
PIII.US,5,20260105,170500,3.75,3.75,3.75,3.75,100,0
PIII.US,5,20260105,171000,3.74,3.75,3.7225,3.75,451,0
PIII.US,5,20260105,171500,3.75,3.81,3.75,3.8,1342,0
PIII.US,5,20260105,175500,3.85,3.85,3.85,3.85,100,0
PIII.US,5,20260105,180500,3.802,3.802,3.79,3.79,700,0
PIII.US,5,20260105,181000,3.8,3.8,3.8,3.8,1024,0
PIII.US,5,20260105,185000,3.94,3.94,3.94,3.94,100,0
PIII.US,5,20260105,201000,3.87,3.87,3.87,3.87,100,0
PIII.US,5,20260105,203000,3.81,3.81,3.79,3.8,1170,0
PIII.US,5,20260105,203500,3.8,3.81,3.8,3.81,400,0
PIII.US,5,20260105,205500,3.92,3.92,3.92,3.92,100,0
PIII.US,5,20260105,210000,3.9,3.9,3.89,3.89,900,0
PIII.US,5,20260105,212500,3.98,3.98,3.98,3.98,100,0
PIII.US,5,20260105,214500,3.95,3.9784,3.95,3.9784,225,0
PIII.US,5,20260106,153000,3.81,3.81,3.81,3.81,151,0
PIII.US,5,20260106,160500,3.82,3.82,3.8,3.8,575,0
PIII.US,5,20260106,163500,3.61,3.6955,3.61,3.6955,344,0
PIII.US,5,20260106,171500,3.75,3.75,3.75,3.75,250,0
PIII.US,5,20260106,173000,3.705,3.705,3.705,3.705,400,0
PIII.US,5,20260106,194000,3.705,3.705,3.705,3.705,200,0
PIII.US,5,20260106,202500,3.635,3.64,3.63,3.63,300,0
PIII.US,5,20260106,204000,3.63,3.64,3.63,3.64,200,0
PIII.US,5,20260106,204500,3.64,3.715,3.63,3.63,600,0
PIII.US,5,20260106,205000,3.565,3.58,3.565,3.58,400,0
PIII.US,5,20260106,210000,3.575,3.58,3.575,3.58,300,0
PIII.US,5,20260106,211000,3.58,3.685,3.58,3.58,430,0
PIII.US,5,20260106,212000,3.575,3.575,3.575,3.575,200,0
PIII.US,5,20260106,212500,3.575,3.575,3.575,3.575,100,0
PIII.US,5,20260106,214000,3.58,3.58,3.58,3.58,100,0
PIII.US,5,20260106,214500,3.58,3.58,3.58,3.58,200,0
PIII.US,5,20260106,215000,3.58,3.69,3.58,3.59,500,0
PIII.US,5,20260106,215500,3.585,3.71,3.585,3.71,309,0
PIII.US,5,20260107,160000,3.76,3.76,3.76,3.76,100,0
PIII.US,5,20260107,170000,3.8,3.8,3.8,3.8,2500,0
PIII.US,5,20260107,171000,3.65,3.78,3.6,3.63,4538,0
PIII.US,5,20260107,171500,3.75,3.75,3.75,3.75,126,0
PIII.US,5,20260107,174500,3.63,3.63,3.63,3.63,200,0
PIII.US,5,20260107,175000,3.63,3.63,3.63,3.63,100,0
PIII.US,5,20260107,183000,3.685,3.685,3.685,3.685,216,0
PIII.US,5,20260107,185000,3.7194,3.98,3.63,3.63,10305,0
PIII.US,5,20260107,191000,3.63,3.63,3.63,3.63,2100,0
PIII.US,5,20260107,192500,3.63,3.63,3.63,3.63,100,0
PIII.US,5,20260107,193000,3.76,3.76,3.76,3.76,179,0
PIII.US,5,20260107,194500,3.635,3.635,3.635,3.635,200,0
PIII.US,5,20260107,200500,3.76,3.76,3.76,3.76,180,0
PIII.US,5,20260107,204000,3.765,3.765,3.765,3.765,180,0
PIII.US,5,20260107,210000,3.64,3.64,3.63,3.63,1605,0
PIII.US,5,20260107,210500,3.63,3.63,3.63,3.63,100,0
PIII.US,5,20260107,211000,3.72,3.72,3.72,3.72,100,0
PIII.US,5,20260107,211500,3.64,3.64,3.58,3.58,300,0
PIII.US,5,20260107,212500,3.58,3.58,3.58,3.58,241,0
PIII.US,5,20260107,213000,3.58,3.58,3.58,3.58,100,0
PIII.US,5,20260107,213500,3.57,3.57,3.57,3.57,295,0
PIII.US,5,20260107,215000,3.56,3.57,3.56,3.57,500,0
PIII.US,5,20260107,215500,3.56,3.56,3.485,3.485,1670,0
PIII.US,5,20260108,155500,3.48,3.48,3.48,3.48,100,0
PIII.US,5,20260108,161000,3.48,3.48,3.48,3.48,100,0
PIII.US,5,20260108,162000,3.48,3.48,3.48,3.48,100,0
PIII.US,5,20260108,163500,3.48,3.48,3.48,3.48,100,0
PIII.US,5,20260108,165000,3.48,3.48,3.48,3.48,100,0
PIII.US,5,20260108,170000,3.48,3.48,3.48,3.48,100,0
PIII.US,5,20260108,171500,3.48,3.48,3.48,3.48,100,0
PIII.US,5,20260108,173000,3.48,3.48,3.48,3.48,100,0
PIII.US,5,20260108,174000,3.48,3.48,3.48,3.48,100,0
PIII.US,5,20260108,175500,3.48,3.4801,3.45,3.45,1258,0
PIII.US,5,20260108,181000,3.42,3.42,3.42,3.42,100,0
PIII.US,5,20260108,182000,3.42,3.42,3.42,3.42,100,0
PIII.US,5,20260108,183500,3.42,3.42,3.42,3.42,100,0
PIII.US,5,20260108,185000,3.44,3.44,3.44,3.44,100,0
PIII.US,5,20260108,190500,3.44,3.44,3.44,3.44,100,0
PIII.US,5,20260108,191500,3.44,3.44,3.44,3.44,100,0
PIII.US,5,20260108,193000,3.44,3.44,3.44,3.44,100,0
PIII.US,5,20260108,194500,3.43,3.43,3.43,3.43,100,0
PIII.US,5,20260108,195000,3.43,3.45,3.39,3.39,8283,0
PIII.US,5,20260108,200000,3.39,3.39,3.39,3.39,100,0
PIII.US,5,20260108,201500,3.34,3.34,3.34,3.34,100,0
PIII.US,5,20260108,203000,3.34,3.367,3.34,3.367,394,0
PIII.US,5,20260108,204000,3.34,3.34,3.34,3.34,100,0
PIII.US,5,20260108,205500,3.34,3.34,3.34,3.34,100,0
PIII.US,5,20260108,210500,3.35,3.35,3.35,3.35,100,0
PIII.US,5,20260108,211000,3.34,3.34,3.34,3.34,100,0
PIII.US,5,20260108,212000,3.34,3.34,3.34,3.34,100,0
PIII.US,5,20260108,213000,3.36,3.36,3.36,3.36,100,0
PIII.US,5,20260108,213500,3.34,3.34,3.34,3.34,100,0
PIII.US,5,20260108,214500,3.34,3.34,3.34,3.34,100,0
PIII.US,5,20260108,215500,3.35,3.37,3.35,3.37,200,0
