<TICKER>,<PER>,<DATE>,<TIME>,<OPEN>,<HIGH>,<LOW>,<CLOSE>,<VOL>,<OPENINT>
RCON.US,5,20250813,153000,2.48,2.49,2.48,2.48,5731,0
RCON.US,5,20250813,153500,2.525,2.535,2.525,2.535,640,0
RCON.US,5,20250813,154000,2.508,2.508,2.508,2.508,210,0
RCON.US,5,20250813,154500,2.52,2.52,2.52,2.52,570,0
RCON.US,5,20250813,155000,2.48,2.5296,2.48,2.5296,1488,0
RCON.US,5,20250813,155500,2.53,2.5511,2.52,2.5511,2433,0
RCON.US,5,20250813,160000,2.58,2.58,2.529,2.529,3684,0
RCON.US,5,20250813,160500,2.575,2.575,2.575,2.575,100,0
RCON.US,5,20250813,161000,2.605,2.64,2.605,2.64,2297,0
RCON.US,5,20250813,161500,2.69,2.7,2.63,2.63,2340,0
RCON.US,5,20250813,163000,2.63,2.63,2.63,2.63,350,0
RCON.US,5,20250813,163500,2.63,2.7,2.63,2.7,525,0
RCON.US,5,20250813,164000,2.64,2.7,2.64,2.665,1250,0
RCON.US,5,20250813,165000,2.63,2.75,2.63,2.75,1960,0
RCON.US,5,20250813,165500,2.7997,2.7997,2.725,2.725,5100,0
RCON.US,5,20250813,170500,2.71,2.71,2.57,2.65,2407,0
RCON.US,5,20250813,171000,2.68,2.75,2.6612,2.6612,2799,0
RCON.US,5,20250813,171500,2.74,2.769,2.7183,2.7183,2169,0
RCON.US,5,20250813,172500,2.72,2.72,2.72,2.72,196,0
RCON.US,5,20250813,173000,2.705,2.75,2.705,2.75,1650,0
RCON.US,5,20250813,173500,2.74,2.74,2.74,2.74,100,0
RCON.US,5,20250813,174000,2.78,2.78,2.75,2.75,1900,0
RCON.US,5,20250813,174500,2.76,2.76,2.7,2.75,1252,0
RCON.US,5,20250813,175000,2.7101,2.79,2.71,2.79,3719,0
RCON.US,5,20250813,175500,2.79,2.83,2.78,2.83,5941,0
RCON.US,5,20250813,181500,2.7677,2.8198,2.71,2.8198,12478,0
RCON.US,5,20250813,182000,2.7373,2.81,2.7373,2.81,554,0
RCON.US,5,20250813,182500,2.81,2.81,2.81,2.81,300,0
RCON.US,5,20250813,183000,2.7507,2.7507,2.7507,2.7507,1200,0
RCON.US,5,20250813,184000,2.7601,2.7601,2.7601,2.7601,10500,0
RCON.US,5,20250813,190000,2.8,2.81,2.8,2.8,6351,0
RCON.US,5,20250813,191000,2.795,2.795,2.795,2.795,517,0
RCON.US,5,20250813,195000,2.7206,2.7206,2.7206,2.7206,1240,0
RCON.US,5,20250813,204500,2.72,2.75,2.72,2.745,706,0
RCON.US,5,20250813,205500,2.78,2.78,2.716,2.716,842,0
RCON.US,5,20250813,210000,2.78,2.8,2.78,2.8,650,0
RCON.US,5,20250813,210500,2.79,2.8,2.7138,2.8,1696,0
RCON.US,5,20250813,211000,2.79,2.8,2.79,2.79,550,0
RCON.US,5,20250813,211500,2.79,2.8,2.79,2.8,1200,0
RCON.US,5,20250813,212000,2.8,2.85,2.8,2.84,11852,0
RCON.US,5,20250813,214000,2.81,2.82,2.7855,2.7855,434,0
RCON.US,5,20250813,214500,2.81,2.81,2.72,2.72,1350,0
RCON.US,5,20250813,215500,2.73,2.83,2.72,2.83,6406,0
RCON.US,5,20250814,153000,2.65,2.71,2.65,2.71,972,0
RCON.US,5,20250814,153500,2.7,2.74,2.7,2.74,350,0
RCON.US,5,20250814,154000,2.71,2.71,2.7,2.71,3480,0
RCON.US,5,20250814,154500,2.79,2.79,2.79,2.79,716,0
RCON.US,5,20250814,155000,2.735,2.79,2.735,2.79,200,0
RCON.US,5,20250814,163000,2.73,2.73,2.71,2.71,1900,0
RCON.US,5,20250814,163500,2.71,2.71,2.66,2.67,1300,0
RCON.US,5,20250814,164500,2.725,2.725,2.725,2.725,157,0
RCON.US,5,20250814,174500,2.6747,2.72,2.6747,2.72,700,0
RCON.US,5,20250814,180000,2.72,2.72,2.67,2.68,4051,0
RCON.US,5,20250814,180500,2.65,2.65,2.65,2.65,200,0
RCON.US,5,20250814,182000,2.6,2.6,2.6,2.6,155,0
RCON.US,5,20250814,182500,2.6,2.6,2.53,2.59,5606,0
RCON.US,5,20250814,183000,2.5,2.5,2.5,2.5,1000,0
RCON.US,5,20250814,183500,2.5025,2.54,2.5001,2.5001,4146,0
RCON.US,5,20250814,191000,2.59,2.5982,2.56,2.56,3800,0
RCON.US,5,20250814,191500,2.6,2.6,2.6,2.6,213,0
RCON.US,5,20250814,192500,2.65,2.65,2.65,2.65,110,0
RCON.US,5,20250814,193000,2.65,2.65,2.65,2.65,300,0
RCON.US,5,20250814,194000,2.571,2.571,2.571,2.571,1700,0
RCON.US,5,20250814,194500,2.595,2.595,2.595,2.595,100,0
RCON.US,5,20250814,200500,2.6557,2.6557,2.6557,2.6557,400,0
RCON.US,5,20250814,201000,2.66,2.66,2.66,2.66,100,0
RCON.US,5,20250814,202000,2.66,2.66,2.66,2.66,100,0
RCON.US,5,20250814,203000,2.6641,2.6641,2.6641,2.6641,500,0
RCON.US,5,20250814,205000,2.67,2.7528,2.67,2.7528,2564,0
RCON.US,5,20250814,210500,2.75,2.75,2.75,2.75,440,0
RCON.US,5,20250814,212500,2.68,2.68,2.68,2.68,200,0
RCON.US,5,20250814,215500,2.69,2.69,2.69,2.69,165,0
RCON.US,5,20250815,153000,2.6081,2.6081,2.6081,2.6081,309,0
RCON.US,5,20250815,153500,2.61,2.62,2.51,2.6,6900,0
RCON.US,5,20250815,154500,2.6718,2.6718,2.6718,2.6718,373,0
RCON.US,5,20250815,155000,2.68,2.68,2.68,2.68,100,0
RCON.US,5,20250815,160000,2.68,2.68,2.68,2.68,250,0
RCON.US,5,20250815,162000,2.66,2.66,2.66,2.66,250,0
RCON.US,5,20250815,162500,2.66,2.66,2.66,2.66,250,0
RCON.US,5,20250815,163000,2.66,2.66,2.6513,2.6513,2100,0
RCON.US,5,20250815,170500,2.6532,2.6532,2.6532,2.6532,270,0
RCON.US,5,20250815,171500,2.6599,2.6599,2.6599,2.6599,100,0
RCON.US,5,20250815,173500,2.65,2.65,2.65,2.65,600,0
RCON.US,5,20250815,175500,2.6498,2.6499,2.6498,2.6499,2000,0
RCON.US,5,20250815,180000,2.6488,2.6488,2.64,2.64,200,0
RCON.US,5,20250815,181500,2.585,2.585,2.585,2.585,329,0
RCON.US,5,20250815,193000,2.615,2.615,2.59,2.59,600,0
RCON.US,5,20250815,194000,2.5958,2.5958,2.5958,2.5958,255,0
RCON.US,5,20250815,194500,2.66,2.66,2.66,2.66,1000,0
RCON.US,5,20250815,202500,2.6,2.6,2.6,2.6,264,0
RCON.US,5,20250815,203000,2.62,2.62,2.62,2.62,150,0
RCON.US,5,20250815,210500,2.66,2.73,2.66,2.73,1100,0
RCON.US,5,20250815,214000,2.5801,2.5801,2.5801,2.5801,466,0
RCON.US,5,20250815,214500,2.5926,2.5926,2.5926,2.5926,239,0
RCON.US,5,20250815,215000,2.5801,2.62,2.5801,2.62,426,0
RCON.US,5,20250815,215500,2.59,2.64,2.59,2.62,2459,0
RCON.US,5,20250818,153000,2.64,2.64,2.64,2.64,5460,0
RCON.US,5,20250818,153500,2.64,2.64,2.6399,2.6399,6030,0
RCON.US,5,20250818,154500,2.6398,2.725,2.6398,2.725,6617,0
RCON.US,5,20250818,160000,2.874,2.9,2.874,2.8896,2550,0
RCON.US,5,20250818,160500,2.86,2.89,2.86,2.8701,9704,0
RCON.US,5,20250818,161000,2.9,3,2.9,3,4439,0
RCON.US,5,20250818,161500,3.02,3.02,2.965,2.99,5722,0
RCON.US,5,20250818,162000,2.97,3.11,2.97,3.04,7240,0
RCON.US,5,20250818,162500,3.08,3.15,3.02,3.07,9172,0
RCON.US,5,20250818,163000,3.11,3.1395,3.031,3.09,8970,0
RCON.US,5,20250818,163500,3.08,3.08,3.08,3.08,1500,0
RCON.US,5,20250818,164000,3.07,3.12,3.05,3.05,3780,0
RCON.US,5,20250818,164500,3.0545,3.06,3.0545,3.06,200,0
RCON.US,5,20250818,165000,3.06,3.07,3.02,3.03,11956,0
RCON.US,5,20250818,165500,3.036,3.0601,2.99,3,18083,0
RCON.US,5,20250818,170000,3.002,3.002,2.8,2.83,36933,0
RCON.US,5,20250818,170500,2.8494,2.8494,2.77,2.83,3740,0
RCON.US,5,20250818,171000,2.85,2.85,2.85,2.85,700,0
RCON.US,5,20250818,171500,2.8,2.83,2.8,2.83,778,0
RCON.US,5,20250818,172000,2.9199,2.9199,2.9199,2.9199,800,0
RCON.US,5,20250818,172500,2.9,2.9,2.9,2.9,682,0
RCON.US,5,20250818,173000,3.03,3.03,3.03,3.03,100,0
RCON.US,5,20250818,173500,3.0399,3.0399,2.91,2.91,2151,0
RCON.US,5,20250818,174500,2.925,3.03,2.925,3.03,2024,0
RCON.US,5,20250818,175000,2.85,3.027,2.83,3.027,1760,0
RCON.US,5,20250818,181000,2.8844,2.8844,2.88,2.88,573,0
RCON.US,5,20250818,182000,2.88,2.88,2.88,2.88,5000,0
RCON.US,5,20250818,184500,2.8538,2.915,2.85,2.8501,3360,0
RCON.US,5,20250818,185500,2.84,2.858,2.835,2.835,1600,0
RCON.US,5,20250818,191500,2.8301,2.8301,2.8301,2.8301,1681,0
RCON.US,5,20250818,192500,2.9262,2.9262,2.9262,2.9262,1805,0
RCON.US,5,20250818,201500,2.88,2.88,2.88,2.88,100,0
RCON.US,5,20250818,202000,2.9,2.9,2.9,2.9,700,0
RCON.US,5,20250818,202500,2.83,2.8795,2.81,2.87,3362,0
RCON.US,5,20250818,204500,2.82,2.85,2.81,2.85,1652,0
RCON.US,5,20250818,211000,2.88,2.88,2.88,2.88,100,0
RCON.US,5,20250818,211500,2.9,2.9,2.9,2.9,3000,0
RCON.US,5,20250818,212000,2.88,2.88,2.88,2.88,190,0
RCON.US,5,20250818,213500,2.8,2.8,2.8,2.8,201,0
RCON.US,5,20250818,214500,2.81,2.81,2.7,2.7094,2500,0
RCON.US,5,20250818,215000,2.81,2.84,2.7699,2.7699,2035,0
RCON.US,5,20250818,215500,2.78,2.79,2.73,2.74,3891,0
RCON.US,5,20250819,153000,2.66,2.71,2.66,2.661,1362,0
RCON.US,5,20250819,153500,2.6873,2.6873,2.6873,2.6873,171,0
RCON.US,5,20250819,154500,2.7,2.7,2.7,2.7,300,0
RCON.US,5,20250819,155500,2.68,2.68,2.68,2.68,700,0
RCON.US,5,20250819,160000,2.7,2.7,2.7,2.7,1000,0
RCON.US,5,20250819,160500,2.7,2.7,2.7,2.7,318,0
RCON.US,5,20250819,163000,2.685,2.685,2.685,2.685,300,0
RCON.US,5,20250819,164500,2.69,2.7,2.69,2.7,533,0
RCON.US,5,20250819,165000,2.6701,2.6701,2.6701,2.6701,300,0
RCON.US,5,20250819,165500,2.73,2.73,2.71,2.72,400,0
RCON.US,5,20250819,170500,2.7,2.7,2.65,2.65,2892,0
RCON.US,5,20250819,171000,2.6395,2.68,2.5547,2.68,1966,0
RCON.US,5,20250819,175000,2.68,2.68,2.68,2.68,100,0
RCON.US,5,20250819,180500,2.67,2.67,2.67,2.67,3000,0
RCON.US,5,20250819,182500,2.6307,2.6307,2.6307,2.6307,113,0
RCON.US,5,20250819,184500,2.66,2.66,2.66,2.66,100,0
RCON.US,5,20250819,185000,2.69,2.72,2.68,2.72,400,0
RCON.US,5,20250819,191000,2.67,2.67,2.63,2.665,3128,0
RCON.US,5,20250819,200000,2.69,2.69,2.69,2.69,100,0
RCON.US,5,20250819,213000,2.6985,2.6985,2.6985,2.6985,370,0
RCON.US,5,20250819,214500,2.67,2.67,2.67,2.67,1500,0
RCON.US,5,20250819,215500,2.71,2.71,2.63,2.63,913,0
RCON.US,5,20250820,153000,2.52,2.615,2.52,2.53,1900,0
RCON.US,5,20250820,154000,2.7019,2.7019,2.56,2.56,928,0
RCON.US,5,20250820,154500,2.52,2.5201,2.52,2.5201,2999,0
RCON.US,5,20250820,155000,2.57,2.57,2.57,2.57,468,0
RCON.US,5,20250820,155500,2.54,2.54,2.52,2.52,2137,0
RCON.US,5,20250820,160000,2.51,2.51,2.5,2.5,1406,0
RCON.US,5,20250820,161500,2.54,2.54,2.54,2.54,513,0
RCON.US,5,20250820,162000,2.535,2.535,2.535,2.535,637,0
RCON.US,5,20250820,165000,2.56,2.56,2.56,2.56,200,0
RCON.US,5,20250820,165500,2.5582,2.5582,2.5582,2.5582,200,0
RCON.US,5,20250820,174500,2.52,2.56,2.52,2.56,1918,0
RCON.US,5,20250820,180000,2.6,2.6,2.6,2.6,100,0
RCON.US,5,20250820,180500,2.6,2.601,2.6,2.6,600,0
RCON.US,5,20250820,181500,2.6,2.6,2.6,2.6,300,0
RCON.US,5,20250820,183000,2.66,2.66,2.6,2.66,400,0
RCON.US,5,20250820,202500,2.62,2.62,2.62,2.62,100,0
RCON.US,5,20250820,205000,2.5166,2.5166,2.5166,2.5166,900,0
RCON.US,5,20250820,211000,2.625,2.625,2.625,2.625,150,0
RCON.US,5,20250820,211500,2.625,2.625,2.62,2.62,500,0
RCON.US,5,20250820,212000,2.62,2.62,2.62,2.62,400,0
RCON.US,5,20250820,214500,2.63,2.63,2.62,2.62,600,0
RCON.US,5,20250820,215000,2.52,2.53,2.52,2.52,900,0
RCON.US,5,20250821,155000,2.61,2.61,2.61,2.61,900,0
RCON.US,5,20250821,160500,2.75,2.75,2.75,2.75,100,0
RCON.US,5,20250821,161000,2.61,2.61,2.61,2.61,500,0
RCON.US,5,20250821,161500,2.61,2.61,2.53,2.53,3909,0
RCON.US,5,20250821,171500,2.6837,2.6837,2.6837,2.6837,150,0
RCON.US,5,20250821,173500,2.55,2.55,2.55,2.55,150,0
RCON.US,5,20250821,175000,2.56,2.69,2.56,2.59,1474,0
RCON.US,5,20250821,180500,2.5601,2.5601,2.5601,2.5601,200,0
RCON.US,5,20250821,182000,2.63,2.665,2.63,2.64,400,0
RCON.US,5,20250821,183500,2.561,2.561,2.561,2.561,1000,0
RCON.US,5,20250821,185000,2.665,2.665,2.665,2.665,100,0
RCON.US,5,20250821,193000,2.73,2.73,2.6,2.6,200,0
RCON.US,5,20250821,200000,2.73,2.73,2.73,2.73,200,0
RCON.US,5,20250821,201000,2.56,2.6,2.56,2.59,2345,0
RCON.US,5,20250821,201500,2.58,2.6,2.58,2.58,8998,0
RCON.US,5,20250821,204500,2.74,2.74,2.74,2.74,100,0
RCON.US,5,20250821,205500,2.58,2.61,2.55,2.61,6048,0
RCON.US,5,20250821,210000,2.62,2.62,2.62,2.62,100,0
RCON.US,5,20250821,212000,2.62,2.62,2.62,2.62,100,0
RCON.US,5,20250821,214500,2.56,2.58,2.56,2.58,500,0
RCON.US,5,20250821,215000,2.56,2.56,2.56,2.56,100,0
RCON.US,5,20250821,215500,2.58,2.58,2.58,2.58,150,0
RCON.US,5,20250822,153000,2.55,2.57,2.52,2.56,700,0
RCON.US,5,20250822,153500,2.56,2.56,2.5,2.5,1776,0
RCON.US,5,20250822,154000,2.495,2.55,2.495,2.5,730,0
RCON.US,5,20250822,154500,2.53,2.5794,2.53,2.55,8727,0
RCON.US,5,20250822,155000,2.57,2.57,2.53,2.53,1230,0
RCON.US,5,20250822,161500,2.61,2.61,2.53,2.53,1300,0
RCON.US,5,20250822,162000,2.54,2.54,2.54,2.54,200,0
RCON.US,5,20250822,162500,2.6,2.62,2.6,2.62,1200,0
RCON.US,5,20250822,163000,2.72,2.72,2.72,2.72,300,0
RCON.US,5,20250822,163500,2.8199,2.8199,2.53,2.53,1363,0
RCON.US,5,20250822,170000,2.55,2.55,2.5401,2.5401,1003,0
RCON.US,5,20250822,171500,2.54,2.55,2.54,2.54,480,0
RCON.US,5,20250822,173500,2.54,2.54,2.54,2.54,500,0
RCON.US,5,20250822,175500,2.62,2.62,2.56,2.59,450,0
RCON.US,5,20250822,180500,2.62,2.62,2.62,2.62,1300,0
RCON.US,5,20250822,181000,2.63,2.63,2.63,2.63,100,0
RCON.US,5,20250822,182000,2.62,2.62,2.62,2.62,100,0
RCON.US,5,20250822,183500,2.6,2.6,2.6,2.6,100,0
RCON.US,5,20250822,184000,2.64,2.64,2.56,2.56,430,0
RCON.US,5,20250822,190000,2.57,2.57,2.57,2.57,100,0
RCON.US,5,20250822,193000,2.5301,2.5301,2.5301,2.5301,460,0
RCON.US,5,20250822,194000,2.655,2.78,2.655,2.78,273,0
RCON.US,5,20250822,194500,2.6801,2.71,2.66,2.67,2984,0
RCON.US,5,20250822,195000,2.68,2.69,2.68,2.69,200,0
RCON.US,5,20250822,195500,2.68,2.68,2.66,2.66,200,0
RCON.US,5,20250822,200500,2.65,2.65,2.65,2.65,100,0
RCON.US,5,20250822,201000,2.641,2.6809,2.641,2.6809,4000,0
RCON.US,5,20250822,202000,2.6,2.69,2.6,2.69,1116,0
RCON.US,5,20250822,202500,2.74,2.74,2.67,2.67,750,0
RCON.US,5,20250822,204500,2.65,2.65,2.65,2.65,200,0
RCON.US,5,20250822,205500,2.65,2.7,2.65,2.66,1039,0
RCON.US,5,20250822,212000,2.66,2.66,2.66,2.66,500,0
RCON.US,5,20250822,213000,2.6102,2.6102,2.53,2.53,1701,0
RCON.US,5,20250822,214000,2.64,2.64,2.51,2.58,1532,0
RCON.US,5,20250822,214500,2.61,2.62,2.61,2.62,400,0
RCON.US,5,20250822,215000,2.6,2.6,2.6,2.6,434,0
RCON.US,5,20250822,215500,2.6,2.6,2.5125,2.6,600,0
RCON.US,5,20250825,153000,2.87,2.9199,2.6,2.74,80011,0
RCON.US,5,20250825,153500,2.74,2.8499,2.51,2.55,39756,0
RCON.US,5,20250825,154000,2.531,2.531,2.15,2.3,65367,0
RCON.US,5,20250825,154500,2.3,2.3,2.09,2.15,26286,0
RCON.US,5,20250825,155000,2.1999,2.202,2.13,2.198,21092,0
RCON.US,5,20250825,155500,2.19,2.285,2.13,2.21,27902,0
RCON.US,5,20250825,160000,2.1501,2.1913,2.1,2.19,18949,0
RCON.US,5,20250825,160500,2.12,2.14,2.08,2.1344,13820,0
RCON.US,5,20250825,161000,2.14,2.15,2.075,2.0758,11343,0
RCON.US,5,20250825,161500,2.075,2.08,2.07,2.0788,5953,0
RCON.US,5,20250825,162000,2.07,2.08,2.04,2.04,21414,0
RCON.US,5,20250825,162500,2.045,2.1,2.045,2.097596,6949,0
RCON.US,5,20250825,163000,2.0908,2.15,2.0908,2.15,3700,0
RCON.US,5,20250825,163500,2.13,2.21,2.111,2.19,4405,0
RCON.US,5,20250825,164000,2.2,2.25,2.2,2.2,3940,0
RCON.US,5,20250825,164500,2.21,2.2999,2.21,2.23,1967,0
RCON.US,5,20250825,165000,2.2447,2.2447,2.2,2.23,1998,0
RCON.US,5,20250825,165500,2.24,2.27,2.24,2.27,3700,0
RCON.US,5,20250825,170000,2.285,2.2972,2.285,2.2972,900,0
RCON.US,5,20250825,170500,2.27,2.27,2.27,2.27,750,0
RCON.US,5,20250825,171000,2.27,2.3,2.27,2.2994,6300,0
RCON.US,5,20250825,171500,2.27,2.27,2.27,2.27,100,0
RCON.US,5,20250825,172000,2.3,2.3,2.29,2.3,1920,0
RCON.US,5,20250825,172500,2.3,2.3,2.3,2.3,4500,0
RCON.US,5,20250825,173000,2.3,2.3,2.2942,2.2942,2500,0
RCON.US,5,20250825,173500,2.295,2.32,2.295,2.32,2370,0
RCON.US,5,20250825,174000,2.338,2.34,2.3,2.31,1819,0
RCON.US,5,20250825,174500,2.3399,2.3399,2.3399,2.3399,300,0
RCON.US,5,20250825,175000,2.33,2.33,2.33,2.33,108,0
RCON.US,5,20250825,175500,2.3022,2.33,2.3022,2.33,200,0
RCON.US,5,20250825,180000,2.32,2.32,2.29,2.29,600,0
RCON.US,5,20250825,180500,2.3,2.33,2.28,2.33,1360,0
RCON.US,5,20250825,181000,2.33,2.33,2.324,2.324,412,0
RCON.US,5,20250825,181500,2.3,2.3,2.27,2.27,4379,0
RCON.US,5,20250825,182000,2.28,2.28,2.27,2.27,436,0
RCON.US,5,20250825,183000,2.24,2.24,2.21,2.21,1128,0
RCON.US,5,20250825,183500,2.258,2.258,2.23,2.23,1029,0
RCON.US,5,20250825,184000,2.225,2.265,2.225,2.265,1451,0
RCON.US,5,20250825,184500,2.265,2.265,2.265,2.265,100,0
RCON.US,5,20250825,190000,2.27,2.28,2.25,2.25,4735,0
RCON.US,5,20250825,190500,2.25,2.25,2.25,2.25,200,0
RCON.US,5,20250825,193000,2.2411,2.2411,2.2411,2.2411,200,0
RCON.US,5,20250825,193500,2.21,2.22,2.21,2.2199,4357,0
RCON.US,5,20250825,194000,2.215,2.215,2.215,2.215,100,0
RCON.US,5,20250825,194500,2.21,2.21,2.21,2.21,100,0
RCON.US,5,20250825,195000,2.22,2.22,2.22,2.22,422,0
RCON.US,5,20250825,200000,2.21,2.21,2.21,2.21,100,0
RCON.US,5,20250825,200500,2.215,2.22,2.215,2.215,500,0
RCON.US,5,20250825,203000,2.22,2.22,2.22,2.22,300,0
RCON.US,5,20250825,203500,2.25,2.25,2.25,2.25,400,0
RCON.US,5,20250825,204000,2.21,2.21,2.21,2.21,100,0
RCON.US,5,20250825,205000,2.25,2.2694,2.22,2.2694,12250,0
RCON.US,5,20250825,210500,2.25,2.27,2.25,2.27,1500,0
RCON.US,5,20250825,211500,2.21,2.21,2.21,2.21,100,0
RCON.US,5,20250825,212500,2.2268,2.23,2.2268,2.23,2200,0
RCON.US,5,20250825,213000,2.235,2.235,2.23,2.23,345,0
RCON.US,5,20250825,213500,2.2101,2.215,2.21,2.21,1590,0
RCON.US,5,20250825,214000,2.2198,2.22,2.215,2.22,3523,0
RCON.US,5,20250825,214500,2.255,2.2866,2.255,2.255,816,0
RCON.US,5,20250825,215000,2.255,2.2899,2.255,2.2888,600,0
RCON.US,5,20250825,215500,2.2882,2.2882,2.2525,2.27,2321,0
RCON.US,5,20250826,153000,2.22,2.34,2.22,2.325,6550,0
RCON.US,5,20250826,153500,2.3198,2.3198,2.26,2.26,400,0
RCON.US,5,20250826,154500,2.26,2.26,2.26,2.26,820,0
RCON.US,5,20250826,155000,2.25,2.32,2.25,2.29,8200,0
RCON.US,5,20250826,155500,2.32,2.32,2.29,2.29,7000,0
RCON.US,5,20250826,160500,2.3255,2.3255,2.2508,2.26,2889,0
RCON.US,5,20250826,162000,2.26,2.26,2.26,2.26,100,0
RCON.US,5,20250826,163000,2.285,2.285,2.26,2.26,1240,0
RCON.US,5,20250826,163500,2.26,2.29,2.26,2.29,305,0
RCON.US,5,20250826,165000,2.26,2.26,2.26,2.26,500,0
RCON.US,5,20250826,165500,2.27,2.27,2.27,2.27,100,0
RCON.US,5,20250826,173000,2.27,2.27,2.2522,2.2522,572,0
RCON.US,5,20250826,174000,2.27,2.27,2.27,2.27,100,0
RCON.US,5,20250826,182000,2.27,2.27,2.27,2.27,100,0
RCON.US,5,20250826,183500,2.27,2.27,2.27,2.27,100,0
RCON.US,5,20250826,184000,2.2504,2.2504,2.2504,2.2504,2173,0
RCON.US,5,20250826,184500,2.2532,2.2532,2.2532,2.2532,230,0
RCON.US,5,20250826,185000,2.2668,2.2668,2.2668,2.2668,280,0
RCON.US,5,20250826,185500,2.2502,2.27,2.2502,2.27,2084,0
RCON.US,5,20250826,190500,2.27,2.27,2.27,2.27,100,0
RCON.US,5,20250826,200000,2.28,2.28,2.28,2.28,100,0
RCON.US,5,20250826,200500,2.29,2.29,2.29,2.29,360,0
RCON.US,5,20250826,201000,2.305,2.305,2.305,2.305,200,0
RCON.US,5,20250826,202000,2.3092,2.3092,2.3092,2.3092,150,0
RCON.US,5,20250826,202500,2.3,2.305,2.3,2.305,800,0
RCON.US,5,20250826,203500,2.31,2.32,2.31,2.32,7703,0
RCON.US,5,20250826,210500,2.3,2.3,2.3,2.3,100,0
RCON.US,5,20250826,211000,2.27,2.27,2.27,2.27,500,0
RCON.US,5,20250826,214500,2.28,2.28,2.27,2.27,559,0
RCON.US,5,20250826,215500,2.3168,2.3168,2.29,2.3,672,0
RCON.US,5,20250827,153000,2.27,2.27,2.27,2.27,1985,0
RCON.US,5,20250827,154500,2.2587,2.2587,2.2587,2.2587,250,0
RCON.US,5,20250827,155000,2.26,2.26,2.26,2.26,383,0
RCON.US,5,20250827,162500,2.32,2.32,2.26,2.26,613,0
RCON.US,5,20250827,164500,2.435,2.435,2.33,2.33,1197,0
RCON.US,5,20250827,170000,2.26,2.26,2.26,2.26,145,0
RCON.US,5,20250827,170500,2.3999,2.3999,2.3999,2.3999,150,0
RCON.US,5,20250827,172500,2.2702,2.2702,2.2701,2.2701,990,0
RCON.US,5,20250827,175500,2.303468,2.303468,2.303468,2.303468,662,0
RCON.US,5,20250827,185000,2.3,2.3583,2.2701,2.3583,8966,0
RCON.US,5,20250827,191000,2.36,2.36,2.28,2.32,3500,0
RCON.US,5,20250827,192000,2.31,2.31,2.31,2.31,100,0
RCON.US,5,20250827,193000,2.31,2.31,2.3,2.31,300,0
RCON.US,5,20250827,195000,2.3,2.3,2.27,2.28,745,0
RCON.US,5,20250827,214000,2.27,2.27,2.27,2.27,100,0
RCON.US,5,20250827,214500,2.3179,2.3179,2.3,2.3,801,0
RCON.US,5,20250827,215000,2.27,2.2702,2.27,2.2702,976,0
RCON.US,5,20250828,153000,2.2501,2.29,2.2501,2.29,808,0
RCON.US,5,20250828,154000,2.2521,2.2521,2.2521,2.2521,2039,0
RCON.US,5,20250828,154500,2.295,2.295,2.295,2.295,100,0
RCON.US,5,20250828,155500,2.295,2.295,2.295,2.295,573,0
RCON.US,5,20250828,160000,2.3299,2.3299,2.3299,2.3299,800,0
RCON.US,5,20250828,161500,2.32,2.3292,2.32,2.3292,643,0
RCON.US,5,20250828,162000,2.32,2.32,2.32,2.32,100,0
RCON.US,5,20250828,164000,2.3297,2.3297,2.3297,2.3297,2000,0
RCON.US,5,20250828,172500,2.27,2.3,2.2,2.2,17329,0
RCON.US,5,20250828,173500,2.24,2.2656,2.24,2.2656,445,0
RCON.US,5,20250828,174000,2.27,2.27,2.27,2.27,100,0
RCON.US,5,20250828,181000,2.27,2.27,2.25,2.25,1396,0
RCON.US,5,20250828,185500,2.31,2.31,2.29,2.29,625,0
RCON.US,5,20250828,190000,2.29,2.29,2.28,2.28,1000,0
RCON.US,5,20250828,190500,2.28,2.28,2.28,2.28,300,0
RCON.US,5,20250828,191500,2.2508,2.2508,2.2508,2.2508,1000,0
RCON.US,5,20250828,192000,2.25,2.2501,2.23,2.23,500,0
RCON.US,5,20250828,193000,2.23,2.23,2.21,2.21,7206,0
RCON.US,5,20250828,193500,2.225,2.225,2.225,2.225,550,0
RCON.US,5,20250828,195000,2.25,2.25,2.25,2.25,175,0
RCON.US,5,20250828,200000,2.21,2.21,2.17,2.17,2012,0
RCON.US,5,20250828,202000,2.22,2.22,2.22,2.22,1029,0
RCON.US,5,20250828,211000,2.23,2.23,2.23,2.23,100,0
RCON.US,5,20250828,214000,2.24,2.24,2.22,2.22,500,0
RCON.US,5,20250828,214500,2.2692,2.2692,2.2692,2.2692,803,0
RCON.US,5,20250828,215000,2.2,2.24,2.15,2.24,4036,0
RCON.US,5,20250828,215500,2.28,2.28,2.28,2.28,100,0
RCON.US,5,20250829,153000,2.21,2.31,2.2001,2.255,2588,0
RCON.US,5,20250829,154000,2.255,2.255,2.255,2.255,100,0
RCON.US,5,20250829,160000,2.21,2.21,2.21,2.21,100,0
RCON.US,5,20250829,162500,2.2468,2.2468,2.2468,2.2468,107,0
RCON.US,5,20250829,164000,2.2534,2.28,2.2534,2.28,400,0
RCON.US,5,20250829,164500,2.25,2.25,2.25,2.25,150,0
RCON.US,5,20250829,171000,2.2,2.2,2.2,2.2,371,0
RCON.US,5,20250829,171500,2.2,2.2,2.2,2.2,200,0
RCON.US,5,20250829,172500,2.2,2.2351,2.2,2.2351,234,0
RCON.US,5,20250829,174500,2.22,2.22,2.22,2.22,200,0
RCON.US,5,20250829,175500,2.22,2.22,2.22,2.22,100,0
RCON.US,5,20250829,182000,2.19,2.19,2.19,2.19,298,0
RCON.US,5,20250829,185000,2.19,2.19,2.19,2.19,176,0
RCON.US,5,20250829,185500,2.245,2.245,2.245,2.245,100,0
RCON.US,5,20250829,190500,2.19,2.19,2.19,2.19,100,0
RCON.US,5,20250829,192000,2.205,2.205,2.205,2.205,320,0
RCON.US,5,20250829,195000,2.2,2.2,2.1796,2.1796,1800,0
RCON.US,5,20250829,195500,2.2,2.2,2.2,2.2,500,0
RCON.US,5,20250829,200000,2.17,2.17,2.17,2.17,860,0
RCON.US,5,20250829,201000,2.235,2.235,2.235,2.235,100,0
RCON.US,5,20250829,202500,2.17,2.17,2.17,2.17,100,0
RCON.US,5,20250829,205500,2.17,2.1866,2.17,2.1866,3000,0
RCON.US,5,20250829,210500,2.22,2.22,2.2,2.2,488,0
RCON.US,5,20250829,211000,2.17,2.17,2.15,2.15,7372,0
RCON.US,5,20250829,212000,2.15,2.15,2.15,2.15,3578,0
RCON.US,5,20250829,213000,2.1899,2.1899,2.1898,2.1898,561,0
RCON.US,5,20250829,215000,2.17,2.17,2.17,2.17,100,0
RCON.US,5,20250829,215500,2.11,2.11,2.11,2.11,100,0
RCON.US,5,20250902,153000,2.14,2.14,2.04,2.04,11365,0
RCON.US,5,20250902,153500,2.002,2.01,1.98,2.01,9025,0
RCON.US,5,20250902,154000,2.045,2.045,1.94,1.94,10202,0
RCON.US,5,20250902,154500,2.001,2.09,2,2,5024,0
RCON.US,5,20250902,155000,1.982,1.982,1.95,1.95,2477,0
RCON.US,5,20250902,155500,1.95,1.98,1.9,1.98,9111,0
RCON.US,5,20250902,160000,1.95,1.95,1.95,1.95,314,0
RCON.US,5,20250902,160500,1.95,1.95,1.95,1.95,2096,0
RCON.US,5,20250902,161000,1.96,1.96,1.95,1.95,3300,0
RCON.US,5,20250902,162000,1.98,1.98,1.98,1.98,180,0
RCON.US,5,20250902,163000,1.945,1.9793,1.945,1.9793,1147,0
RCON.US,5,20250902,163500,1.91,1.92,1.9,1.9,5226,0
RCON.US,5,20250902,164000,1.9647,1.9647,1.9647,1.9647,350,0
RCON.US,5,20250902,165000,1.91,1.91,1.89,1.89,1210,0
RCON.US,5,20250902,170000,1.9,1.9,1.9,1.9,100,0
RCON.US,5,20250902,171000,1.89,1.89,1.89,1.89,100,0
RCON.US,5,20250902,171500,1.91,1.91,1.91,1.91,108,0
RCON.US,5,20250902,172000,1.91,1.91,1.91,1.91,150,0
RCON.US,5,20250902,172500,1.93,1.93,1.88,1.88,5429,0
RCON.US,5,20250902,173000,1.943172,1.943172,1.94,1.94,2854,0
RCON.US,5,20250902,174000,1.92,1.92,1.92,1.92,400,0
RCON.US,5,20250902,174500,1.9,1.9,1.9,1.9,3100,0
RCON.US,5,20250902,175000,1.8603,1.8603,1.8603,1.8603,400,0
RCON.US,5,20250902,181000,1.98,1.98,1.98,1.98,1000,0
RCON.US,5,20250902,181500,1.94,1.98,1.925,1.98,584,0
RCON.US,5,20250902,182500,1.95,1.95,1.95,1.95,400,0
RCON.US,5,20250902,183500,1.93,1.93,1.88,1.88,12976,0
RCON.US,5,20250902,184500,1.9678,1.9678,1.9678,1.9678,100,0
RCON.US,5,20250902,185000,1.89,1.89,1.89,1.89,100,0
RCON.US,5,20250902,191000,1.95,1.97,1.95,1.97,1116,0
RCON.US,5,20250902,191500,1.9,1.9,1.9,1.9,795,0
RCON.US,5,20250902,193000,1.93,1.93,1.93,1.93,106,0
RCON.US,5,20250902,195500,1.96,1.96,1.96,1.96,100,0
RCON.US,5,20250902,205500,1.98,1.98,1.98,1.98,2300,0
RCON.US,5,20250902,210000,2,2,2,2,1230,0
RCON.US,5,20250902,214000,2.04,2.04,2.04,2.04,332,0
RCON.US,5,20250902,214500,2.04,2.04,2.04,2.04,700,0
RCON.US,5,20250902,215000,2.06,2.06,2.06,2.06,300,0
RCON.US,5,20250902,215500,2.06,2.06,2.04,2.04,403,0
RCON.US,5,20250903,153000,2.03,2.03,2.03,2.03,1058,0
RCON.US,5,20250903,154000,2.0401,2.0401,2.0401,2.0401,860,0
RCON.US,5,20250903,154500,2.04,2.04,2.04,2.04,100,0
RCON.US,5,20250903,155500,2.0307,2.0307,2.0307,2.0307,100,0
RCON.US,5,20250903,160000,2.04,2.04,2.04,2.04,703,0
RCON.US,5,20250903,160500,2.0301,2.0301,2.03,2.03,623,0
RCON.US,5,20250903,161000,2,2,2,2,1965,0
RCON.US,5,20250903,161500,2.06,2.06,2.06,2.06,535,0
RCON.US,5,20250903,164000,2.06,2.06,2.06,2.06,121,0
RCON.US,5,20250903,170000,1.96,1.96,1.96,1.96,100,0
RCON.US,5,20250903,171500,2.0316,2.0316,2.0316,2.0316,600,0
RCON.US,5,20250903,173000,1.94,1.95,1.91,1.91,7092,0
RCON.US,5,20250903,173500,1.95,1.95,1.94,1.94,344,0
RCON.US,5,20250903,175500,1.97,1.97,1.97,1.97,400,0
RCON.US,5,20250903,180000,1.966,1.966,1.96,1.96,200,0
RCON.US,5,20250903,180500,1.98,1.98,1.96,1.96,537,0
RCON.US,5,20250903,181000,1.97,1.97,1.97,1.97,1037,0
RCON.US,5,20250903,183500,1.98,2.0299,1.98,2.0299,2100,0
RCON.US,5,20250903,191500,1.98,1.98,1.98,1.98,100,0
RCON.US,5,20250903,195000,1.98,1.98,1.98,1.98,100,0
RCON.US,5,20250903,201500,2.02,2.02,2.02,2.02,164,0
RCON.US,5,20250903,204000,1.99,1.99,1.99,1.99,100,0
RCON.US,5,20250903,211000,1.99,1.99,1.99,1.99,100,0
RCON.US,5,20250903,214000,1.98,1.98,1.95,1.95,1600,0
RCON.US,5,20250903,214500,1.94,1.96,1.94,1.96,200,0
RCON.US,5,20250904,153000,1.8988,1.8988,1.8988,1.8988,210,0
RCON.US,5,20250904,160000,1.9,2.1,1.9,2.1,1074,0
RCON.US,5,20250904,161000,2,2,2,2,100,0
RCON.US,5,20250904,164000,2,2.0199,2,2.0199,9975,0
RCON.US,5,20250904,164500,2,2,1.9,1.9001,9067,0
RCON.US,5,20250904,165000,1.9,1.9,1.9,1.9,1000,0
RCON.US,5,20250904,173500,1.93,1.9944,1.93,1.9944,600,0
RCON.US,5,20250904,174500,1.9901,1.9901,1.95,1.95,200,0
RCON.US,5,20250904,180000,1.96,1.96,1.96,1.96,100,0
RCON.US,5,20250904,181500,1.96,1.9699,1.96,1.9699,335,0
RCON.US,5,20250904,182000,1.95,1.95,1.95,1.95,9999,0
RCON.US,5,20250904,190500,1.9494,1.95,1.9494,1.95,700,0
RCON.US,5,20250904,201500,1.98,1.98,1.98,1.98,300,0
RCON.US,5,20250904,202000,1.97,1.98,1.97,1.98,400,0
RCON.US,5,20250904,202500,1.98,1.98,1.98,1.98,200,0
RCON.US,5,20250904,203000,1.98,1.98,1.98,1.98,100,0
RCON.US,5,20250904,203500,1.93,1.94,1.93,1.94,200,0
RCON.US,5,20250904,204500,1.94,1.94,1.94,1.94,100,0
RCON.US,5,20250904,212000,1.991,1.991,1.991,1.991,230,0
RCON.US,5,20250904,212500,1.95,1.95,1.95,1.95,324,0
RCON.US,5,20250904,213500,2.01,2.01,2.01,2.01,100,0
RCON.US,5,20250904,214000,1.96,1.96,1.96,1.96,100,0
RCON.US,5,20250904,215000,1.96,1.9613,1.96,1.9613,250,0
RCON.US,5,20250904,215500,1.98,1.98,1.96,1.96,302,0
RCON.US,5,20250905,153000,1.95,1.96,1.935,1.935,893,0
RCON.US,5,20250905,153500,2.13,2.13,2,2,1772,0
RCON.US,5,20250905,154000,2.02,2.02,2.02,2.02,1172,0
RCON.US,5,20250905,154500,2.02,2.02,2.02,2.02,152,0
RCON.US,5,20250905,155500,2.08,2.08,2.05,2.05,200,0
RCON.US,5,20250905,160500,2.04,2.05,2.04,2.05,1000,0
RCON.US,5,20250905,165500,1.92,1.92,1.92,1.92,100,0
RCON.US,5,20250905,171500,1.9575,1.9575,1.9575,1.9575,100,0
RCON.US,5,20250905,180500,1.96,1.96,1.96,1.96,100,0
RCON.US,5,20250905,181000,2.005,2.005,2.005,2.005,100,0
RCON.US,5,20250905,182000,2.005,2.005,2.005,2.005,500,0
RCON.US,5,20250905,182500,1.9773,1.9773,1.93,1.93,2720,0
RCON.US,5,20250905,183000,1.92,1.92,1.92,1.92,262,0
RCON.US,5,20250905,185500,1.93,1.93,1.93,1.93,100,0
RCON.US,5,20250905,194500,1.93,1.93,1.93,1.93,100,0
RCON.US,5,20250905,195500,1.96,1.96,1.96,1.96,100,0
RCON.US,5,20250905,201500,1.93,1.93,1.93,1.93,100,0
RCON.US,5,20250905,215500,1.98,1.98,1.97,1.97,200,0
RCON.US,5,20250908,153000,1.96,1.96,1.96,1.96,289,0
RCON.US,5,20250908,154500,1.96,1.97,1.96,1.97,393,0
RCON.US,5,20250908,161000,1.92,1.92,1.92,1.92,100,0
RCON.US,5,20250908,171000,1.95,1.95,1.95,1.95,205,0
RCON.US,5,20250908,171500,1.95,1.95,1.935,1.935,200,0
RCON.US,5,20250908,172500,1.94,1.94,1.94,1.94,300,0
RCON.US,5,20250908,173000,1.956,1.956,1.91,1.93,550,0
RCON.US,5,20250908,173500,1.95,1.95,1.95,1.95,100,0
RCON.US,5,20250908,174000,1.9498,1.95,1.9498,1.95,700,0
RCON.US,5,20250908,174500,1.93,1.93,1.93,1.93,200,0
RCON.US,5,20250908,175500,1.93,1.93,1.9,1.92,8761,0
RCON.US,5,20250908,181000,1.91,1.91,1.91,1.91,100,0
RCON.US,5,20250908,182000,1.92,1.92,1.92,1.92,100,0
RCON.US,5,20250908,183000,1.93,1.93,1.93,1.93,100,0
RCON.US,5,20250908,190000,1.93,1.93,1.93,1.93,100,0
RCON.US,5,20250908,190500,1.9295,1.9295,1.9,1.9,585,0
RCON.US,5,20250908,192000,1.9609,1.9609,1.9609,1.9609,200,0
RCON.US,5,20250908,193000,1.98,1.98,1.94,1.94,300,0
RCON.US,5,20250908,194000,1.91,1.91,1.91,1.91,100,0
RCON.US,5,20250908,203000,1.925,1.94,1.925,1.94,321,0
RCON.US,5,20250908,203500,1.95,1.95,1.95,1.95,100,0
RCON.US,5,20250908,204000,1.97,1.97,1.97,1.97,100,0
RCON.US,5,20250908,204500,2.08,2.08,2.08,2.08,3700,0
RCON.US,5,20250908,210000,1.96,1.96,1.96,1.96,100,0
RCON.US,5,20250908,214500,1.96,1.96,1.96,1.96,100,0
RCON.US,5,20250908,215500,1.975,1.975,1.975,1.975,1000,0
RCON.US,5,20250909,153000,1.93,1.95,1.92,1.92,1200,0
RCON.US,5,20250909,154000,1.94,1.98,1.94,1.98,2950,0
RCON.US,5,20250909,155000,1.9,1.9,1.9,1.9,200,0
RCON.US,5,20250909,161500,1.94,1.94,1.91,1.92,2657,0
RCON.US,5,20250909,162500,1.94,1.94,1.92,1.94,576,0
RCON.US,5,20250909,163500,1.9268,1.9268,1.9268,1.9268,500,0
RCON.US,5,20250909,164000,1.93,1.94,1.93,1.94,552,0
RCON.US,5,20250909,165000,1.9161,1.98,1.9161,1.98,327,0
RCON.US,5,20250909,165500,1.91,1.92,1.9,1.92,1271,0
RCON.US,5,20250909,172000,1.925,1.925,1.925,1.925,100,0
RCON.US,5,20250909,172500,1.91,1.91,1.91,1.91,100,0
RCON.US,5,20250909,175500,1.95,1.98,1.95,1.95,10634,0
RCON.US,5,20250909,181500,1.93,1.93,1.93,1.93,100,0
RCON.US,5,20250909,190500,1.9456,1.97,1.9456,1.97,1820,0
RCON.US,5,20250909,191500,1.96,1.96,1.96,1.96,100,0
RCON.US,5,20250909,194500,1.95,1.95,1.95,1.95,100,0
RCON.US,5,20250909,211000,1.96,1.98,1.96,1.98,621,0
RCON.US,5,20250909,211500,2,2.03,1.99,2.03,1206,0
RCON.US,5,20250909,213000,2.0263,2.0263,1.9409,1.9409,695,0
RCON.US,5,20250909,213500,1.95,1.95,1.95,1.95,100,0
RCON.US,5,20250909,214000,1.94,1.94,1.94,1.94,100,0
RCON.US,5,20250909,215500,1.98,1.98,1.94,1.94,202,0
RCON.US,5,20250910,154500,2,2,1.95,1.95,500,0
RCON.US,5,20250910,155500,1.98,2.01,1.9401,2.01,5450,0
RCON.US,5,20250910,160000,1.9516,1.96433,1.93,1.93,7978,0
RCON.US,5,20250910,160500,1.94,1.94,1.94,1.94,3666,0
RCON.US,5,20250910,161500,1.94,1.94,1.94,1.94,100,0
RCON.US,5,20250910,162000,1.94,2.07,1.93,2.05,13328,0
RCON.US,5,20250910,164000,2,2.02,2,2.02,1212,0
RCON.US,5,20250910,165000,1.98,1.98,1.87,1.87,9860,0
RCON.US,5,20250910,170000,2.01,2.01,2.01,2.01,200,0
RCON.US,5,20250910,172000,1.93,1.94,1.93,1.93,362,0
RCON.US,5,20250910,172500,1.98,2.01,1.96,2.01,5950,0
RCON.US,5,20250910,173000,2.01,2.02,2.01,2.02,1100,0
RCON.US,5,20250910,173500,2.03,2.04,2.03,2.04,1400,0
RCON.US,5,20250910,174000,2.04,2.05,2.04,2.05,1804,0
RCON.US,5,20250910,174500,2.05,2.05,2.05,2.05,100,0
RCON.US,5,20250910,175000,2.05,2.05,2.05,2.05,1100,0
RCON.US,5,20250910,175500,2.05,2.05,2.05,2.05,1300,0
RCON.US,5,20250910,180500,2.05,2.05,2.05,2.05,887,0
RCON.US,5,20250910,181500,2.05,2.05,2.05,2.05,100,0
RCON.US,5,20250910,182000,2.05,2.06,2.05,2.06,1500,0
RCON.US,5,20250910,182500,2.05,2.05,2.05,2.05,100,0
RCON.US,5,20250910,183000,2.06,2.06,2.05,2.06,3301,0
RCON.US,5,20250910,184500,2.05,2.07,2.05,2.07,851,0
RCON.US,5,20250910,185000,2.05,2.05,2.05,2.05,760,0
RCON.US,5,20250910,185500,2.065,2.08,2.05,2.05,3900,0
RCON.US,5,20250910,190000,2.07,2.1,2.07,2.1,7144,0
RCON.US,5,20250910,191000,2.11,2.13,2.11,2.13,4057,0
RCON.US,5,20250910,192000,2.135,2.135,2.135,2.135,100,0
RCON.US,5,20250910,192500,2.13,2.13,2.11,2.11,815,0
RCON.US,5,20250910,193000,2.12,2.12,2.11,2.12,4900,0
RCON.US,5,20250910,195500,2.1255,2.1255,2.1255,2.1255,500,0
RCON.US,5,20250910,200000,2.13,2.13,2.11,2.11,1037,0
RCON.US,5,20250910,200500,2.11,2.11,2.11,2.11,500,0
RCON.US,5,20250910,201500,2.15,2.15,2.13,2.13,300,0
RCON.US,5,20250910,202500,2.1144,2.1144,2.1144,2.1144,100,0
RCON.US,5,20250910,204000,2.11,2.11,2.11,2.11,100,0
RCON.US,5,20250910,210000,2.1468,2.15,2.1468,2.15,459,0
RCON.US,5,20250910,211500,2.16,2.16,2.16,2.16,200,0
RCON.US,5,20250910,212500,2.15,2.17,2.1396,2.1396,2008,0
RCON.US,5,20250910,214000,2.145,2.145,2.13,2.145,900,0
RCON.US,5,20250910,215500,2.11,2.11,2.11,2.11,338,0
RCON.US,5,20250911,153000,2.1,2.15,1.96,2.0602,11620,0
RCON.US,5,20250911,155000,2.0117,2.0117,2.0117,2.0117,334,0
RCON.US,5,20250911,160000,2.06,2.08,2,2,9990,0
RCON.US,5,20250911,161500,2.0164,2.0164,2.0164,2.0164,100,0
RCON.US,5,20250911,162000,2.01,2.01,2.01,2.01,100,0
RCON.US,5,20250911,163000,2.04,2.04,2.04,2.04,100,0
RCON.US,5,20250911,163500,2.06,2.06,2.06,2.06,100,0
RCON.US,5,20250911,164000,2.045,2.07,2.045,2.07,300,0
RCON.US,5,20250911,164500,2.07,2.15,2.07,2.15,300,0
RCON.US,5,20250911,165000,2.1264,2.1264,2.08,2.08,3050,0
RCON.US,5,20250911,165500,2.14,2.14,2.125,2.125,500,0
RCON.US,5,20250911,170000,2.15,2.15,2.15,2.15,100,0
RCON.US,5,20250911,170500,2.14,2.15,2.14,2.15,1080,0
RCON.US,5,20250911,171000,2.18,2.18,2.18,2.18,100,0
RCON.US,5,20250911,171500,2.18,2.18,2.18,2.18,100,0
RCON.US,5,20250911,172000,2.18,2.18,2.18,2.18,100,0
RCON.US,5,20250911,172500,2.18,2.18,2.18,2.18,100,0
RCON.US,5,20250911,173000,2.15,2.15,2.15,2.15,400,0
RCON.US,5,20250911,173500,2.18,2.18,2.15,2.175,600,0
RCON.US,5,20250911,174000,2.16,2.17,2.15,2.17,980,0
RCON.US,5,20250911,174500,2.17,2.17,2.17,2.17,100,0
RCON.US,5,20250911,175000,2.17,2.17,2.17,2.17,200,0
RCON.US,5,20250911,175500,2.16,2.16,2.16,2.16,100,0
RCON.US,5,20250911,180000,2.16,2.16,2.16,2.16,100,0
RCON.US,5,20250911,180500,2.1503,2.1503,2.0752,2.0752,4815,0
RCON.US,5,20250911,182000,2.16,2.16,2.16,2.16,100,0
RCON.US,5,20250911,183000,2.16,2.16,2.16,2.16,100,0
RCON.US,5,20250911,183500,2.15,2.15,2.15,2.15,100,0
RCON.US,5,20250911,184000,2.15,2.15,2.15,2.15,100,0
RCON.US,5,20250911,184500,2.15,2.15,2.15,2.15,100,0
RCON.US,5,20250911,185000,2.15,2.15,2.15,2.15,100,0
RCON.US,5,20250911,185500,2.15,2.15,2.15,2.15,100,0
RCON.US,5,20250911,190000,2.15,2.15,2.15,2.15,100,0
RCON.US,5,20250911,190500,2.125,2.125,2.125,2.125,100,0
RCON.US,5,20250911,191500,2.14,2.14,2.125,2.125,204,0
RCON.US,5,20250911,192500,2.15,2.15,2.15,2.15,2014,0
RCON.US,5,20250911,193000,2.15,2.15,2.13,2.13,300,0
RCON.US,5,20250911,193500,2.15,2.15,2.15,2.15,200,0
RCON.US,5,20250911,194000,2.135,2.15,2.135,2.15,200,0
RCON.US,5,20250911,194500,2.17,2.17,2.17,2.17,100,0
RCON.US,5,20250911,195000,2.1201,2.1201,2.1201,2.1201,177,0
RCON.US,5,20250911,195500,2.17,2.17,2.17,2.17,100,0
RCON.US,5,20250911,200000,2.17,2.17,2.17,2.17,100,0
RCON.US,5,20250911,200500,2.17,2.17,2.17,2.17,100,0
RCON.US,5,20250911,201500,2.18,2.18,2.18,2.18,100,0
RCON.US,5,20250911,202000,2.18,2.195,2.18,2.195,2531,0
RCON.US,5,20250911,202500,2.18,2.18,2.165,2.165,856,0
RCON.US,5,20250911,203000,2.165,2.165,2.165,2.165,200,0
RCON.US,5,20250911,204000,2.2,2.2,2.2,2.2,100,0
RCON.US,5,20250911,204500,2.2,2.2,2.2,2.2,100,0
RCON.US,5,20250911,205000,2.19,2.19,2.19,2.19,100,0
RCON.US,5,20250911,205500,2.19,2.19,2.19,2.19,100,0
RCON.US,5,20250911,210000,2.17,2.19,2.17,2.19,330,0
RCON.US,5,20250911,210500,2.19,2.19,2.19,2.19,100,0
RCON.US,5,20250911,211000,2.19,2.19,2.19,2.19,100,0
RCON.US,5,20250911,211500,2.12,2.15,2.12,2.15,500,0
RCON.US,5,20250911,212000,2.1599,2.19,2.15,2.165,3043,0
RCON.US,5,20250911,213500,2.17,2.17,2.17,2.17,200,0
RCON.US,5,20250911,214000,2.16,2.16,2.15,2.15,600,0
RCON.US,5,20250911,214500,2.17,2.17,2.17,2.17,100,0
RCON.US,5,20250911,215000,2.2,2.2,2.2,2.2,200,0
RCON.US,5,20250911,215500,2.195,2.195,2.195,2.195,100,0
RCON.US,5,20250912,153000,2.19,2.19,2.19,2.19,500,0
RCON.US,5,20250912,155500,2.2,2.2,2.2,2.2,100,0
RCON.US,5,20250912,161000,2.2001,2.2001,2.2001,2.2001,200,0
RCON.US,5,20250912,161500,2.2,2.2,2.19,2.19,500,0
RCON.US,5,20250912,162000,2.19,2.19,2.15,2.1501,572,0
RCON.US,5,20250912,163000,2.19,2.19,2.19,2.19,165,0
RCON.US,5,20250912,171500,2.16,2.16,2.16,2.16,100,0
RCON.US,5,20250912,185000,2.17,2.17,2.17,2.17,100,0
RCON.US,5,20250912,194500,2.17,2.17,2.17,2.17,101,0
RCON.US,5,20250912,201000,2.19,2.19,2.19,2.19,1000,0
RCON.US,5,20250912,202000,2.16,2.16,2.16,2.16,100,0
RCON.US,5,20250912,212500,2.21,2.2299,2.15,2.15,9774,0
RCON.US,5,20250912,213000,2.19,2.19,2.19,2.19,100,0
RCON.US,5,20250912,215500,2.23,2.23,2.21,2.21,1019,0
RCON.US,5,20250915,153000,2.18,2.18,2.18,2.18,180,0
RCON.US,5,20250915,154500,2.2399,2.2399,2.2399,2.2399,100,0
RCON.US,5,20250915,160500,2.14,2.15,2.1,2.1,4547,0
RCON.US,5,20250915,161500,2.11,2.13,2.11,2.11,450,0
RCON.US,5,20250915,162500,2.11,2.11,2.11,2.11,100,0
RCON.US,5,20250915,163000,2.1,2.1,2.09,2.09,2372,0
RCON.US,5,20250915,171500,2.09,2.09,2.09,2.09,200,0
RCON.US,5,20250915,172500,2.09,2.09,2.09,2.09,150,0
RCON.US,5,20250915,181000,2.085,2.1,2.085,2.09,572,0
RCON.US,5,20250915,181500,2.1099,2.1099,2.1099,2.1099,5400,0
RCON.US,5,20250915,182000,2.085,2.085,2.085,2.085,100,0
RCON.US,5,20250915,183000,2.11,2.11,2.11,2.11,700,0
RCON.US,5,20250915,185000,2.13,2.13,2.13,2.13,400,0
RCON.US,5,20250915,205000,2.13,2.13,2.13,2.13,300,0
RCON.US,5,20250915,211500,2.085,2.085,2.085,2.085,200,0
RCON.US,5,20250915,215000,2.13,2.15,2.13,2.15,1092,0
RCON.US,5,20250916,154000,2.14,2.15,2.14,2.15,942,0
RCON.US,5,20250916,155000,2.0701,2.14,2.0701,2.14,2200,0
RCON.US,5,20250916,160000,2.11,2.11,2.11,2.11,150,0
RCON.US,5,20250916,161000,2.09,2.09,2.05,2.09,4797,0
RCON.US,5,20250916,163000,2.05,2.05,2.05,2.05,307,0
RCON.US,5,20250916,164000,2.11,2.11,2.11,2.11,200,0
RCON.US,5,20250916,171000,2.15,2.15,2.15,2.15,244,0
RCON.US,5,20250916,171500,2.1444,2.1444,2.1444,2.1444,400,0
RCON.US,5,20250916,173500,2.15,2.15,2.15,2.15,506,0
RCON.US,5,20250916,174500,2.14,2.14,2.14,2.14,599,0
RCON.US,5,20250916,175000,2.1,2.1,2.1,2.1,1600,0
RCON.US,5,20250916,180500,2.1118,2.1118,2.1,2.1,1000,0
RCON.US,5,20250916,184000,2.12,2.12,2.12,2.12,200,0
RCON.US,5,20250916,193500,2.145,2.145,2.145,2.145,284,0
RCON.US,5,20250916,200000,2.1101,2.1101,2.03,2.03,7441,0
RCON.US,5,20250916,210500,2.14,2.14,2.14,2.14,100,0
RCON.US,5,20250916,211000,2.09,2.09,2.09,2.09,500,0
RCON.US,5,20250916,214000,2.1,2.1002,2.1,2.1,643,0
RCON.US,5,20250916,215000,2.09,2.09,2.09,2.09,595,0
RCON.US,5,20250916,215500,2.12,2.12,2.12,2.12,105,0
RCON.US,5,20250917,162000,2.08,2.08,2.08,2.08,980,0
RCON.US,5,20250917,163000,2.04,2.05,2.02,2.04,1800,0
RCON.US,5,20250917,163500,2.05,2.05,2.04,2.04,1751,0
RCON.US,5,20250917,164000,2.04,2.04,2.04,2.04,100,0
RCON.US,5,20250917,164500,2.04,2.04,2.04,2.04,400,0
RCON.US,5,20250917,165000,2.03,2.04,2.03,2.04,1123,0
RCON.US,5,20250917,170500,2.01,2.055,2.01,2.055,400,0
RCON.US,5,20250917,173000,2.0212,2.0212,2.0212,2.0212,100,0
RCON.US,5,20250917,174000,2.0301,2.07,2.0301,2.07,2200,0
RCON.US,5,20250917,174500,2.04,2.04,1.95,1.9517,10105,0
RCON.US,5,20250917,175000,1.9514,1.9514,1.91,1.91,30191,0
RCON.US,5,20250917,175500,1.94,2,1.94,2,8742,0
RCON.US,5,20250917,180000,1.99,1.99,1.99,1.99,100,0
RCON.US,5,20250917,180500,2,2,2,2,300,0
RCON.US,5,20250917,182000,2.086678,2.086678,2.02,2.02,1300,0
RCON.US,5,20250917,214500,2.0444,2.0444,2.0444,2.0444,102,0
RCON.US,5,20250918,154000,2.04,2.04,1.9513,1.9513,1470,0
RCON.US,5,20250918,155000,2.03,2.03,2.03,2.03,500,0
RCON.US,5,20250918,155500,2.03,2.04,2.03,2.04,600,0
RCON.US,5,20250918,161500,2.05,2.05,2.05,2.05,378,0
RCON.US,5,20250918,162000,2.04,2.04,2.04,2.04,100,0
RCON.US,5,20250918,164500,2,2.01,1.91,2.01,11854,0
RCON.US,5,20250918,165000,1.99,1.99,1.99,1.99,200,0
RCON.US,5,20250918,165500,1.99,1.99,1.99,1.99,258,0
RCON.US,5,20250918,170500,1.99,1.99,1.99,1.99,100,0
RCON.US,5,20250918,171000,1.99,1.99,1.98,1.98,816,0
RCON.US,5,20250918,171500,1.98,1.98,1.98,1.98,373,0
RCON.US,5,20250918,175500,1.95,1.95,1.95,1.95,1000,0
RCON.US,5,20250918,184000,2.05,2.05,2.05,2.05,100,0
RCON.US,5,20250918,184500,2.0198,2.0198,2.0198,2.0198,220,0
RCON.US,5,20250918,191000,2.01,2.01,2.01,2.01,400,0
RCON.US,5,20250918,194500,2.025,2.025,2.025,2.025,500,0
RCON.US,5,20250918,215000,2.01,2.01,2.01,2.01,513,0
RCON.US,5,20250918,215500,2.04,2.04,2.04,2.04,122,0
RCON.US,5,20250919,153000,2.01,2.01,2.01,2.01,169,0
RCON.US,5,20250919,153500,1.96,1.96,1.96,1.96,4476,0
RCON.US,5,20250919,154500,1.985,1.985,1.985,1.985,300,0
RCON.US,5,20250919,160000,1.99,1.99,1.99,1.99,100,0
RCON.US,5,20250919,161000,2.01,2.01,2.01,2.01,183,0
RCON.US,5,20250919,183000,2.075,2.075,2.06,2.06,200,0
RCON.US,5,20250919,184500,2.04,2.04,2.04,2.04,199,0
RCON.US,5,20250919,211500,2.04,2.04,2.04,2.04,1002,0
RCON.US,5,20250919,215500,1.97,2.01,1.93,2.01,10221,0
RCON.US,5,20250922,153000,2.05,2.05,2.05,2.05,150,0
RCON.US,5,20250922,155000,2.02,2.02,2.02,2.02,200,0
RCON.US,5,20250922,161000,2.04,2.04,2.04,2.04,300,0
RCON.US,5,20250922,161500,2.0215,2.0215,2.01,2.01,1036,0
RCON.US,5,20250922,165000,2,2,2,2,500,0
RCON.US,5,20250922,170500,2,2,2,2,200,0
RCON.US,5,20250922,171500,1.97,1.97,1.97,1.97,100,0
RCON.US,5,20250922,180000,1.99,1.99,1.99,1.99,600,0
RCON.US,5,20250922,181000,1.99,1.99,1.99,1.99,100,0
RCON.US,5,20250922,182500,1.98,1.98,1.95,1.95,4077,0
RCON.US,5,20250922,183500,1.995,2.03,1.995,2.03,400,0
RCON.US,5,20250922,191000,1.99,1.99,1.99,1.99,100,0
RCON.US,5,20250922,192000,1.97,1.97,1.97,1.97,100,0
RCON.US,5,20250922,193500,1.97,1.97,1.97,1.97,100,0
RCON.US,5,20250922,194500,1.98,1.98,1.98,1.98,1981,0
RCON.US,5,20250922,195000,2.0393,2.0393,1.96,1.96,200,0
RCON.US,5,20250922,201000,2.03,2.03,2.03,2.03,100,0
RCON.US,5,20250922,204500,1.96,1.96,1.952,1.96,987,0
RCON.US,5,20250922,212500,1.96,1.96,1.96,1.96,100,0
RCON.US,5,20250923,153000,1.93,1.93,1.93,1.93,1033,0
RCON.US,5,20250923,153500,2,2,2,2,700,0
RCON.US,5,20250923,154000,2.04,2.04,2.04,2.04,711,0
RCON.US,5,20250923,154500,2.0104,2.0104,2,2,1024,0
RCON.US,5,20250923,160500,2.01,2.01,2.01,2.01,129,0
RCON.US,5,20250923,161000,2.0309,2.0309,2.02,2.02,400,0
RCON.US,5,20250923,162500,1.99,1.99,1.99,1.99,600,0
RCON.US,5,20250923,171500,2.019,2.019,2.019,2.019,112,0
RCON.US,5,20250923,174000,2.06,2.06,2.05,2.06,767,0
RCON.US,5,20250923,181000,2.06,2.06,2.06,2.06,100,0
RCON.US,5,20250923,182000,2.06,2.06,2.06,2.06,500,0
RCON.US,5,20250923,184000,2.08,2.08,2.08,2.08,100,0
RCON.US,5,20250923,185000,2.04,2.04,2.04,2.04,100,0
RCON.US,5,20250923,200000,2.0658,2.0658,2.0658,2.0658,300,0
RCON.US,5,20250923,203000,2.05,2.05,2.02,2.02,1088,0
RCON.US,5,20250923,213500,2.03,2.0301,2.03,2.03,600,0
RCON.US,5,20250924,155500,2.02,2.07,2.02,2.07,406,0
RCON.US,5,20250924,163000,2.03,2.03,2.02,2.02,211,0
RCON.US,5,20250924,173500,2.11,2.11,2.11,2.11,100,0
RCON.US,5,20250924,174000,2.11,2.11,2.11,2.11,100,0
RCON.US,5,20250924,175500,2.03,2.03,2.03,2.03,140,0
RCON.US,5,20250924,190500,2.12,2.13,2.12,2.13,490,0
RCON.US,5,20250924,191000,2.12,2.12,2.12,2.12,2000,0
RCON.US,5,20250924,195000,2.1002,2.12,2.065,2.065,2000,0
RCON.US,5,20250924,195500,2.1002,2.12,2.1002,2.11,2500,0
RCON.US,5,20250924,200000,2.065,2.12,2.065,2.11,1440,0
RCON.US,5,20250924,200500,2.14,2.14,2.14,2.14,100,0
RCON.US,5,20250924,214500,2.11,2.15,2.1,2.15,2586,0
RCON.US,5,20250924,215000,2.1,2.1,2.1,2.1,3197,0
RCON.US,5,20250924,215500,2.11,2.16,2.11,2.16,2477,0
RCON.US,5,20250925,153000,2.13,2.14,2.13,2.14,211,0
RCON.US,5,20250925,154500,2.1,2.1,2.1,2.1,100,0
RCON.US,5,20250925,155000,2.11,2.11,2.11,2.11,1000,0
RCON.US,5,20250925,160500,2.12,2.12,2.12,2.12,100,0
RCON.US,5,20250925,161000,2.12,2.12,2.12,2.12,100,0
RCON.US,5,20250925,161500,2.125,2.125,2.12,2.12,1100,0
RCON.US,5,20250925,162500,2.14,2.14,2.14,2.14,214,0
RCON.US,5,20250925,171000,2.13,2.18,2.13,2.18,1535,0
RCON.US,5,20250925,172500,2.235,2.235,2.2028,2.2028,1361,0
RCON.US,5,20250925,174000,2.21,2.21,2.21,2.21,100,0
RCON.US,5,20250925,174500,2.175,2.175,2.175,2.175,300,0
RCON.US,5,20250925,180500,2.149863,2.149863,2.13,2.13,2836,0
RCON.US,5,20250925,182000,2.14,2.14,2.13,2.135,1174,0
RCON.US,5,20250925,191000,2.14,2.14,2.14,2.14,500,0
RCON.US,5,20250925,192500,2.1001,2.1001,2.1001,2.1001,196,0
RCON.US,5,20250925,201000,2.11,2.11,2.11,2.11,120,0
RCON.US,5,20250925,202500,2.118,2.118,2.118,2.118,502,0
RCON.US,5,20250926,160500,2.19,2.19,2.19,2.19,300,0
RCON.US,5,20250926,161500,2.08,2.18,2.08,2.135,5724,0
RCON.US,5,20250926,162500,2.13,2.13,2.105,2.105,1324,0
RCON.US,5,20250926,163000,2.105,2.105,2.105,2.105,1000,0
RCON.US,5,20250926,173500,2.1,2.1,2.1,2.1,238,0
RCON.US,5,20250926,174000,2.0809,2.0809,2.0809,2.0809,2000,0
RCON.US,5,20250926,191000,2.13,2.13,2.13,2.13,2000,0
RCON.US,5,20250926,201000,2.1016,2.1016,2.1016,2.1016,400,0
RCON.US,5,20250926,202000,2.0889,2.0889,2.0889,2.0889,470,0
RCON.US,5,20250926,210000,2.09,2.105,2.03,2.05,15766,0
RCON.US,5,20250926,210500,2.03,2.03,2.03,2.03,1000,0
RCON.US,5,20250926,214500,2.03,2.07,2.03,2.07,5043,0
RCON.US,5,20250926,215500,2.02,2.02,2.02,2.02,500,0
RCON.US,5,20250929,153000,2.01,2.01,2.01,2.01,150,0
RCON.US,5,20250929,161000,2.12,2.12,2.12,2.12,400,0
RCON.US,5,20250929,162000,2.02,2.04,2.02,2.04,300,0
RCON.US,5,20250929,165000,2.07,2.07,2.07,2.07,250,0
RCON.US,5,20250929,172000,2.04,2.04,2.04,2.04,100,0
RCON.US,5,20250929,175000,2.05,2.05,2.05,2.05,196,0
RCON.US,5,20250929,181000,2.06,2.06,2.06,2.06,200,0
RCON.US,5,20250929,190500,2.05,2.05,2.05,2.05,112,0
RCON.US,5,20250929,214000,2.0657,2.0657,2.0657,2.0657,100,0
RCON.US,5,20250930,155000,2.08,2.08,2.02,2.02,1000,0
RCON.US,5,20250930,171500,2.06,2.085,2.03,2.03,1699,0
RCON.US,5,20250930,172000,2.04,2.04,2.04,2.04,6140,0
RCON.US,5,20250930,172500,2.0401,2.0401,2.02,2.02,6314,0
RCON.US,5,20250930,174500,2.035,2.035,2.035,2.035,1000,0
RCON.US,5,20250930,181000,2.0068,2.0068,2.0068,2.0068,200,0
RCON.US,5,20250930,184000,2.0215,2.0215,2.0215,2.0215,1000,0
RCON.US,5,20250930,185000,2,2.0001,1.9801,1.9801,1365,0
RCON.US,5,20250930,191000,2,2,2,2,1000,0
RCON.US,5,20250930,193500,2,2,2,2,100,0
RCON.US,5,20250930,195000,2.02,2.02,2.02,2.02,200,0
RCON.US,5,20250930,201000,1.99,1.99,1.98,1.9801,1600,0
RCON.US,5,20250930,211000,1.98,1.9802,1.98,1.9802,1774,0
RCON.US,5,20250930,213000,1.98,1.98,1.98,1.98,100,0
RCON.US,5,20251001,154500,1.98,1.98,1.98,1.98,8445,0
RCON.US,5,20251001,155000,1.96,1.96,1.92,1.93,948,0
RCON.US,5,20251001,160500,1.95,1.95,1.95,1.95,300,0
RCON.US,5,20251001,161000,1.97,1.97,1.97,1.97,300,0
RCON.US,5,20251001,161500,1.96,1.96,1.96,1.96,300,0
RCON.US,5,20251001,162500,1.98,1.98,1.91,1.94,17519,0
RCON.US,5,20251001,163500,1.96,1.96,1.96,1.96,250,0
RCON.US,5,20251001,171000,1.9751,1.9751,1.9751,1.9751,101,0
RCON.US,5,20251001,175000,1.96,1.96,1.96,1.96,200,0
RCON.US,5,20251001,181500,1.96,1.96,1.96,1.96,200,0
RCON.US,5,20251001,183000,1.96,1.96,1.96,1.96,100,0
RCON.US,5,20251001,184500,1.96,1.96,1.96,1.96,200,0
RCON.US,5,20251001,185000,1.96,1.96,1.95,1.96,1556,0
RCON.US,5,20251001,192000,1.98,1.98,1.98,1.98,500,0
RCON.US,5,20251001,193000,1.95,1.95,1.95,1.95,339,0
RCON.US,5,20251001,210000,1.98,1.98,1.98,1.98,300,0
RCON.US,5,20251002,155500,1.96,1.97,1.93,1.93,15700,0
RCON.US,5,20251002,160000,1.93,1.95,1.92,1.94,13900,0
RCON.US,5,20251002,162500,2.02,2.02,2.02,2.02,400,0
RCON.US,5,20251002,172000,1.99,1.99,1.99,1.99,500,0
RCON.US,5,20251002,172500,1.98,1.98,1.97,1.97,10000,0
RCON.US,5,20251002,180000,1.971,1.971,1.971,1.971,100,0
RCON.US,5,20251002,183500,1.99,1.99,1.99,1.99,133,0
RCON.US,5,20251002,190500,2.01,2.01,2.01,2.01,100,0
RCON.US,5,20251002,200000,2,2,2,2,298,0
RCON.US,5,20251002,203000,2.01,2.01,2.005,2.005,200,0
RCON.US,5,20251002,203500,2.02,2.02,2.02,2.02,100,0
RCON.US,5,20251003,153000,1.995,1.995,1.995,1.995,192,0
RCON.US,5,20251003,153500,2.02,2.02,2.02,2.02,2016,0
RCON.US,5,20251003,154500,1.981,1.981,1.981,1.981,100,0
RCON.US,5,20251003,163500,2.0729,2.0729,2.0729,2.0729,100,0
RCON.US,5,20251003,183000,2.06,2.06,2.06,2.06,596,0
RCON.US,5,20251003,183500,2.05,2.05,2.05,2.05,100,0
RCON.US,5,20251003,190500,2.02,2.02,2.02,2.02,100,0
RCON.US,5,20251003,211000,2.03,2.03,2.03,2.03,100,0
RCON.US,5,20251003,212500,2.02,2.02,2.02,2.02,400,0
RCON.US,5,20251003,215000,2.02,2.02,2.01,2.01,304,0
RCON.US,5,20251006,153500,2.02,2.02,2.01,2.01,261,0
RCON.US,5,20251006,155500,2.0614,2.0614,2.0614,2.0614,262,0
RCON.US,5,20251006,170500,2,2,2,2,500,0
RCON.US,5,20251006,173500,2.01,2.01,2.01,2.01,462,0
RCON.US,5,20251006,174000,2.01,2.01,2.01,2.01,200,0
RCON.US,5,20251006,175500,2,2.0001,1.88,1.88,29905,0
RCON.US,5,20251006,181000,1.9,1.9,1.9,1.9,100,0
RCON.US,5,20251006,184500,1.92,1.92,1.9105,1.9105,794,0
RCON.US,5,20251006,185500,1.955,1.955,1.955,1.955,555,0
RCON.US,5,20251006,192000,1.96,1.96,1.96,1.96,500,0
RCON.US,5,20251006,194500,1.96,1.96,1.96,1.96,300,0
RCON.US,5,20251006,195500,1.96,1.96,1.96,1.96,500,0
RCON.US,5,20251006,203000,1.96,1.96,1.96,1.96,1965,0
RCON.US,5,20251006,211500,1.96,1.96,1.96,1.96,100,0
RCON.US,5,20251006,212000,1.93,1.93,1.93,1.93,250,0
RCON.US,5,20251006,214000,1.93,1.93,1.9214,1.9214,488,0
RCON.US,5,20251006,215500,1.9773,1.9773,1.9773,1.9773,300,0
RCON.US,5,20251007,153000,1.93,1.93,1.93,1.93,666,0
RCON.US,5,20251007,155000,1.9415,1.9415,1.94,1.94,500,0
RCON.US,5,20251007,160000,1.94,1.94,1.93,1.93,1333,0
RCON.US,5,20251007,160500,1.93,1.9303,1.93,1.9303,3600,0
RCON.US,5,20251007,161000,1.97,1.97,1.97,1.97,6000,0
RCON.US,5,20251007,161500,1.9696,1.9696,1.9696,1.9696,600,0
RCON.US,5,20251007,162500,1.95,1.95,1.95,1.95,350,0
RCON.US,5,20251007,172500,1.94,1.95,1.94,1.95,200,0
RCON.US,5,20251007,174000,1.95,1.95,1.95,1.95,1000,0
RCON.US,5,20251007,174500,1.95,1.95,1.95,1.95,300,0
RCON.US,5,20251007,180000,1.95,1.95,1.95,1.95,224,0
RCON.US,5,20251007,184500,1.98,1.98,1.98,1.98,500,0
RCON.US,5,20251007,210000,1.96,1.965,1.96,1.965,625,0
RCON.US,5,20251007,210500,1.95,1.95,1.95,1.95,212,0
RCON.US,5,20251007,215500,1.95,1.95,1.95,1.95,315,0
RCON.US,5,20251008,154000,1.98,1.98,1.98,1.98,100,0
RCON.US,5,20251008,154500,1.95,1.95,1.9496,1.9496,202,0
RCON.US,5,20251008,162000,1.96,1.96,1.96,1.96,200,0
RCON.US,5,20251008,162500,1.96,1.96,1.96,1.96,100,0
RCON.US,5,20251008,163000,1.97,1.97,1.97,1.97,200,0
RCON.US,5,20251008,170500,1.97,1.97,1.97,1.97,100,0
RCON.US,5,20251008,171500,1.965,1.965,1.965,1.965,100,0
RCON.US,5,20251008,173000,1.96,1.96,1.96,1.96,151,0
RCON.US,5,20251008,173500,1.94,1.9401,1.94,1.9401,1100,0
RCON.US,5,20251008,180500,1.9536,1.9536,1.9536,1.9536,100,0
RCON.US,5,20251008,192500,1.95,1.95,1.94,1.95,1855,0
RCON.US,5,20251008,193000,1.92,1.929,1.92,1.92,3887,0
RCON.US,5,20251008,193500,1.91,1.9101,1.91,1.9101,1000,0
RCON.US,5,20251008,194000,1.9214,1.9214,1.91,1.91,2103,0
RCON.US,5,20251008,195000,1.91,1.91,1.9094,1.91,1934,0
RCON.US,5,20251008,195500,1.91,1.91,1.91,1.91,700,0
RCON.US,5,20251008,202000,1.9,1.9,1.9,1.9,5410,0
RCON.US,5,20251008,203500,1.9659,1.9659,1.9659,1.9659,250,0
RCON.US,5,20251009,155000,1.93,1.93,1.93,1.93,300,0
RCON.US,5,20251009,160000,1.92,1.92,1.91,1.91,1041,0
RCON.US,5,20251009,163000,1.9566,1.96,1.935,1.95,1800,0
RCON.US,5,20251009,164000,1.95,1.9586,1.95,1.9586,1300,0
RCON.US,5,20251009,165000,1.95,1.95,1.95,1.95,134,0
RCON.US,5,20251009,175000,1.96,1.96,1.96,1.96,1015,0
RCON.US,5,20251009,175500,1.96,1.96,1.96,1.96,100,0
RCON.US,5,20251009,183000,1.9501,1.9501,1.9501,1.9501,300,0
RCON.US,5,20251009,201000,1.9514,1.96,1.9514,1.96,1640,0
RCON.US,5,20251009,210000,1.96,1.96,1.96,1.96,100,0
RCON.US,5,20251009,215500,1.9615,1.9615,1.96,1.96,700,0
RCON.US,5,20251010,153000,1.96,1.96,1.95,1.95,3517,0
RCON.US,5,20251010,153500,1.9506,1.96,1.9506,1.96,3476,0
RCON.US,5,20251010,155000,1.96,1.96,1.95,1.96,2371,0
RCON.US,5,20251010,161500,1.95,1.95,1.95,1.95,400,0
RCON.US,5,20251010,164000,1.95,1.95,1.95,1.95,800,0
RCON.US,5,20251010,171500,2.0299,2.0299,2,2,3000,0
RCON.US,5,20251010,172000,1.97,1.97,1.97,1.97,1800,0
RCON.US,5,20251010,174500,2.01,2.0199,1.975,2.0199,1658,0
RCON.US,5,20251010,182000,1.93,1.93,1.93,1.93,100,0
RCON.US,5,20251010,183000,2.0099,2.0099,2.0099,2.0099,300,0
RCON.US,5,20251010,184000,1.93,1.93,1.93,1.93,1831,0
RCON.US,5,20251010,184500,1.9107,1.9107,1.9107,1.9107,1858,0
RCON.US,5,20251010,193500,1.92,1.92,1.92,1.92,100,0
RCON.US,5,20251010,205500,1.91,1.91,1.91,1.91,421,0
RCON.US,5,20251010,212000,1.9222,1.9222,1.9222,1.9222,200,0
RCON.US,5,20251010,212500,1.97,1.97,1.97,1.97,100,0
RCON.US,5,20251010,214500,1.92,1.92,1.92,1.92,100,0
RCON.US,5,20251013,153000,2.02,2.02,2.02,2.02,130,0
RCON.US,5,20251013,153500,1.9698,1.9698,1.9698,1.9698,100,0
RCON.US,5,20251013,154500,1.9668,1.9668,1.9668,1.9668,450,0
RCON.US,5,20251013,155000,1.95,1.96,1.95,1.95,1400,0
RCON.US,5,20251013,160000,1.9501,1.9501,1.9501,1.9501,2088,0
RCON.US,5,20251013,173500,1.95,1.95,1.91,1.92,2200,0
RCON.US,5,20251013,181500,1.9627,1.9627,1.9627,1.9627,3000,0
RCON.US,5,20251013,182000,1.98,1.98,1.98,1.98,250,0
RCON.US,5,20251013,184000,1.98,1.98,1.95,1.95,2251,0
RCON.US,5,20251013,185000,1.95,1.95,1.95,1.95,200,0
RCON.US,5,20251013,204500,1.95,1.95,1.95,1.95,172,0
RCON.US,5,20251013,211500,1.95,1.95,1.95,1.95,250,0
RCON.US,5,20251013,215000,1.94,1.94,1.94,1.94,200,0
RCON.US,5,20251013,215500,1.94,1.96,1.94,1.96,603,0
RCON.US,5,20251014,153000,1.91,1.91,1.91,1.91,200,0
RCON.US,5,20251014,154000,1.91,1.91,1.91,1.91,100,0
RCON.US,5,20251014,155000,1.95,1.95,1.95,1.95,100,0
RCON.US,5,20251014,155500,1.9352,1.9352,1.92,1.92,406,0
RCON.US,5,20251014,162500,1.95,1.95,1.95,1.95,500,0
RCON.US,5,20251014,180500,1.97,1.97,1.97,1.97,400,0
RCON.US,5,20251014,181000,1.97,1.97,1.97,1.97,100,0
RCON.US,5,20251014,184000,1.97,1.97,1.97,1.97,200,0
RCON.US,5,20251014,185500,1.97,1.97,1.97,1.97,300,0
RCON.US,5,20251014,190000,1.945,1.945,1.945,1.945,900,0
RCON.US,5,20251014,204500,2.01,2.01,2.01,2.01,300,0
RCON.US,5,20251014,205000,2.01,2.01,2.01,2.01,375,0
RCON.US,5,20251014,210000,2,2,2,2,203,0
RCON.US,5,20251014,211000,1.93,1.93,1.91,1.9101,6472,0
RCON.US,5,20251014,213000,2.01,2.04,2,2,559,0
RCON.US,5,20251014,213500,2,2,2,2,100,0
RCON.US,5,20251014,215000,2.0699,2.0699,1.91,1.965,7320,0
RCON.US,5,20251014,215500,1.91,2.04,1.91,2.04,1600,0
RCON.US,5,20251015,154500,2.03,2.03,2.02,2.02,1600,0
RCON.US,5,20251015,161500,1.99,1.99,1.93,1.9309,7734,0
RCON.US,5,20251015,163000,1.97,1.97,1.97,1.97,583,0
RCON.US,5,20251015,163500,1.985,1.985,1.985,1.985,300,0
RCON.US,5,20251015,171500,1.9501,1.9501,1.9501,1.9501,212,0
RCON.US,5,20251015,174000,1.985,1.985,1.985,1.985,278,0
RCON.US,5,20251015,182500,1.95,1.95,1.93,1.93,1963,0
RCON.US,5,20251015,200500,1.93,1.93,1.93,1.93,4889,0
RCON.US,5,20251015,202000,1.945,1.96,1.945,1.96,200,0
RCON.US,5,20251015,215500,1.92,1.92,1.92,1.92,633,0
RCON.US,5,20251016,153000,1.94,1.94,1.94,1.94,100,0
RCON.US,5,20251016,155000,1.955,1.955,1.955,1.955,100,0
RCON.US,5,20251016,155500,1.97,1.99,1.955,1.988,1478,0
RCON.US,5,20251016,161500,1.92,1.92,1.92,1.92,200,0
RCON.US,5,20251016,163000,1.91,1.91,1.87,1.87,7713,0
RCON.US,5,20251016,163500,1.87,1.87,1.87,1.87,3265,0
RCON.US,5,20251016,164000,1.87,1.87,1.87,1.87,100,0
RCON.US,5,20251016,165000,1.87,1.87,1.86,1.86,4769,0
RCON.US,5,20251016,170500,1.86,1.87,1.86,1.87,710,0
RCON.US,5,20251016,171000,1.89,1.89,1.89,1.89,500,0
RCON.US,5,20251016,172500,1.89,1.9,1.8802,1.8802,2200,0
RCON.US,5,20251016,180500,1.92,1.92,1.92,1.92,100,0
RCON.US,5,20251016,181000,1.8815,1.8815,1.8815,1.8815,249,0
RCON.US,5,20251016,194000,1.93,1.93,1.93,1.93,100,0
RCON.US,5,20251016,194500,1.9,1.9,1.9,1.9,100,0
RCON.US,5,20251016,211500,1.87,1.87,1.87,1.87,449,0
RCON.US,5,20251016,215500,1.87,1.87,1.87,1.87,173,0
RCON.US,5,20251017,153000,1.83,1.83,1.82,1.82,246,0
RCON.US,5,20251017,153500,1.84,1.84,1.82,1.82,900,0
RCON.US,5,20251017,154500,1.82,1.8201,1.82,1.82,600,0
RCON.US,5,20251017,155000,1.835,1.835,1.835,1.835,200,0
RCON.US,5,20251017,160000,1.82,1.82,1.8,1.8,7043,0
RCON.US,5,20251017,163000,1.83,1.83,1.83,1.83,500,0
RCON.US,5,20251017,164000,1.83,1.83,1.8,1.8,400,0
RCON.US,5,20251017,165000,1.82,1.82,1.82,1.82,932,0
RCON.US,5,20251017,165500,1.79,1.79,1.78,1.78,200,0
RCON.US,5,20251017,171000,1.77,1.77,1.77,1.77,300,0
RCON.US,5,20251017,171500,1.76,1.76,1.76,1.76,506,0
RCON.US,5,20251017,172500,1.76,1.76,1.76,1.76,352,0
RCON.US,5,20251017,173000,1.76,1.76,1.76,1.76,312,0
RCON.US,5,20251017,173500,1.76,1.76,1.76,1.76,400,0
RCON.US,5,20251017,180000,1.77,1.77,1.77,1.77,300,0
RCON.US,5,20251017,180500,1.7699,1.7699,1.7699,1.7699,100,0
RCON.US,5,20251017,181000,1.76,1.78,1.76,1.78,4200,0
RCON.US,5,20251017,181500,1.84,1.84,1.84,1.84,100,0
RCON.US,5,20251017,183000,1.84,1.84,1.84,1.84,100,0
RCON.US,5,20251017,190000,1.81,1.81,1.81,1.81,100,0
RCON.US,5,20251017,195000,1.825,1.825,1.825,1.825,500,0
RCON.US,5,20251017,202500,1.84,1.85,1.83,1.85,1900,0
RCON.US,5,20251017,204500,1.83,1.83,1.83,1.83,140,0
RCON.US,5,20251017,210500,1.85,1.87,1.85,1.87,1100,0
RCON.US,5,20251017,213000,1.8699,1.8699,1.8699,1.8699,1000,0
RCON.US,5,20251017,214000,1.86,1.86,1.86,1.86,800,0
RCON.US,5,20251017,215500,1.83,1.85,1.78,1.78,838,0
RCON.US,5,20251020,153000,1.81,1.81,1.8,1.8,301,0
RCON.US,5,20251020,154500,1.86,1.86,1.86,1.86,200,0
RCON.US,5,20251020,155000,1.83,1.86,1.83,1.86,1000,0
RCON.US,5,20251020,165000,1.86,1.86,1.86,1.86,100,0
RCON.US,5,20251020,183000,1.87,1.87,1.8,1.81,3315,0
RCON.US,5,20251020,184500,1.8,1.8,1.8,1.8,112,0
RCON.US,5,20251020,185500,1.8,1.8,1.8,1.8,100,0
RCON.US,5,20251020,190000,1.8,1.8,1.8,1.8,100,0
RCON.US,5,20251020,190500,1.825,1.825,1.825,1.825,100,0
RCON.US,5,20251020,191000,1.81,1.81,1.81,1.81,192,0
RCON.US,5,20251020,192000,1.8,1.8,1.8,1.8,200,0
RCON.US,5,20251020,193000,1.8,1.8,1.8,1.8,200,0
RCON.US,5,20251020,193500,1.8,1.8,1.8,1.8,288,0
RCON.US,5,20251020,195000,1.8,1.8,1.8,1.8,200,0
RCON.US,5,20251020,200000,1.8,1.8,1.8,1.8,300,0
RCON.US,5,20251020,201500,1.8,1.8,1.8,1.8,324,0
RCON.US,5,20251020,203000,1.8,1.8,1.8,1.8,200,0
RCON.US,5,20251020,203500,1.8,1.8,1.8,1.8,224,0
RCON.US,5,20251020,204500,1.8,1.8,1.8,1.8,100,0
RCON.US,5,20251020,205000,1.8,1.8,1.8,1.8,107,0
RCON.US,5,20251020,211000,1.8,1.82,1.8,1.82,1181,0
RCON.US,5,20251020,212000,1.81,1.84,1.81,1.825,1300,0
RCON.US,5,20251020,213000,1.81,1.81,1.81,1.81,224,0
RCON.US,5,20251020,214000,1.81,1.81,1.81,1.81,300,0
RCON.US,5,20251020,214500,1.838,1.84,1.8379,1.84,458,0
RCON.US,5,20251020,215000,1.825,1.825,1.825,1.825,102,0
RCON.US,5,20251020,215500,1.84,1.86,1.81,1.85,1468,0
RCON.US,5,20251021,153000,1.7776,1.78,1.752,1.78,805,0
RCON.US,5,20251021,155500,1.8,1.8,1.8,1.8,100,0
RCON.US,5,20251021,160500,1.8,1.8,1.8,1.8,100,0
RCON.US,5,20251021,161000,1.81,1.81,1.81,1.81,100,0
RCON.US,5,20251021,162000,1.81,1.81,1.81,1.81,100,0
RCON.US,5,20251021,162500,1.83,1.83,1.83,1.83,100,0
RCON.US,5,20251021,163500,1.81,1.81,1.81,1.81,100,0
RCON.US,5,20251021,185500,1.7924,1.7924,1.7924,1.7924,134,0
RCON.US,5,20251021,205500,1.82,1.82,1.82,1.82,100,0
RCON.US,5,20251021,210000,1.82,1.82,1.82,1.82,300,0
RCON.US,5,20251021,210500,1.82,1.82,1.8,1.8,400,0
RCON.US,5,20251021,211000,1.81,1.81,1.8,1.8,300,0
RCON.US,5,20251021,213000,1.82,1.82,1.82,1.82,300,0
RCON.US,5,20251021,215500,1.8,1.8,1.75,1.75,1400,0
RCON.US,5,20251022,153000,1.75,1.75,1.75,1.75,300,0
RCON.US,5,20251022,160500,1.81,1.81,1.81,1.81,500,0
RCON.US,5,20251022,162000,1.78,1.78,1.78,1.78,100,0
RCON.US,5,20251022,170000,1.7589,1.7589,1.7589,1.7589,195,0
RCON.US,5,20251022,173500,1.75,1.75,1.75,1.75,899,0
RCON.US,5,20251022,214000,1.72,1.73,1.72,1.73,481,0
RCON.US,5,20251022,215500,1.72,1.72,1.71,1.71,500,0
RCON.US,5,20251023,153000,1.8,1.8,1.8,1.8,1500,0
RCON.US,5,20251023,154500,1.72,1.72,1.72,1.72,980,0
RCON.US,5,20251023,155000,1.785,1.785,1.785,1.785,335,0
RCON.US,5,20251023,163000,1.77,1.77,1.77,1.77,200,0
RCON.US,5,20251023,172500,1.76,1.76,1.76,1.76,107,0
RCON.US,5,20251023,173000,1.76,1.78,1.76,1.78,637,0
RCON.US,5,20251023,174500,1.77,1.77,1.765,1.77,690,0
RCON.US,5,20251023,184000,1.85,1.85,1.85,1.85,250,0
RCON.US,5,20251023,190500,1.7762,1.7762,1.76,1.76,2000,0
RCON.US,5,20251023,191000,1.805,1.805,1.805,1.805,100,0
RCON.US,5,20251023,195500,1.7949,1.7949,1.761,1.761,863,0
RCON.US,5,20251023,201000,1.76,1.76,1.76,1.76,700,0
RCON.US,5,20251023,201500,1.81,1.81,1.81,1.81,100,0
RCON.US,5,20251023,214500,1.773,1.773,1.773,1.773,123,0
RCON.US,5,20251023,215000,1.81,1.81,1.81,1.81,1000,0
RCON.US,5,20251023,215500,1.76,1.775,1.76,1.76,300,0
RCON.US,5,20251024,153500,1.855,1.855,1.855,1.855,1000,0
RCON.US,5,20251024,154000,1.84,1.84,1.83,1.83,4146,0
RCON.US,5,20251024,155500,1.8718,1.9495,1.855,1.9495,6932,0
RCON.US,5,20251024,160000,1.95,1.95,1.92,1.93,1738,0
RCON.US,5,20251024,160500,1.91,1.94,1.9004,1.94,7980,0
RCON.US,5,20251024,161000,1.94,1.94,1.93,1.93,5078,0
RCON.US,5,20251024,161500,1.95,1.95,1.9,1.9,5345,0
RCON.US,5,20251024,162500,1.89,1.89,1.87,1.87,402,0
RCON.US,5,20251024,163000,1.87,1.87,1.87,1.87,1783,0
RCON.US,5,20251024,163500,1.88,1.88,1.88,1.88,4644,0
RCON.US,5,20251024,164500,1.886,1.886,1.86,1.86,14499,0
RCON.US,5,20251024,165000,1.84,1.84,1.83,1.84,6438,0
RCON.US,5,20251024,165500,1.84,1.8532,1.835,1.8532,1275,0
RCON.US,5,20251024,170500,1.85,1.865,1.85,1.865,2000,0
RCON.US,5,20251024,171000,1.85,1.851802,1.85,1.851802,3300,0
RCON.US,5,20251024,171500,1.87,1.87,1.83,1.84,5554,0
RCON.US,5,20251024,172000,1.84,1.85,1.836,1.85,4096,0
RCON.US,5,20251024,172500,1.8799,1.8799,1.85,1.85,703,0
RCON.US,5,20251024,173000,1.85,1.85,1.79,1.85,26590,0
RCON.US,5,20251024,180500,1.82,1.83,1.81,1.8195,1515,0
RCON.US,5,20251024,181000,1.82,1.82,1.8,1.8,600,0
RCON.US,5,20251024,181500,1.8,1.8,1.79,1.8,1785,0
RCON.US,5,20251024,190000,1.83,1.83,1.83,1.83,100,0
RCON.US,5,20251024,190500,1.86,1.87,1.86,1.87,270,0
RCON.US,5,20251024,191500,1.87,1.87,1.87,1.87,100,0
RCON.US,5,20251024,192500,1.87,1.87,1.87,1.87,100,0
RCON.US,5,20251024,193000,1.87,1.87,1.87,1.87,600,0
RCON.US,5,20251024,200000,1.87,1.87,1.87,1.87,200,0
RCON.US,5,20251024,202000,1.82,1.85,1.82,1.85,200,0
RCON.US,5,20251024,210000,1.87,1.87,1.85,1.85,778,0
RCON.US,5,20251024,213000,1.87,1.87,1.87,1.87,124,0
RCON.US,5,20251024,214000,1.85,1.85,1.85,1.85,100,0
RCON.US,5,20251024,215000,1.87,1.87,1.87,1.87,100,0
RCON.US,5,20251024,215500,1.87,1.87,1.87,1.87,251,0
RCON.US,5,20251027,143000,1.78,1.8,1.78,1.78,3795,0
RCON.US,5,20251027,144500,1.78,1.78,1.75,1.755,3647,0
RCON.US,5,20251027,145500,1.71,1.71,1.71,1.71,226,0
RCON.US,5,20251027,150000,1.74,1.775,1.7,1.775,3269,0
RCON.US,5,20251027,150500,1.78,1.78,1.77,1.77,400,0
RCON.US,5,20251027,151000,1.77,1.77,1.71,1.71,2091,0
RCON.US,5,20251027,152000,1.71,1.71,1.71,1.71,100,0
RCON.US,5,20251027,153000,1.7662,1.7662,1.7662,1.7662,250,0
RCON.US,5,20251027,155000,1.73,1.75,1.73,1.75,400,0
RCON.US,5,20251027,160000,1.75,1.75,1.75,1.75,1700,0
RCON.US,5,20251027,163000,1.7898,1.7899,1.7898,1.7899,2000,0
RCON.US,5,20251027,163500,1.79,1.79,1.78,1.79,400,0
RCON.US,5,20251027,164000,1.84,1.84,1.84,1.84,135,0
RCON.US,5,20251027,165500,1.79,1.79,1.78,1.78,200,0
RCON.US,5,20251027,170500,1.78,1.78,1.78,1.78,200,0
RCON.US,5,20251027,174000,1.78,1.78,1.78,1.78,1301,0
RCON.US,5,20251027,175500,1.77,1.77,1.77,1.77,254,0
RCON.US,5,20251027,181500,1.79,1.79,1.79,1.79,200,0
RCON.US,5,20251027,182000,1.7954,1.7954,1.7954,1.7954,100,0
RCON.US,5,20251027,184500,1.77,1.77,1.77,1.77,569,0
RCON.US,5,20251027,193000,1.77,1.77,1.77,1.77,100,0
RCON.US,5,20251027,201000,1.77,1.8,1.77,1.78,8949,0
RCON.US,5,20251027,202500,1.79,1.79,1.79,1.79,440,0
RCON.US,5,20251027,203000,1.79,1.79,1.78,1.78,5401,0
RCON.US,5,20251027,203500,1.8,1.8,1.79,1.79,358,0
RCON.US,5,20251027,205000,1.79,1.8,1.79,1.79,7861,0
RCON.US,5,20251027,205500,1.79,1.8,1.78,1.78,3784,0
RCON.US,5,20251028,143000,1.77,1.77,1.77,1.77,100,0
RCON.US,5,20251028,144500,1.7701,1.7702,1.75,1.75,1105,0
RCON.US,5,20251028,145000,1.75,1.75,1.75,1.75,200,0
RCON.US,5,20251028,151000,1.77,1.77,1.77,1.77,440,0
RCON.US,5,20251028,155000,1.78,1.78,1.78,1.78,100,0
RCON.US,5,20251028,173000,1.775,1.78,1.775,1.78,2409,0
RCON.US,5,20251028,174000,1.8,1.8,1.8,1.8,100,0
RCON.US,5,20251028,175000,1.81,1.82,1.81,1.82,1553,0
RCON.US,5,20251028,175500,1.875,1.875,1.875,1.875,100,0
RCON.US,5,20251028,180000,1.865,1.88,1.865,1.88,300,0
RCON.US,5,20251028,180500,1.865,1.865,1.8,1.85,408,0
RCON.US,5,20251028,181000,1.81,1.81,1.81,1.81,100,0
RCON.US,5,20251028,182000,1.8,1.8,1.8,1.8,300,0
RCON.US,5,20251028,183000,1.78,1.786,1.78,1.786,431,0
RCON.US,5,20251028,183500,1.8,1.8,1.8,1.8,108,0
RCON.US,5,20251028,184000,1.8,1.8,1.78,1.78,3241,0
RCON.US,5,20251028,184500,1.79,1.79,1.79,1.79,108,0
RCON.US,5,20251028,185000,1.79,1.79,1.79,1.79,208,0
RCON.US,5,20251028,185500,1.79,1.79,1.79,1.79,100,0
RCON.US,5,20251028,191000,1.78,1.78,1.78,1.78,105,0
RCON.US,5,20251028,192500,1.815,1.815,1.815,1.815,305,0
RCON.US,5,20251028,194500,1.785,1.785,1.78,1.78,216,0
RCON.US,5,20251028,200000,1.8,1.8,1.8,1.8,105,0
RCON.US,5,20251028,201000,1.8,1.8,1.8,1.8,105,0
RCON.US,5,20251028,204500,1.78,1.78,1.78,1.78,108,0
RCON.US,5,20251028,205000,1.78,1.78,1.78,1.78,105,0
RCON.US,5,20251028,205500,1.78,1.78,1.77,1.77,564,0
RCON.US,5,20251029,152000,1.78,1.78,1.75,1.75,957,0
RCON.US,5,20251029,152500,1.79,1.8,1.79,1.79,1923,0
RCON.US,5,20251029,161000,1.7716,1.7716,1.76,1.76,540,0
RCON.US,5,20251029,164500,1.76,1.76,1.76,1.76,400,0
RCON.US,5,20251029,175500,1.77,1.77,1.77,1.77,2223,0
RCON.US,5,20251029,180500,1.77,1.78,1.77,1.77,597,0
RCON.US,5,20251029,181000,1.76,1.76,1.76,1.76,100,0
RCON.US,5,20251029,192500,1.765,1.765,1.765,1.765,1219,0
RCON.US,5,20251029,195500,1.74,1.7402,1.74,1.7402,600,0
RCON.US,5,20251029,200000,1.765,1.79,1.765,1.79,350,0
RCON.US,5,20251029,201000,1.75,1.76,1.75,1.75,1956,0
RCON.US,5,20251029,201500,1.765,1.765,1.765,1.765,100,0
RCON.US,5,20251030,164500,1.74,1.74,1.74,1.74,200,0
RCON.US,5,20251030,171500,1.76,1.76,1.76,1.76,500,0
RCON.US,5,20251030,180000,1.7417,1.7417,1.7417,1.7417,428,0
RCON.US,5,20251030,192500,1.7498,1.7499,1.7498,1.7499,1500,0
RCON.US,5,20251030,193500,1.735,1.735,1.735,1.735,100,0
RCON.US,5,20251030,204500,1.735,1.735,1.735,1.735,248,0
RCON.US,5,20251030,205000,1.72,1.72,1.72,1.72,300,0
RCON.US,5,20251031,143000,1.79,1.8,1.76,1.8,700,0
RCON.US,5,20251031,144000,1.8,1.8,1.8,1.8,458,0
RCON.US,5,20251031,144500,1.8504,1.8504,1.85,1.85,523,0
RCON.US,5,20251031,145500,1.8,1.8002,1.8,1.8002,792,0
RCON.US,5,20251031,154000,1.75,1.75,1.75,1.75,130,0
RCON.US,5,20251031,160000,1.72,1.72,1.72,1.72,100,0
RCON.US,5,20251031,161000,1.7598,1.7598,1.7581,1.7598,500,0
RCON.US,5,20251031,161500,1.7571,1.7571,1.7571,1.7571,500,0
RCON.US,5,20251031,163000,1.72,1.72,1.72,1.72,100,0
RCON.US,5,20251031,173500,1.72,1.72,1.72,1.72,100,0
RCON.US,5,20251031,175000,1.72,1.72,1.72,1.72,237,0
RCON.US,5,20251031,180500,1.72,1.72,1.72,1.72,100,0
RCON.US,5,20251031,181500,1.72,1.72,1.71,1.71,1599,0
RCON.US,5,20251031,182500,1.71,1.71,1.71,1.71,1859,0
RCON.US,5,20251031,185500,1.71,1.71,1.71,1.71,100,0
RCON.US,5,20251031,195000,1.71,1.745,1.71,1.745,390,0
RCON.US,5,20251031,200500,1.71,1.71,1.71,1.71,100,0
RCON.US,5,20251031,203000,1.71,1.71,1.71,1.71,200,0
RCON.US,5,20251031,204000,1.71,1.71,1.71,1.71,200,0
RCON.US,5,20251031,205500,1.73,1.75,1.73,1.75,430,0
RCON.US,5,20251103,153000,1.69,1.72,1.69,1.7,5278,0
RCON.US,5,20251103,155500,1.685,1.685,1.685,1.685,100,0
RCON.US,5,20251103,161000,1.685,1.685,1.6503,1.6503,684,0
RCON.US,5,20251103,162500,1.65,1.65,1.65,1.65,799,0
RCON.US,5,20251103,163000,1.65,1.65,1.65,1.65,701,0
RCON.US,5,20251103,164500,1.6504,1.6504,1.6504,1.6504,160,0
RCON.US,5,20251103,171000,1.66,1.68,1.66,1.68,1295,0
RCON.US,5,20251103,174000,1.675,1.675,1.675,1.675,550,0
RCON.US,5,20251103,174500,1.69,1.69,1.69,1.69,100,0
RCON.US,5,20251103,191000,1.69,1.7,1.69,1.7,8017,0
RCON.US,5,20251103,192000,1.7,1.7,1.7,1.7,700,0
RCON.US,5,20251103,194000,1.7,1.7,1.695,1.7,1895,0
RCON.US,5,20251104,153000,1.67,1.67,1.67,1.67,268,0
RCON.US,5,20251104,160000,1.67,1.67,1.67,1.67,546,0
RCON.US,5,20251104,160500,1.67,1.67,1.65,1.65,1768,0
RCON.US,5,20251104,170500,1.6401,1.6401,1.6301,1.6301,2883,0
RCON.US,5,20251104,172000,1.645,1.645,1.645,1.645,3093,0
RCON.US,5,20251104,172500,1.64,1.64,1.64,1.64,1000,0
RCON.US,5,20251104,173000,1.62,1.63,1.62,1.63,1172,0
RCON.US,5,20251104,173500,1.62,1.63,1.62,1.63,1100,0
RCON.US,5,20251104,174000,1.63,1.65,1.62,1.65,2177,0
RCON.US,5,20251104,174500,1.62,1.62,1.61,1.61,637,0
RCON.US,5,20251104,175500,1.6,1.6,1.59,1.59,6839,0
RCON.US,5,20251104,180000,1.59,1.61,1.5898,1.59,9019,0
RCON.US,5,20251104,180500,1.6,1.6,1.6,1.6,600,0
RCON.US,5,20251104,181000,1.5931,1.5931,1.5901,1.5901,1250,0
RCON.US,5,20251104,181500,1.59,1.59,1.57,1.57,2500,0
RCON.US,5,20251104,182000,1.5601,1.5601,1.5601,1.5601,1000,0
RCON.US,5,20251104,182500,1.5601,1.5601,1.5601,1.5601,1000,0
RCON.US,5,20251104,183000,1.58,1.58,1.55,1.56,1692,0
RCON.US,5,20251104,183500,1.56,1.56,1.55,1.55,1100,0
RCON.US,5,20251104,184000,1.5658,1.5658,1.55,1.55,268,0
RCON.US,5,20251104,184500,1.5501,1.5501,1.5501,1.5501,1000,0
RCON.US,5,20251104,185000,1.57,1.57,1.57,1.57,1000,0
RCON.US,5,20251104,185500,1.57,1.57,1.57,1.57,1000,0
RCON.US,5,20251104,190000,1.57,1.57,1.57,1.57,1000,0
RCON.US,5,20251104,190500,1.5601,1.5601,1.56,1.56,1265,0
RCON.US,5,20251104,191500,1.55,1.5501,1.55,1.5501,1800,0
RCON.US,5,20251104,192000,1.55,1.56,1.55,1.56,1264,0
RCON.US,5,20251104,192500,1.56,1.56,1.56,1.56,600,0
RCON.US,5,20251104,193000,1.55,1.5501,1.55,1.5501,1872,0
RCON.US,5,20251104,193500,1.55,1.55,1.55,1.55,1000,0
RCON.US,5,20251104,194000,1.54,1.54,1.54,1.54,100,0
RCON.US,5,20251104,194500,1.53,1.53,1.53,1.53,300,0
RCON.US,5,20251104,195500,1.52,1.52,1.51,1.51,1282,0
RCON.US,5,20251104,200000,1.5,1.51,1.5,1.51,1100,0
RCON.US,5,20251104,200500,1.5,1.5,1.5,1.5,1913,0
RCON.US,5,20251104,201000,1.49,1.49,1.49,1.49,470,0
RCON.US,5,20251104,201500,1.49,1.49,1.4816,1.4816,2370,0
RCON.US,5,20251104,202500,1.49,1.49,1.49,1.49,1999,0
RCON.US,5,20251104,203000,1.49,1.49,1.49,1.49,1000,0
RCON.US,5,20251104,203500,1.48,1.48,1.46,1.46,614,0
RCON.US,5,20251104,204000,1.46,1.48,1.46,1.48,2999,0
RCON.US,5,20251104,204500,1.48,1.48,1.47,1.47,3000,0
RCON.US,5,20251104,205000,1.47,1.47,1.465,1.465,1100,0
RCON.US,5,20251104,205500,1.48,1.48,1.48,1.48,934,0
RCON.US,5,20251104,212500,1.48,1.48,1.48,1.48,100,0
RCON.US,5,20251104,215000,1.48,1.48,1.48,1.48,900,0
RCON.US,5,20251104,215500,1.48,1.4812,1.47,1.47,637,0
RCON.US,5,20251105,153000,1.52,1.52,1.52,1.52,1035,0
RCON.US,5,20251105,153500,1.49,1.5001,1.49,1.5001,5112,0
RCON.US,5,20251105,154000,1.524,1.524,1.5,1.524,986,0
RCON.US,5,20251105,160000,1.49,1.49,1.49,1.49,207,0
RCON.US,5,20251105,163000,1.48,1.48,1.48,1.48,400,0
RCON.US,5,20251105,163500,1.48,1.48,1.48,1.48,315,0
RCON.US,5,20251105,165500,1.4858,1.4858,1.4858,1.4858,100,0
RCON.US,5,20251105,170000,1.47,1.47,1.47,1.47,1173,0
RCON.US,5,20251105,172500,1.47,1.47,1.47,1.47,1827,0
RCON.US,5,20251105,173000,1.49,1.58,1.49,1.58,367,0
RCON.US,5,20251105,174000,1.48,1.48,1.48,1.48,2420,0
RCON.US,5,20251105,182000,1.51,1.51,1.51,1.51,700,0
RCON.US,5,20251105,182500,1.4775,1.4775,1.4775,1.4775,500,0
RCON.US,5,20251105,183500,1.45,1.45,1.45,1.45,100,0
RCON.US,5,20251105,190500,1.46,1.46,1.45,1.45,307,0
RCON.US,5,20251105,192000,1.46,1.46,1.46,1.46,400,0
RCON.US,5,20251105,194000,1.4501,1.4501,1.45,1.45,1518,0
RCON.US,5,20251105,214500,1.4601,1.4602,1.4601,1.4601,1098,0
RCON.US,5,20251106,153000,1.54,1.54,1.54,1.54,100,0
RCON.US,5,20251106,154000,1.48,1.48,1.48,1.48,100,0
RCON.US,5,20251106,155000,1.47,1.47,1.45,1.45,518,0
RCON.US,5,20251106,160000,1.4608,1.5,1.4608,1.5,400,0
RCON.US,5,20251106,164500,1.4798,1.4799,1.4798,1.4799,820,0
RCON.US,5,20251106,173000,1.44,1.44,1.44,1.44,100,0
RCON.US,5,20251106,175000,1.4516,1.4516,1.4516,1.4516,500,0
RCON.US,5,20251106,180500,1.46,1.46,1.46,1.46,1000,0
RCON.US,5,20251106,182500,1.43,1.43,1.43,1.43,100,0
RCON.US,5,20251106,190500,1.45,1.45,1.45,1.45,100,0
RCON.US,5,20251106,195000,1.44,1.44,1.44,1.44,200,0
RCON.US,5,20251106,200500,1.44,1.46,1.44,1.45,1271,0
RCON.US,5,20251106,202500,1.44,1.4506,1.44,1.4506,5308,0
RCON.US,5,20251106,203000,1.45,1.45,1.44,1.45,2850,0
RCON.US,5,20251106,203500,1.46,1.46,1.46,1.46,100,0
RCON.US,5,20251106,205000,1.44,1.44,1.44,1.44,100,0
RCON.US,5,20251106,210000,1.43,1.43,1.43,1.43,204,0
RCON.US,5,20251106,214500,1.46,1.46,1.46,1.46,140,0
RCON.US,5,20251106,215500,1.42,1.42,1.4,1.4,5999,0
RCON.US,5,20251107,153500,1.42,1.42,1.42,1.42,100,0
RCON.US,5,20251107,154500,1.44,1.44,1.38,1.43397,1338,0
RCON.US,5,20251107,155500,1.39,1.3901,1.38,1.38,1452,0
RCON.US,5,20251107,160000,1.37,1.37,1.35,1.37,4690,0
RCON.US,5,20251107,162500,1.4182,1.4182,1.4182,1.4182,1000,0
RCON.US,5,20251107,163000,1.38,1.38,1.38,1.38,100,0
RCON.US,5,20251107,164500,1.45,1.46,1.45,1.46,810,0
RCON.US,5,20251107,165500,1.4,1.4,1.35,1.35,2097,0
RCON.US,5,20251107,171000,1.37,1.38,1.37,1.37,470,0
RCON.US,5,20251107,172000,1.37,1.37,1.37,1.37,374,0
RCON.US,5,20251107,173500,1.37,1.37,1.37,1.37,1000,0
RCON.US,5,20251107,174000,1.3507,1.3507,1.31,1.34,3700,0
RCON.US,5,20251107,174500,1.341,1.341,1.341,1.341,101,0
RCON.US,5,20251107,175000,1.35,1.36,1.35,1.35,1374,0
RCON.US,5,20251107,175500,1.35,1.35,1.32,1.32,2182,0
RCON.US,5,20251107,181000,1.3284,1.34,1.3284,1.34,5210,0
RCON.US,5,20251107,184000,1.36,1.36,1.3,1.3,16665,0
RCON.US,5,20251107,184500,1.3,1.3,1.25,1.2961,31792,0
RCON.US,5,20251107,190000,1.27,1.27,1.27,1.27,1000,0
RCON.US,5,20251107,191000,1.2908,1.2908,1.2908,1.2908,200,0
RCON.US,5,20251107,194000,1.345,1.345,1.345,1.345,438,0
RCON.US,5,20251107,200000,1.33,1.33,1.33,1.33,1000,0
RCON.US,5,20251107,202000,1.38,1.385,1.33,1.33,2088,0
RCON.US,5,20251107,203000,1.32,1.33,1.32,1.33,512,0
RCON.US,5,20251107,205000,1.39,1.39,1.39,1.39,500,0
RCON.US,5,20251107,211500,1.3891,1.4,1.3891,1.3902,600,0
RCON.US,5,20251107,212000,1.39,1.39,1.39,1.39,100,0
RCON.US,5,20251107,215000,1.3825,1.3825,1.3825,1.3825,100,0
RCON.US,5,20251110,153000,1.39,1.4,1.39,1.4,412,0
RCON.US,5,20251110,154000,1.41,1.41,1.4,1.4,572,0
RCON.US,5,20251110,160500,1.4,1.405,1.4,1.405,2958,0
RCON.US,5,20251110,161500,1.4,1.4,1.4,1.4,740,0
RCON.US,5,20251110,162000,1.37,1.37,1.3447,1.3447,1898,0
RCON.US,5,20251110,163500,1.35,1.35,1.35,1.35,300,0
RCON.US,5,20251110,164000,1.3,1.34,1.3,1.3,5926,0
RCON.US,5,20251110,164500,1.3,1.3,1.3,1.3,100,0
RCON.US,5,20251110,165000,1.29,1.3,1.29,1.29,1876,0
RCON.US,5,20251110,165500,1.28,1.28,1.27,1.2706,752,0
RCON.US,5,20251110,171500,1.3581,1.3581,1.3581,1.3581,181,0
RCON.US,5,20251110,172500,1.36,1.36,1.36,1.36,200,0
RCON.US,5,20251110,175000,1.36,1.36,1.36,1.36,100,0
RCON.US,5,20251110,185000,1.35,1.35,1.35,1.35,200,0
RCON.US,5,20251110,192500,1.37,1.37,1.3426,1.3426,400,0
RCON.US,5,20251110,193000,1.3377,1.37,1.325,1.325,1300,0
RCON.US,5,20251110,193500,1.37,1.37,1.35,1.35,650,0
RCON.US,5,20251110,195000,1.384,1.384,1.384,1.384,300,0
RCON.US,5,20251110,204000,1.37,1.38,1.35,1.35,2682,0
RCON.US,5,20251110,211000,1.355,1.3739,1.355,1.3739,1700,0
RCON.US,5,20251110,211500,1.3585,1.3721,1.3585,1.3721,500,0
RCON.US,5,20251110,213000,1.32,1.33,1.32,1.32,2227,0
RCON.US,5,20251110,213500,1.31,1.31,1.28,1.28,1435,0
RCON.US,5,20251110,214500,1.33,1.3462,1.33,1.3462,2118,0
RCON.US,5,20251110,215500,1.37,1.37,1.3416,1.3416,1605,0
RCON.US,5,20251111,154000,1.385,1.385,1.385,1.385,200,0
RCON.US,5,20251111,154500,1.34,1.34,1.34,1.34,500,0
RCON.US,5,20251111,161000,1.36,1.36,1.36,1.36,100,0
RCON.US,5,20251111,161500,1.36,1.36,1.36,1.36,300,0
RCON.US,5,20251111,164500,1.3608,1.3608,1.3608,1.3608,334,0
RCON.US,5,20251111,170500,1.36,1.36,1.36,1.36,100,0
RCON.US,5,20251112,153000,1.42,1.42,1.42,1.42,308,0
RCON.US,5,20251112,174500,1.42,1.42,1.42,1.42,860,0
RCON.US,5,20251112,175000,1.42,1.42,1.42,1.42,300,0
RCON.US,5,20251112,201500,1.43,1.43,1.43,1.43,1150,0
RCON.US,5,20251112,210000,1.42,1.42,1.42,1.42,100,0
RCON.US,5,20251113,162000,1.4193,1.4193,1.4193,1.4193,1906,0
RCON.US,5,20251113,163500,1.4058,1.4058,1.4058,1.4058,300,0
RCON.US,5,20251113,164500,1.4,1.4,1.3972,1.3972,1060,0
RCON.US,5,20251113,165000,1.39,1.39,1.39,1.39,830,0
RCON.US,5,20251113,170500,1.37,1.37,1.37,1.37,1000,0
RCON.US,5,20251113,173500,1.37,1.37,1.37,1.37,200,0
RCON.US,5,20251113,174500,1.375,1.375,1.375,1.375,2100,0
RCON.US,5,20251113,175000,1.36,1.375,1.36,1.375,1997,0
RCON.US,5,20251113,180000,1.37,1.37,1.37,1.37,1014,0
RCON.US,5,20251113,181500,1.37,1.37,1.37,1.37,126,0
RCON.US,5,20251113,184500,1.37,1.37,1.37,1.37,100,0
RCON.US,5,20251113,194500,1.375,1.375,1.375,1.375,100,0
RCON.US,5,20251113,203000,1.36,1.36,1.36,1.36,151,0
RCON.US,5,20251113,205000,1.36,1.36,1.36,1.36,848,0
RCON.US,5,20251113,212000,1.35,1.35,1.35,1.35,705,0
RCON.US,5,20251114,161000,1.38,1.38,1.38,1.38,200,0
RCON.US,5,20251114,165500,1.3,1.3,1.3,1.3,650,0
RCON.US,5,20251114,180500,1.3,1.3,1.3,1.3,300,0
RCON.US,5,20251114,201500,1.32,1.32,1.32,1.32,1000,0
RCON.US,5,20251117,153000,1.25,1.3125,1.25,1.3125,7329,0
RCON.US,5,20251117,161000,1.31,1.31,1.31,1.31,1795,0
RCON.US,5,20251117,175000,1.3,1.3,1.3,1.3,100,0
RCON.US,5,20251117,192500,1.33,1.33,1.33,1.33,100,0
RCON.US,5,20251117,205500,1.3,1.3,1.29,1.29,2155,0
RCON.US,5,20251118,153000,1.25,1.25,1.23,1.23,1720,0
RCON.US,5,20251118,160500,1.25,1.25,1.25,1.25,143,0
RCON.US,5,20251118,161000,1.28,1.28,1.28,1.28,1000,0
RCON.US,5,20251118,173500,1.355,1.355,1.355,1.355,278,0
RCON.US,5,20251118,174000,1.3321,1.3321,1.3321,1.3321,112,0
RCON.US,5,20251118,215500,1.27,1.27,1.27,1.27,1830,0
RCON.US,5,20251119,181500,1.29,1.29,1.24,1.28,750,0
RCON.US,5,20251119,182000,1.2693,1.2693,1.2693,1.2693,100,0
RCON.US,5,20251119,182500,1.2858,1.2858,1.26,1.265,2500,0
RCON.US,5,20251119,185000,1.24,1.24,1.24,1.24,308,0
RCON.US,5,20251119,190000,1.2495,1.2495,1.2495,1.2495,1401,0
RCON.US,5,20251119,191000,1.24,1.24,1.24,1.24,100,0
RCON.US,5,20251119,193000,1.24,1.24,1.225,1.225,731,0
RCON.US,5,20251119,194500,1.22,1.225,1.22,1.225,200,0
RCON.US,5,20251119,195500,1.233,1.24,1.22,1.22,1489,0
RCON.US,5,20251119,202000,1.22,1.22,1.2,1.2,600,0
RCON.US,5,20251119,214500,1.2001,1.23,1.2001,1.23,656,0
RCON.US,5,20251119,215000,1.2,1.2,1.2,1.2,740,0
RCON.US,5,20251119,215500,1.22,1.22,1.2,1.2,869,0
RCON.US,5,20251120,153000,1.25,1.25,1.25,1.25,223,0
RCON.US,5,20251120,161500,1.25,1.25,1.25,1.25,100,0
RCON.US,5,20251120,165500,1.25,1.25,1.25,1.25,213,0
RCON.US,5,20251120,181000,1.202,1.202,1.202,1.202,100,0
RCON.US,5,20251120,185500,1.2,1.2,1.2,1.2,100,0
RCON.US,5,20251120,193500,1.2,1.22,1.2,1.2,4402,0
RCON.US,5,20251120,194500,1.2,1.2,1.2,1.2,100,0
RCON.US,5,20251120,195000,1.2,1.2,1.2,1.2,200,0
RCON.US,5,20251120,195500,1.2083,1.2083,1.2083,1.2083,166,0
RCON.US,5,20251120,203000,1.205,1.205,1.205,1.205,2511,0
RCON.US,5,20251120,204000,1.2,1.2,1.2,1.2,100,0
RCON.US,5,20251120,205000,1.2,1.2,1.2,1.2,200,0
RCON.US,5,20251120,211500,1.2,1.2,1.2,1.2,100,0
RCON.US,5,20251120,212000,1.2,1.2,1.19,1.19,2622,0
RCON.US,5,20251120,213000,1.2,1.2,1.2,1.2,100,0
RCON.US,5,20251120,213500,1.19,1.19,1.19,1.19,541,0
RCON.US,5,20251120,215000,1.17,1.18,1.15,1.18,4006,0
RCON.US,5,20251120,215500,1.16,1.16,1.15,1.15,971,0
RCON.US,5,20251121,180000,1.16,1.19,1.15,1.19,1810,0
RCON.US,5,20251121,180500,1.21,1.21,1.21,1.21,6701,0
RCON.US,5,20251121,194500,1.15,1.15,1.13,1.13,402,0
RCON.US,5,20251121,210000,1.2066,1.2066,1.2066,1.2066,200,0
RCON.US,5,20251121,213000,1.17,1.17,1.17,1.17,100,0
RCON.US,5,20251125,153000,1.16,1.16,1.16,1.16,222,0
RCON.US,5,20251125,211500,1.2077,1.2077,1.2077,1.2077,207,0
RCON.US,5,20251126,153000,1.17,1.2598,1.17,1.2597,1655,0
RCON.US,5,20251126,154000,1.2546,1.2546,1.25,1.25,2232,0
RCON.US,5,20251126,161000,1.25,1.28,1.25,1.26,3692,0
RCON.US,5,20251126,161500,1.3,1.3,1.3,1.3,100,0
RCON.US,5,20251126,162000,1.31,1.36,1.3,1.36,1082,0
RCON.US,5,20251126,164000,1.38,1.401,1.38,1.3934,1598,0
RCON.US,5,20251126,172000,1.4399,1.44,1.3025,1.3025,1273,0
RCON.US,5,20251126,173500,1.3,1.3,1.3,1.3,192,0
RCON.US,5,20251126,194500,1.3,1.3,1.3,1.3,441,0
RCON.US,5,20251126,202000,1.31,1.31,1.31,1.31,261,0
RCON.US,5,20251126,211500,1.2662,1.2662,1.2662,1.2662,572,0
RCON.US,5,20251126,215500,1.25,1.26,1.24,1.24,4509,0
RCON.US,5,20251128,153000,1.25,1.25,1.25,1.25,243,0
RCON.US,5,20251128,154000,1.29,1.2989,1.29,1.2989,300,0
RCON.US,5,20251128,160000,1.296,1.296,1.296,1.296,369,0
RCON.US,5,20251128,161000,1.2501,1.365,1.2501,1.365,1188,0
RCON.US,5,20251128,162000,1.44,1.44,1.44,1.44,982,0
RCON.US,5,20251128,162500,1.44,1.44,1.44,1.44,200,0
RCON.US,5,20251128,163000,1.3335,1.3335,1.3335,1.3335,100,0
RCON.US,5,20251128,171000,1.41,1.44,1.41,1.44,718,0
RCON.US,5,20251128,172500,1.431,1.431,1.43,1.43,200,0
RCON.US,5,20251128,174000,1.44,1.44,1.44,1.44,100,0
RCON.US,5,20251128,182500,1.35,1.35,1.35,1.35,126,0
RCON.US,5,20251128,185000,1.32,1.32,1.32,1.32,100,0
RCON.US,5,20251201,153000,1.32,1.32,1.28,1.28,529,0
RCON.US,5,20251201,155500,1.46,1.46,1.36,1.36,1000,0
RCON.US,5,20251201,163500,1.35,1.36,1.35,1.36,200,0
RCON.US,5,20251201,175500,1.41,1.41,1.41,1.41,1000,0
RCON.US,5,20251202,163000,1.36,1.36,1.36,1.36,100,0
RCON.US,5,20251202,200500,1.3424,1.3424,1.3424,1.3424,100,0
RCON.US,5,20251202,213500,1.32,1.32,1.32,1.32,428,0
RCON.US,5,20251203,153000,1.33,1.33,1.33,1.33,695,0
RCON.US,5,20251203,155000,1.36,1.36,1.26,1.26,2778,0
RCON.US,5,20251203,180000,1.35,1.4,1.35,1.4,2131,0
RCON.US,5,20251203,215500,1.27,1.27,1.27,1.27,100,0
RCON.US,5,20251204,153000,1.3,1.3,1.3,1.3,842,0
RCON.US,5,20251204,183500,1.313,1.313,1.313,1.313,100,0
RCON.US,5,20251204,194500,1.2676,1.2676,1.2676,1.2676,188,0
RCON.US,5,20251204,215500,1.33,1.33,1.33,1.33,100,0
RCON.US,5,20251205,153000,1.31,1.33,1.3098,1.33,1108,0
RCON.US,5,20251205,205000,1.3,1.3,1.3,1.3,180,0
RCON.US,5,20251205,211000,1.28,1.28,1.28,1.28,100,0
RCON.US,5,20251205,215000,1.3654,1.3654,1.3654,1.3654,1000,0
RCON.US,5,20251205,215500,1.31,1.32,1.3,1.3,1307,0
RCON.US,5,20251208,160000,1.3101,1.3101,1.31,1.31,690,0
RCON.US,5,20251208,163500,1.31,1.31,1.31,1.31,100,0
RCON.US,5,20251208,200000,1.35,1.35,1.35,1.35,100,0
RCON.US,5,20251208,200500,1.405,1.405,1.405,1.405,209,0
RCON.US,5,20251208,204500,1.405,1.405,1.405,1.405,129,0
RCON.US,5,20251208,205000,1.42,1.42,1.42,1.42,2368,0
RCON.US,5,20251208,210500,1.31,1.31,1.31,1.31,100,0
RCON.US,5,20251208,215500,1.31,1.31,1.31,1.31,103,0
RCON.US,5,20251209,154000,1.3,1.3,1.3,1.3,1500,0
RCON.US,5,20251209,173000,1.355,1.355,1.31,1.31,300,0
RCON.US,5,20251209,180000,1.31,1.32,1.3,1.3,13933,0
RCON.US,5,20251209,182500,1.4,1.4,1.4,1.4,400,0
RCON.US,5,20251209,215500,1.31,1.31,1.31,1.31,174,0
RCON.US,5,20251210,153000,1.31,1.42,1.31,1.42,1043,0
RCON.US,5,20251210,163000,1.42,1.42,1.42,1.42,849,0
RCON.US,5,20251210,164500,1.4199,1.4199,1.4199,1.4199,200,0
RCON.US,5,20251210,184500,1.41,1.42,1.38,1.38,15170,0
RCON.US,5,20251210,185000,1.36,1.36,1.35,1.35,5085,0
RCON.US,5,20251210,192500,1.365,1.365,1.365,1.365,2066,0
RCON.US,5,20251210,215500,1.37,1.38,1.36,1.36,756,0
RCON.US,5,20251211,153000,1.42,1.42,1.38,1.38,803,0
RCON.US,5,20251211,185000,1.39,1.395,1.36,1.39,15005,0
RCON.US,5,20251211,185500,1.32,1.365,1.3,1.3,31106,0
RCON.US,5,20251211,213000,1.31,1.31,1.31,1.31,999,0
RCON.US,5,20251211,215500,1.31,1.31,1.3,1.3,260,0
RCON.US,5,20251212,173500,1.3456,1.3456,1.3456,1.3456,123,0
RCON.US,5,20251212,184500,1.35,1.35,1.35,1.35,104,0
RCON.US,5,20251212,192000,1.415,1.415,1.415,1.415,526,0
RCON.US,5,20251212,194000,1.388,1.388,1.388,1.388,120,0
RCON.US,5,20251212,215500,1.37,1.37,1.37,1.37,100,0
RCON.US,5,20251215,153000,1.37,1.37,1.37,1.37,226,0
RCON.US,5,20251215,162000,1.37,1.37,1.37,1.37,100,0
RCON.US,5,20251215,192500,1.4,1.4028,1.37,1.37,763,0
RCON.US,5,20251215,193000,1.37,1.37,1.37,1.37,1000,0
RCON.US,5,20251215,193500,1.37,1.37,1.36,1.37,1399,0
RCON.US,5,20251215,211000,1.36,1.36,1.36,1.36,115,0
RCON.US,5,20251215,215500,1.3734,1.3734,1.36,1.36,325,0
RCON.US,5,20251216,154500,1.36,1.37,1.36,1.37,200,0
RCON.US,5,20251216,164500,1.36,1.36,1.32,1.36,1610,0
RCON.US,5,20251216,191500,1.4599,1.4599,1.4599,1.4599,100,0
RCON.US,5,20251216,193000,1.36,1.41,1.36,1.36,1422,0
RCON.US,5,20251216,214500,1.4,1.4,1.4,1.4,150,0
RCON.US,5,20251217,205000,1.36,1.36,1.36,1.36,100,0
RCON.US,5,20251217,211500,1.4,1.4,1.4,1.4,238,0
RCON.US,5,20251217,212000,1.43,1.46,1.43,1.445,5485,0
RCON.US,5,20251217,213500,1.44,1.44,1.44,1.44,617,0
RCON.US,5,20251217,215500,1.4342,1.445,1.43,1.43,1104,0
RCON.US,5,20251218,173500,1.4299,1.4299,1.4299,1.4299,593,0
RCON.US,5,20251218,183500,1.36,1.36,1.36,1.36,103,0
RCON.US,5,20251218,193000,1.37,1.395,1.36,1.395,4494,0
RCON.US,5,20251218,204500,1.4,1.4,1.4,1.4,251,0
RCON.US,5,20251218,215500,1.36,1.36,1.36,1.36,200,0
RCON.US,5,20251219,153000,1.36,1.36,1.36,1.36,114,0
RCON.US,5,20251219,153500,1.41,1.41,1.41,1.41,101,0
RCON.US,5,20251219,171500,1.36,1.36,1.36,1.36,500,0
RCON.US,5,20251219,174000,1.36,1.36,1.36,1.36,100,0
RCON.US,5,20251219,181000,1.36,1.38,1.36,1.36,1028,0
RCON.US,5,20251219,214000,1.36,1.36,1.36,1.36,148,0
RCON.US,5,20251219,215500,1.36,1.36,1.36,1.36,357,0
RCON.US,5,20251222,153000,1.37,1.41,1.37,1.41,4026,0
RCON.US,5,20251222,153500,1.4093,1.4093,1.4093,1.4093,100,0
RCON.US,5,20251222,154500,1.36,1.36,1.36,1.36,100,0
RCON.US,5,20251222,163000,1.3601,1.3601,1.36,1.36,3495,0
RCON.US,5,20251222,165500,1.32,1.32,1.32,1.32,250,0
RCON.US,5,20251222,170000,1.41,1.41,1.33,1.37,900,0
RCON.US,5,20251222,170500,1.4237,1.4237,1.33,1.33,397,0
RCON.US,5,20251222,172500,1.33,1.33,1.28,1.28,4428,0
RCON.US,5,20251222,173000,1.3,1.3,1.282,1.282,300,0
RCON.US,5,20251222,173500,1.3,1.3,1.3,1.3,107,0
RCON.US,5,20251222,180500,1.3,1.3,1.3,1.3,100,0
RCON.US,5,20251222,181500,1.3159,1.3159,1.3159,1.3159,167,0
RCON.US,5,20251222,184000,1.3,1.3,1.3,1.3,233,0
RCON.US,5,20251222,190500,1.29,1.29,1.29,1.29,100,0
RCON.US,5,20251222,202000,1.3,1.3,1.3,1.3,125,0
RCON.US,5,20251222,203000,1.29,1.29,1.28,1.28,837,0
RCON.US,5,20251222,205500,1.28,1.28,1.28,1.28,263,0
RCON.US,5,20251222,214500,1.29,1.29,1.29,1.29,2000,0
RCON.US,5,20251222,215000,1.27,1.27,1.27,1.27,397,0
RCON.US,5,20251222,215500,1.27,1.27,1.25,1.25,770,0
RCON.US,5,20251223,160000,1.28,1.28,1.28,1.28,140,0
RCON.US,5,20251223,161500,1.25,1.26,1.25,1.26,1269,0
RCON.US,5,20251223,163000,1.28,1.28,1.28,1.28,151,0
RCON.US,5,20251223,172500,1.3,1.4,1.3,1.4,4278,0
RCON.US,5,20251223,173000,1.38,1.4,1.32,1.4,5385,0
RCON.US,5,20251223,173500,1.33,1.44,1.33,1.38,10125,0
RCON.US,5,20251223,174000,1.39,1.41,1.37,1.37,1845,0
RCON.US,5,20251223,174500,1.37,1.41,1.35,1.36,1773,0
RCON.US,5,20251223,175000,1.35,1.41,1.35,1.36,1973,0
RCON.US,5,20251223,180500,1.35,1.35,1.35,1.35,508,0
RCON.US,5,20251223,182500,1.34,1.34,1.34,1.34,100,0
RCON.US,5,20251223,183000,1.35,1.35,1.34,1.34,200,0
RCON.US,5,20251223,185000,1.34,1.34,1.32,1.32,7833,0
RCON.US,5,20251223,191000,1.36,1.36,1.36,1.36,568,0
RCON.US,5,20251223,202500,1.2601,1.305,1.26,1.26,1450,0
RCON.US,5,20251224,155500,1.27,1.27,1.27,1.27,755,0
RCON.US,5,20251224,171000,1.27,1.3,1.27,1.28,1268,0
RCON.US,5,20251224,171500,1.29,1.29,1.29,1.29,100,0
RCON.US,5,20251224,172500,1.29,1.29,1.29,1.29,100,0
RCON.US,5,20251224,180500,1.28,1.28,1.28,1.28,100,0
RCON.US,5,20251224,182000,1.26,1.26,1.26,1.26,100,0
RCON.US,5,20251224,185500,1.26,1.26,1.26,1.26,100,0
RCON.US,5,20251226,153000,1.29,1.29,1.29,1.29,399,0
RCON.US,5,20251226,154000,1.3981,1.3981,1.3981,1.3981,400,0
RCON.US,5,20251226,160000,1.32,1.32,1.32,1.32,500,0
RCON.US,5,20251226,161000,1.2401,1.2401,1.2401,1.2401,130,0
RCON.US,5,20251226,162000,1.27,1.27,1.27,1.27,100,0
RCON.US,5,20251226,172000,1.308,1.308,1.308,1.308,306,0
RCON.US,5,20251226,190500,1.33,1.33,1.33,1.33,175,0
RCON.US,5,20251226,193500,1.33,1.34,1.3,1.32,400,0
RCON.US,5,20251226,194000,1.36,1.44,1.33,1.38,6900,0
RCON.US,5,20251226,194500,1.36,1.36,1.34,1.34,600,0
RCON.US,5,20251226,195500,1.35,1.35,1.35,1.35,521,0
RCON.US,5,20251226,200000,1.4,1.4,1.35,1.35,2621,0
RCON.US,5,20251226,200500,1.3516,1.365,1.32,1.365,1920,0
RCON.US,5,20251226,201000,1.35,1.3501,1.35,1.3501,200,0
RCON.US,5,20251226,203000,1.32,1.32,1.32,1.32,300,0
RCON.US,5,20251226,205500,1.3,1.3,1.3,1.3,100,0
RCON.US,5,20251226,215000,1.35,1.35,1.35,1.35,1000,0
RCON.US,5,20251226,215500,1.37,1.41,1.35,1.38,1100,0
RCON.US,5,20251229,154500,1.32,1.32,1.32,1.32,500,0
RCON.US,5,20251229,155500,1.32,1.32,1.32,1.32,2994,0
RCON.US,5,20251229,161500,1.32,1.32,1.31,1.31,1149,0
RCON.US,5,20251229,163000,1.35,1.35,1.35,1.35,400,0
RCON.US,5,20251229,163500,1.31,1.31,1.3,1.31,1681,0
RCON.US,5,20251229,170500,1.35,1.35,1.35,1.35,278,0
RCON.US,5,20251229,171000,1.3345,1.3345,1.3345,1.3345,214,0
RCON.US,5,20251229,175500,1.3,1.32,1.3,1.31,468,0
RCON.US,5,20251229,181000,1.31,1.31,1.31,1.31,100,0
RCON.US,5,20251229,195500,1.3101,1.3101,1.3101,1.3101,100,0
RCON.US,5,20251229,201000,1.365,1.365,1.365,1.365,115,0
RCON.US,5,20251230,153000,1.4,1.4,1.4,1.4,2001,0
RCON.US,5,20251230,153500,1.435,1.435,1.435,1.435,1000,0
RCON.US,5,20251230,154000,1.44,1.65,1.4376,1.5828,15734,0
RCON.US,5,20251230,154500,1.61,1.65,1.57,1.57,6425,0
RCON.US,5,20251230,155000,1.56,1.63,1.56,1.56,5217,0
RCON.US,5,20251230,160000,1.59,1.59,1.59,1.59,600,0
RCON.US,5,20251230,160500,1.5791,1.5791,1.5791,1.5791,100,0
RCON.US,5,20251230,161000,1.59,1.61,1.59,1.6,720,0
RCON.US,5,20251230,161500,1.6,1.6,1.6,1.6,100,0
RCON.US,5,20251230,162000,1.57,1.57,1.57,1.57,3477,0
RCON.US,5,20251230,162500,1.52,1.535331,1.52,1.535331,917,0
RCON.US,5,20251230,163000,1.57,1.57,1.56,1.56,281,0
RCON.US,5,20251230,164500,1.57,1.57,1.52,1.52,200,0
RCON.US,5,20251230,165000,1.52,1.52,1.4,1.4,11463,0
RCON.US,5,20251230,165500,1.41,1.4903,1.41,1.4903,3646,0
RCON.US,5,20251230,170000,1.45,1.45,1.45,1.45,5000,0
RCON.US,5,20251230,171000,1.445,1.445,1.445,1.445,300,0
RCON.US,5,20251230,172000,1.48,1.48,1.47,1.47,312,0
RCON.US,5,20251230,173500,1.48,1.526,1.47,1.526,1413,0
RCON.US,5,20251230,174000,1.55,1.55,1.52,1.52,1627,0
RCON.US,5,20251230,175500,1.5434,1.55,1.54,1.55,6598,0
RCON.US,5,20251230,181000,1.55,1.57,1.55,1.57,300,0
RCON.US,5,20251230,182500,1.56,1.56,1.56,1.56,278,0
RCON.US,5,20251230,183000,1.57,1.57,1.56,1.56,328,0
RCON.US,5,20251230,183500,1.59,1.59,1.59,1.59,200,0
RCON.US,5,20251230,184000,1.58,1.58,1.58,1.58,401,0
RCON.US,5,20251230,190000,1.535,1.57,1.535,1.57,400,0
RCON.US,5,20251230,190500,1.53,1.53,1.53,1.53,200,0
RCON.US,5,20251230,192500,1.56,1.57,1.54,1.57,3240,0
RCON.US,5,20251230,193000,1.57,1.57,1.56,1.56,1587,0
RCON.US,5,20251230,194000,1.57,1.57,1.57,1.57,200,0
RCON.US,5,20251230,201000,1.57,1.57,1.57,1.57,320,0
RCON.US,5,20251230,202000,1.57,1.57,1.57,1.57,100,0
RCON.US,5,20251230,210500,1.56,1.56,1.56,1.56,2000,0
RCON.US,5,20251230,214500,1.52,1.52,1.52,1.52,100,0
RCON.US,5,20251230,215000,1.55,1.56,1.5424,1.5424,2588,0
RCON.US,5,20251230,215500,1.54,1.54,1.51,1.53,1634,0
RCON.US,5,20251231,153000,1.49,1.54,1.41,1.54,7290,0
RCON.US,5,20251231,154500,1.53,1.53,1.53,1.53,100,0
RCON.US,5,20251231,155000,1.53,1.54,1.53,1.54,499,0
RCON.US,5,20251231,160000,1.6548,1.6548,1.6548,1.6548,500,0
RCON.US,5,20251231,161500,1.53,1.53,1.53,1.53,258,0
RCON.US,5,20251231,162000,1.53,1.53,1.5,1.5,1200,0
RCON.US,5,20251231,165000,1.55,1.55,1.55,1.55,100,0
RCON.US,5,20251231,180500,1.51,1.51,1.51,1.51,278,0
RCON.US,5,20251231,194500,1.56,1.56,1.56,1.56,223,0
RCON.US,5,20251231,200000,1.62,1.62,1.62,1.62,100,0
RCON.US,5,20251231,205500,1.57,1.57,1.57,1.57,410,0
RCON.US,5,20251231,212000,1.6,1.6,1.6,1.6,100,0
RCON.US,5,20251231,215500,1.58,1.58,1.58,1.58,100,0
RCON.US,5,20260102,153000,1.56,1.56,1.56,1.56,111,0
RCON.US,5,20260102,155500,1.56,1.56,1.56,1.56,100,0
RCON.US,5,20260102,164000,1.5053,1.5053,1.5053,1.5053,178,0
RCON.US,5,20260102,192500,1.545,1.545,1.545,1.545,681,0
RCON.US,5,20260102,194500,1.5485,1.5485,1.5485,1.5485,289,0
RCON.US,5,20260102,195000,1.5633,1.5633,1.5633,1.5633,500,0
RCON.US,5,20260102,201000,1.58,1.58,1.58,1.58,100,0
RCON.US,5,20260102,201500,1.58,1.58,1.58,1.58,124,0
RCON.US,5,20260102,203000,1.59,1.59,1.59,1.59,100,0
RCON.US,5,20260102,205500,1.555,1.555,1.555,1.555,100,0
RCON.US,5,20260102,212000,1.59,1.59,1.59,1.59,100,0
RCON.US,5,20260102,215000,1.55,1.55,1.55,1.55,100,0
RCON.US,5,20260105,153000,1.64,1.64,1.64,1.64,554,0
RCON.US,5,20260105,161000,1.62,1.62,1.62,1.62,100,0
RCON.US,5,20260105,183500,1.6,1.6,1.6,1.6,120,0
RCON.US,5,20260105,185000,1.6,1.6,1.6,1.6,946,0
RCON.US,5,20260105,190500,1.58,1.58,1.58,1.58,200,0
RCON.US,5,20260105,192000,1.63,1.63,1.63,1.63,100,0
RCON.US,5,20260105,192500,1.592,1.592,1.59,1.59,969,0
RCON.US,5,20260105,193000,1.55,1.55,1.55,1.55,187,0
RCON.US,5,20260106,153000,1.6,1.6,1.6,1.6,175,0
RCON.US,5,20260106,162500,1.5801,1.5801,1.5801,1.5801,1000,0
RCON.US,5,20260106,164500,1.59,1.59,1.59,1.59,100,0
RCON.US,5,20260106,165000,1.6034,1.6034,1.6034,1.6034,302,0
RCON.US,5,20260106,170000,1.6,1.6,1.6,1.6,391,0
RCON.US,5,20260106,172000,1.62,1.62,1.62,1.62,100,0
RCON.US,5,20260106,172500,1.5963,1.5963,1.56,1.58,2600,0
RCON.US,5,20260106,182000,1.5405,1.5405,1.5405,1.5405,104,0
RCON.US,5,20260106,193500,1.6,1.6,1.6,1.6,100,0
RCON.US,5,20260106,202000,1.61,1.61,1.61,1.61,100,0
RCON.US,5,20260106,211000,1.585,1.585,1.585,1.585,500,0
RCON.US,5,20260106,214500,1.62,1.62,1.62,1.62,100,0
RCON.US,5,20260107,153000,1.62,1.62,1.62,1.62,571,0
RCON.US,5,20260107,155000,1.596,1.596,1.596,1.596,200,0
RCON.US,5,20260107,160000,1.61,1.61,1.61,1.61,100,0
RCON.US,5,20260107,160500,1.6,1.64,1.6,1.633,2901,0
RCON.US,5,20260107,161000,1.63,1.63,1.6264,1.63,5247,0
RCON.US,5,20260107,161500,1.5996,1.5996,1.5996,1.5996,550,0
RCON.US,5,20260107,165500,1.67,1.67,1.67,1.67,100,0
RCON.US,5,20260107,170000,1.67,1.67,1.67,1.67,641,0
RCON.US,5,20260107,173000,1.6614,1.6614,1.6614,1.6614,150,0
RCON.US,5,20260107,173500,1.67,1.67,1.67,1.67,100,0
RCON.US,5,20260107,183500,1.635,1.635,1.635,1.635,100,0
RCON.US,5,20260107,184000,1.66,1.66,1.66,1.66,100,0
RCON.US,5,20260107,185000,1.635,1.635,1.58,1.6,4602,0
RCON.US,5,20260107,215500,1.64,1.64,1.64,1.64,416,0
RCON.US,5,20260108,160000,1.6,1.6,1.6,1.6,200,0
RCON.US,5,20260108,160500,1.58,1.58,1.57,1.57,710,0
RCON.US,5,20260108,161000,1.57,1.57,1.57,1.57,554,0
RCON.US,5,20260108,163000,1.5763,1.5763,1.5763,1.5763,1500,0
RCON.US,5,20260108,163500,1.5766,1.5766,1.5766,1.5766,1500,0
RCON.US,5,20260108,170500,1.58,1.58,1.58,1.58,100,0
RCON.US,5,20260108,172500,1.57,1.58,1.57,1.57,4000,0
RCON.US,5,20260108,181000,1.6,1.6,1.57,1.575,3512,0
RCON.US,5,20260108,183000,1.56,1.56,1.56,1.56,100,0
RCON.US,5,20260108,184000,1.55,1.55,1.53,1.53,300,0
RCON.US,5,20260108,190500,1.56,1.56,1.56,1.56,100,0
RCON.US,5,20260108,201000,1.55,1.55,1.55,1.55,100,0
RCON.US,5,20260108,210000,1.51,1.51,1.51,1.51,100,0
RCON.US,5,20260108,214500,1.52,1.52,1.52,1.52,100,0
RCON.US,5,20260108,215500,1.565,1.565,1.54,1.5412,400,0
