<TICKER>,<PER>,<DATE>,<TIME>,<OPEN>,<HIGH>,<LOW>,<CLOSE>,<VOL>,<OPENINT>
RTYY.US,5,20251202,171500,25.02,25.02,25.02,25.02,250,0
RTYY.US,5,20251202,172000,24.96,24.96,24.9599,24.9599,200,0
RTYY.US,5,20251202,183000,25.18,25.18,25.18,25.18,200,0
RTYY.US,5,20251203,154500,24.7591,24.7591,24.7591,24.7591,100,0
RTYY.US,5,20251203,162000,24.61,24.61,24.61,24.61,100,0
RTYY.US,5,20251203,165000,24.6975,24.6975,24.6975,24.6975,400,0
RTYY.US,5,20251203,173000,24.84,24.84,24.84,24.84,100,0
RTYY.US,5,20251203,193500,24.95,24.95,24.95,24.95,100,0
RTYY.US,5,20251203,205000,25.08,25.08,25.07,25.08,300,0
RTYY.US,5,20251204,153000,25.04,25.0986,24.948,25.0986,531,0
RTYY.US,5,20251204,154000,25.08,25.11,25.029,25.1099,1420,0
RTYY.US,5,20251204,154500,25.1,25.12,25.03,25.12,675,0
RTYY.US,5,20251204,155500,25.01,25.01,25.01,25.01,100,0
RTYY.US,5,20251204,163500,25.22,25.22,25.1955,25.1955,200,0
RTYY.US,5,20251204,170000,25.2477,25.2477,25.2477,25.2477,300,0
RTYY.US,5,20251204,174500,25.2199,25.22,25.2199,25.22,200,0
RTYY.US,5,20251204,175000,25.23,25.23,25.23,25.23,125,0
RTYY.US,5,20251204,175500,25.225,25.225,25.225,25.225,112,0
RTYY.US,5,20251204,180000,25.23,25.238,25.2299,25.2299,3230,0
RTYY.US,5,20251204,180500,25.22,25.22,25.22,25.22,142,0
RTYY.US,5,20251204,182000,25.15,25.15,25.15,25.15,100,0
RTYY.US,5,20251204,184000,25.19,25.19,25.1697,25.1697,200,0
RTYY.US,5,20251204,184500,25.17,25.17,25.17,25.17,101,0
RTYY.US,5,20251204,185500,25.2193,25.2193,25.2193,25.2193,130,0
RTYY.US,5,20251204,190000,25.2194,25.229,25.2194,25.229,333,0
RTYY.US,5,20251204,190500,25.23,25.23,25.23,25.23,266,0
RTYY.US,5,20251204,191000,25.2278,25.2278,25.2278,25.2278,140,0
RTYY.US,5,20251204,191500,25.2599,25.2599,25.2599,25.2599,120,0
RTYY.US,5,20251204,192000,25.2335,25.2335,25.2335,25.2335,105,0
RTYY.US,5,20251204,194000,25.26,25.26,25.26,25.26,600,0
RTYY.US,5,20251204,195000,25.2667,25.2667,25.2667,25.2667,2372,0
RTYY.US,5,20251204,200500,25.23,25.23,25.23,25.23,350,0
RTYY.US,5,20251204,201000,25.23,25.23,25.22,25.22,200,0
RTYY.US,5,20251204,203000,25.1484,25.21,25.02,25.21,1050,0
RTYY.US,5,20251204,203500,25.1775,25.1775,25.1775,25.1775,200,0
RTYY.US,5,20251204,210500,25.4,25.4,25.35,25.35,886,0
RTYY.US,5,20251204,211500,25.38,25.38,25.35,25.35,1056,0
RTYY.US,5,20251204,212500,25.34,25.38,25.3037,25.3037,476,0
RTYY.US,5,20251204,213000,25.3399,25.34,25.3399,25.34,200,0
RTYY.US,5,20251204,213500,25.38,25.38,25.28,25.34,9424,0
RTYY.US,5,20251204,214500,25.28,25.28,25.28,25.28,900,0
RTYY.US,5,20251204,215000,25.2125,25.2125,25.2125,25.2125,250,0
RTYY.US,5,20251204,215500,25.19,25.2,25.179,25.193,1976,0
RTYY.US,5,20251205,153000,24.3,24.3,23.81,24.008,1923,0
RTYY.US,5,20251205,153500,24,24,23.8015,23.83,500,0
RTYY.US,5,20251205,161000,24.24,24.24,24.24,24.24,334,0
RTYY.US,5,20251205,162500,24.17,24.17,24.17,24.17,100,0
RTYY.US,5,20251205,163500,24.21,24.21,24.21,24.21,212,0
RTYY.US,5,20251205,164000,24.13,24.13,24.13,24.13,100,0
RTYY.US,5,20251205,170500,23.9,23.9,23.9,23.9,100,0
RTYY.US,5,20251205,180500,23.86,23.86,23.86,23.86,149,0
RTYY.US,5,20251205,204500,23.9438,23.9438,23.9438,23.9438,230,0
RTYY.US,5,20251205,205500,23.998,23.998,23.99,23.9901,500,0
RTYY.US,5,20251205,210000,24.12,24.12,24.12,24.12,200,0
RTYY.US,5,20251205,213000,24.1,24.1,24.01,24.01,400,0
RTYY.US,5,20251208,153000,24.07,24.07,24.07,24.07,330,0
RTYY.US,5,20251208,153500,24.11,24.11,23.591,23.6,3573,0
RTYY.US,5,20251208,155000,24.1,24.1,24.1,24.1,195,0
RTYY.US,5,20251208,160000,23.98,23.98,23.98,23.98,200,0
RTYY.US,5,20251208,163500,23.8726,23.8726,23.8726,23.8726,550,0
RTYY.US,5,20251208,164000,23.88,23.88,23.88,23.88,200,0
RTYY.US,5,20251208,165500,23.88,23.88,23.88,23.88,200,0
RTYY.US,5,20251208,175500,24.5094,24.5094,24.4785,24.4785,383,0
RTYY.US,5,20251208,180000,24.51,24.51,24.415,24.47,440,0
RTYY.US,5,20251208,181000,24.31,24.31,24.31,24.31,100,0
RTYY.US,5,20251208,181500,24.2,24.2,24.2,24.2,100,0
RTYY.US,5,20251208,184000,23.9172,23.9172,23.9172,23.9172,2372,0
RTYY.US,5,20251208,190500,24.13,24.13,24.13,24.13,100,0
RTYY.US,5,20251208,195000,23.78,23.78,23.78,23.78,100,0
RTYY.US,5,20251208,203000,23.83,23.84,23.83,23.84,200,0
RTYY.US,5,20251208,204500,23.719,23.719,23.71,23.71,310,0
RTYY.US,5,20251208,210500,23.77,23.77,23.77,23.77,100,0
RTYY.US,5,20251208,214500,23.43,23.43,23.43,23.43,100,0
RTYY.US,5,20251209,153000,23.27,23.41,23.2699,23.2699,1400,0
RTYY.US,5,20251209,153500,23.52,23.53,23.5,23.5,800,0
RTYY.US,5,20251209,154000,23.3,23.3,23.2817,23.2817,900,0
RTYY.US,5,20251209,155500,23.335,23.3475,23.2401,23.3475,1078,0
RTYY.US,5,20251209,161000,23.385,23.385,23.385,23.385,200,0
RTYY.US,5,20251209,170000,23.854,23.89,23.854,23.89,300,0
RTYY.US,5,20251209,181000,24.04,24.04,24.04,24.04,100,0
RTYY.US,5,20251209,190000,23.955,23.99,23.955,23.99,500,0
RTYY.US,5,20251209,195000,24.08,24.08,23.96,23.96,5669,0
RTYY.US,5,20251209,201000,23.93,23.93,23.91,23.91,700,0
RTYY.US,5,20251209,202000,23.97,23.9701,23.92,23.9701,726,0
RTYY.US,5,20251209,202500,24.055,24.055,24.055,24.055,396,0
RTYY.US,5,20251209,213000,23.98,24,23.98,24,200,0
RTYY.US,5,20251210,160500,23.8499,23.8499,23.8499,23.8499,212,0
RTYY.US,5,20251210,161500,23.855,23.855,23.82,23.82,349,0
RTYY.US,5,20251210,165000,23.77,23.77,23.77,23.77,100,0
RTYY.US,5,20251210,170000,23.77,23.77,23.77,23.77,100,0
RTYY.US,5,20251210,171000,23.89,23.89,23.88,23.89,300,0
RTYY.US,5,20251210,180000,23.77,23.77,23.77,23.77,100,0
RTYY.US,5,20251210,182500,23.74,23.74,23.74,23.74,100,0
RTYY.US,5,20251210,183000,23.7312,23.7312,23.7312,23.7312,300,0
RTYY.US,5,20251210,184500,23.78,23.8,23.77,23.77,1100,0
RTYY.US,5,20251210,185500,23.7859,23.7859,23.7859,23.7859,110,0
RTYY.US,5,20251210,190000,23.8399,23.84,23.8399,23.84,200,0
RTYY.US,5,20251210,192000,23.83,23.83,23.83,23.83,100,0
RTYY.US,5,20251210,192500,23.7801,23.7801,23.7801,23.7801,150,0
RTYY.US,5,20251210,194000,23.845,23.845,23.845,23.845,105,0
RTYY.US,5,20251210,204000,24.14,24.14,23.96,23.96,472,0
RTYY.US,5,20251210,205500,24.04,24.049,24.04,24.049,1350,0
RTYY.US,5,20251210,210000,24.1,24.1,24.1,24.1,208,0
RTYY.US,5,20251210,211000,24.1,24.1,24.1,24.1,100,0
RTYY.US,5,20251210,212000,24.1,24.1,24.1,24.1,524,0
RTYY.US,5,20251210,215500,24.13,24.13,24.13,24.13,100,0
RTYY.US,5,20251211,154000,23.95,23.95,23.75,23.75,1497,0
RTYY.US,5,20251211,154500,23.863,23.863,23.7918,23.7918,1363,0
RTYY.US,5,20251211,155000,23.75,23.75,23.72,23.72,392,0
RTYY.US,5,20251211,155500,23.61,23.62,23.6099,23.6099,400,0
RTYY.US,5,20251211,160500,23.61,23.61,23.61,23.61,339,0
RTYY.US,5,20251211,161000,23.7391,23.7391,23.7391,23.7391,200,0
RTYY.US,5,20251211,161500,23.79,23.79,23.75,23.75,421,0
RTYY.US,5,20251211,162500,23.82,23.82,23.82,23.82,100,0
RTYY.US,5,20251211,163500,23.67,23.67,23.67,23.67,100,0
RTYY.US,5,20251211,164500,23.49,23.49,23.49,23.49,150,0
RTYY.US,5,20251211,165000,23.47,23.47,23.47,23.47,100,0
RTYY.US,5,20251211,172500,23.55,23.55,23.55,23.55,585,0
RTYY.US,5,20251211,173000,23.53,23.53,23.53,23.53,100,0
RTYY.US,5,20251211,175500,23.73,23.73,23.716,23.716,248,0
RTYY.US,5,20251211,182500,23.79,23.82,23.78,23.7899,3100,0
RTYY.US,5,20251211,184000,23.73,23.73,23.73,23.73,100,0
RTYY.US,5,20251211,191000,23.748,23.748,23.748,23.748,100,0
RTYY.US,5,20251211,192000,23.83,23.83,23.83,23.83,100,0
RTYY.US,5,20251211,194500,23.9,23.9,23.9,23.9,400,0
RTYY.US,5,20251211,195000,23.85,23.85,23.8207,23.84,300,0
RTYY.US,5,20251211,195500,23.86,23.94,23.86,23.86,6094,0
RTYY.US,5,20251211,200500,23.86,23.86,23.86,23.86,200,0
RTYY.US,5,20251211,211500,23.95,24.08,23.95,24.08,264,0
RTYY.US,5,20251211,212500,24.1,24.1,24.1,24.1,100,0
RTYY.US,5,20251211,213000,24.155,24.155,24.155,24.155,3000,0
RTYY.US,5,20251211,214000,24.2644,24.2644,24.2644,24.2644,205,0
RTYY.US,5,20251212,154000,23.7001,23.84,23.605,23.6101,2792,0
RTYY.US,5,20251212,154500,23.7203,23.7203,23.7203,23.7203,418,0
RTYY.US,5,20251212,155500,23.8262,23.86,23.8262,23.84,3100,0
RTYY.US,5,20251212,160000,23.725,23.725,23.66,23.725,840,0
RTYY.US,5,20251212,160500,23.72,23.72,23.72,23.72,100,0
RTYY.US,5,20251212,170000,23.28,23.28,23.28,23.28,100,0
RTYY.US,5,20251212,172000,23.18,23.18,23.18,23.18,100,0
RTYY.US,5,20251212,173000,23.18,23.18,23.18,23.18,100,0
RTYY.US,5,20251212,175000,23.1481,23.1481,23.1481,23.1481,100,0
RTYY.US,5,20251212,184000,23.2,23.2,23.2,23.2,585,0
RTYY.US,5,20251212,194000,23.54,23.54,23.54,23.54,3390,0
RTYY.US,5,20251212,200000,23.53,23.53,23.53,23.53,100,0
RTYY.US,5,20251212,200500,23.5,23.5,23.5,23.5,100,0
RTYY.US,5,20251215,153000,23.4,23.4,23.2,23.2,357,0
RTYY.US,5,20251215,153500,23.01,23.1,22.99,23.1,1698,0
RTYY.US,5,20251215,154000,22.91,22.9108,22.91,22.9108,880,0
RTYY.US,5,20251215,154500,22.52,22.52,22.52,22.52,1166,0
RTYY.US,5,20251215,160000,22.34,22.34,22.19,22.3,1660,0
RTYY.US,5,20251215,161500,22.03,22.03,22.03,22.03,100,0
RTYY.US,5,20251215,163500,21.8104,21.8104,21.8104,21.8104,609,0
RTYY.US,5,20251215,171000,21.92,21.92,21.92,21.92,100,0
RTYY.US,5,20251215,180000,21.72,21.72,21.72,21.72,249,0
RTYY.US,5,20251215,180500,21.7769,21.7769,21.7769,21.7769,240,0
RTYY.US,5,20251215,184500,21.734,21.734,21.734,21.734,488,0
RTYY.US,5,20251215,185500,21.7,21.7,21.7,21.7,200,0
RTYY.US,5,20251215,191500,21.67,21.67,21.6699,21.6699,200,0
RTYY.US,5,20251215,200000,21.74,21.74,21.74,21.74,200,0
RTYY.US,5,20251215,201000,21.6572,21.6572,21.6572,21.6572,208,0
RTYY.US,5,20251215,210000,21.59,21.59,21.59,21.59,200,0
RTYY.US,5,20251215,213500,21.505,21.505,21.505,21.505,132,0
RTYY.US,5,20251216,155500,21.45,21.45,21.4499,21.4499,200,0
RTYY.US,5,20251216,160000,21.46,21.46,21.46,21.46,185,0
RTYY.US,5,20251216,164500,21.34,21.419,21.34,21.34,500,0
RTYY.US,5,20251216,171500,21.34,21.34,21.34,21.34,100,0
RTYY.US,5,20251216,172500,21.27,21.27,21.27,21.27,144,0
RTYY.US,5,20251216,173000,21.27,21.287,21.27,21.287,200,0
RTYY.US,5,20251216,183500,21.265,21.265,21.265,21.265,1200,0
RTYY.US,5,20251216,193500,21.27,21.27,21.27,21.27,100,0
RTYY.US,5,20251216,200500,21.285,21.285,21.285,21.285,100,0
RTYY.US,5,20251216,203000,21.24,21.35,21.24,21.35,7616,0
RTYY.US,5,20251216,211000,21.3495,21.3495,21.3495,21.3495,451,0
RTYY.US,5,20251217,154000,21.4538,21.4538,21.4538,21.4538,104,0
RTYY.US,5,20251217,172000,21.37,21.39,21.3699,21.3699,900,0
RTYY.US,5,20251217,214000,21.25,21.25,21.25,21.25,500,0
RTYY.US,5,20251217,215500,21.245,21.245,21.245,21.245,100,0
RTYY.US,5,20251218,153000,21.47,21.47,21.47,21.47,259,0
RTYY.US,5,20251218,153500,21.4567,21.4567,21.4146,21.4146,371,0
RTYY.US,5,20251218,154000,21.49,21.49,21.42,21.42,4400,0
RTYY.US,5,20251218,154500,21.36,21.43,21.36,21.43,8364,0
RTYY.US,5,20251218,155000,21.36,21.47,21.3399,21.3399,16500,0
RTYY.US,5,20251218,155500,21.32,21.38,21.23,21.38,3200,0
RTYY.US,5,20251218,160000,21.3197,21.3197,21.3008,21.3008,4547,0
RTYY.US,5,20251218,161000,21.2534,21.27,21.2534,21.27,335,0
RTYY.US,5,20251218,162500,21.325,21.3985,21.325,21.3985,2082,0
RTYY.US,5,20251218,165500,21.46,21.46,21.46,21.46,100,0
RTYY.US,5,20251218,170000,21.4199,21.4199,21.4199,21.4199,100,0
RTYY.US,5,20251218,170500,21.3799,21.38,21.3799,21.38,250,0
RTYY.US,5,20251218,171000,21.34,21.34,21.34,21.34,100,0
RTYY.US,5,20251218,171500,21.38,21.38,21.38,21.38,100,0
RTYY.US,5,20251218,172500,21.41,21.41,21.41,21.41,173,0
RTYY.US,5,20251218,175000,21.4598,21.4598,21.4598,21.4598,4900,0
RTYY.US,5,20251218,175500,21.48,21.48,21.47,21.47,328,0
RTYY.US,5,20251218,180000,21.465,21.465,21.465,21.465,100,0
RTYY.US,5,20251218,180500,21.465,21.465,21.45,21.45,4085,0
RTYY.US,5,20251218,181000,21.4,21.4,21.4,21.4,273,0
RTYY.US,5,20251218,182500,21.4,21.4,21.4,21.4,100,0
RTYY.US,5,20251218,185000,21.5,21.5154,21.5,21.5154,240,0
RTYY.US,5,20251218,191000,21.54,21.54,21.54,21.54,100,0
RTYY.US,5,20251218,192500,21.52,21.52,21.52,21.52,100,0
RTYY.US,5,20251218,194500,21.5038,21.5038,21.49,21.49,300,0
RTYY.US,5,20251218,202000,21.48,21.48,21.4394,21.4394,1503,0
RTYY.US,5,20251218,204000,21.44,21.44,21.42,21.42,200,0
RTYY.US,5,20251218,204500,21.4,21.4,21.4,21.4,100,0
RTYY.US,5,20251218,205500,21.4,21.4,21.3901,21.3901,200,0
RTYY.US,5,20251218,210000,21.46,21.46,21.442,21.442,210,0
RTYY.US,5,20251218,212500,21.42,21.42,21.42,21.42,100,0
RTYY.US,5,20251218,213000,21.42,21.42,21.42,21.42,100,0
RTYY.US,5,20251218,214500,21.54,21.56,21.52,21.52,1751,0
RTYY.US,5,20251218,215000,21.52,21.52,21.52,21.52,100,0
RTYY.US,5,20251218,215500,21.52,21.52,21.516,21.52,1900,0
RTYY.US,5,20251219,153000,20.91,21.1105,20.7304,21.1105,10314,0
RTYY.US,5,20251219,153500,21.3,21.3,21.3,21.3,200,0
RTYY.US,5,20251219,155000,21.3,21.3,21.3,21.3,100,0
RTYY.US,5,20251219,164500,21.195,21.195,21.195,21.195,100,0
RTYY.US,5,20251219,170500,21.2122,21.24,21.18,21.24,2314,0
RTYY.US,5,20251219,172500,21.3,21.3,21.3,21.3,1299,0
RTYY.US,5,20251219,174000,21.44,21.44,21.44,21.44,200,0
RTYY.US,5,20251219,175000,21.43,21.43,21.43,21.43,100,0
RTYY.US,5,20251219,190000,21.415,21.415,21.415,21.415,8383,0
RTYY.US,5,20251219,190500,21.415,21.4151,21.37,21.3808,11029,0
RTYY.US,5,20251219,191500,21.407,21.407,21.36,21.36,9377,0
RTYY.US,5,20251219,192500,21.44,21.44,21.44,21.44,100,0
RTYY.US,5,20251219,193500,21.42,21.51,21.4001,21.4001,1605,0
RTYY.US,5,20251219,194500,21.4944,21.4944,21.465,21.465,274,0
RTYY.US,5,20251219,205500,21.57,21.57,21.57,21.57,1000,0
RTYY.US,5,20251219,212000,21.6499,21.6499,21.6499,21.6499,100,0
RTYY.US,5,20251222,153000,21.85,21.85,21.85,21.85,131,0
RTYY.US,5,20251222,153500,21.7437,21.7437,21.735,21.735,230,0
RTYY.US,5,20251222,160500,21.7466,21.7466,21.7466,21.7466,155,0
RTYY.US,5,20251222,161000,21.79,21.79,21.79,21.79,228,0
RTYY.US,5,20251222,161500,21.83,21.83,21.83,21.83,100,0
RTYY.US,5,20251222,162000,21.8013,21.8013,21.8013,21.8013,200,0
RTYY.US,5,20251222,173000,21.77,21.77,21.77,21.77,151,0
RTYY.US,5,20251222,173500,21.82,21.82,21.8199,21.8199,200,0
RTYY.US,5,20251222,174000,21.82,21.82,21.8199,21.8199,300,0
RTYY.US,5,20251222,180500,21.78,21.78,21.78,21.78,150,0
RTYY.US,5,20251222,214500,21.7373,21.7373,21.7373,21.7373,275,0
RTYY.US,5,20251222,215000,21.74,21.756,21.735,21.735,915,0
RTYY.US,5,20251223,155500,21.57,21.57,21.57,21.57,231,0
RTYY.US,5,20251223,164500,21.525,21.525,21.525,21.525,231,0
RTYY.US,5,20251223,170500,21.58,21.58,21.58,21.58,249,0
RTYY.US,5,20251223,185000,21.54,21.54,21.54,21.54,315,0
RTYY.US,5,20251223,194500,21.635,21.635,21.635,21.635,185,0
RTYY.US,5,20251224,153000,21.588,21.588,21.588,21.588,158,0
RTYY.US,5,20251224,153500,21.5499,21.5499,21.5499,21.5499,116,0
RTYY.US,5,20251224,154000,21.5,21.5,21.5,21.5,100,0
RTYY.US,5,20251224,160000,21.5451,21.5451,21.5154,21.5154,255,0
RTYY.US,5,20251224,160500,21.5094,21.5094,21.5094,21.5094,750,0
RTYY.US,5,20251224,161500,21.4601,21.4601,21.4601,21.4601,116,0
RTYY.US,5,20251224,162500,21.54,21.54,21.54,21.54,100,0
RTYY.US,5,20251224,163500,21.62,21.63,21.5,21.5,3489,0
RTYY.US,5,20251224,170000,21.62,21.62,21.62,21.62,100,0
RTYY.US,5,20251224,170500,21.5635,21.64,21.5635,21.59,1255,0
RTYY.US,5,20251224,171000,21.64,21.64,21.64,21.64,100,0
RTYY.US,5,20251224,173500,21.68,21.68,21.633,21.633,225,0
RTYY.US,5,20251224,175000,21.67,21.67,21.67,21.67,100,0
RTYY.US,5,20251224,182500,21.71,21.71,21.71,21.71,100,0
RTYY.US,5,20251224,184500,21.72,21.72,21.72,21.72,201,0
RTYY.US,5,20251224,185000,21.72,21.72,21.72,21.72,1000,0
RTYY.US,5,20251224,185500,21.72,21.74,21.72,21.74,217,0
RTYY.US,5,20251226,153000,21.01,21.01,21,21,6493,0
RTYY.US,5,20251226,154500,20.4593,20.4593,20.45,20.45,457,0
RTYY.US,5,20251226,163500,20.68,20.68,20.68,20.68,100,0
RTYY.US,5,20251226,165000,20.6825,20.6825,20.6825,20.6825,120,0
RTYY.US,5,20251226,172500,20.7,20.7,20.7,20.7,100,0
RTYY.US,5,20251226,173000,20.7,20.7,20.7,20.7,100,0
RTYY.US,5,20251226,173500,20.6984,20.6984,20.6984,20.6984,200,0
RTYY.US,5,20251226,182000,20.7187,20.7187,20.7187,20.7187,128,0
RTYY.US,5,20251226,182500,20.72,20.72,20.7199,20.7199,300,0
RTYY.US,5,20251226,203000,20.72,20.72,20.72,20.72,200,0
RTYY.US,5,20251226,203500,20.74,20.74,20.74,20.74,100,0
RTYY.US,5,20251226,204000,20.74,20.74,20.74,20.74,100,0
RTYY.US,5,20251226,204500,20.75,20.75,20.75,20.75,100,0
RTYY.US,5,20251226,205000,20.72,20.72,20.72,20.72,100,0
RTYY.US,5,20251226,211500,20.5416,20.5416,20.5416,20.5416,300,0
RTYY.US,5,20251229,153500,20.39,20.39,20.39,20.39,110,0
RTYY.US,5,20251229,155000,20.5974,20.5974,20.5876,20.5876,1070,0
RTYY.US,5,20251229,160000,20.47,20.47,20.47,20.47,2840,0
RTYY.US,5,20251229,160500,20.4148,20.4148,20.4148,20.4148,100,0
RTYY.US,5,20251229,161000,20.47,20.47,20.47,20.47,100,0
RTYY.US,5,20251229,161500,20.45,20.45,20.45,20.45,1909,0
RTYY.US,5,20251229,162000,20.45,20.45,20.45,20.45,100,0
RTYY.US,5,20251229,162500,20.4461,20.4461,20.4461,20.4461,100,0
RTYY.US,5,20251229,163000,20.38,20.42,20.3,20.42,825,0
RTYY.US,5,20251229,165000,20.32,20.32,20.32,20.32,122,0
RTYY.US,5,20251229,170500,20.35,20.3794,20.335,20.36,4029,0
RTYY.US,5,20251229,180500,20.32,20.32,20.32,20.32,100,0
RTYY.US,5,20251229,190500,20.26,20.26,20.26,20.26,183,0
RTYY.US,5,20251229,191000,20.22,20.22,20.22,20.22,493,0
RTYY.US,5,20251229,193000,20.23,20.23,20.23,20.23,100,0
RTYY.US,5,20251229,193500,20.2,20.2,20.2,20.2,460,0
RTYY.US,5,20251229,213500,20.235,20.235,20.235,20.235,100,0
RTYY.US,5,20251230,153000,19.18,19.18,19.07,19.07,1103,0
RTYY.US,5,20251230,154500,19.136,19.136,19.136,19.136,150,0
RTYY.US,5,20251230,160000,19.1769,19.1769,19.1769,19.1769,710,0
RTYY.US,5,20251230,161500,19.15,19.15,19.15,19.15,100,0
RTYY.US,5,20251230,163000,19.18,19.18,19.1449,19.1449,1335,0
RTYY.US,5,20251230,164000,19.18,19.18,19.1552,19.1552,400,0
RTYY.US,5,20251230,164500,19.1592,19.1592,19.1592,19.1592,238,0
RTYY.US,5,20251230,171000,19.0989,19.0989,19.0989,19.0989,184,0
RTYY.US,5,20251230,173500,19.09,19.09,19.09,19.09,480,0
RTYY.US,5,20251230,174000,19.18,19.18,19.1575,19.1575,600,0
RTYY.US,5,20251230,174500,19.18,19.18,19.14,19.1552,1246,0
RTYY.US,5,20251230,180000,19.18,19.18,19.18,19.18,100,0
RTYY.US,5,20251230,193000,19.07,19.07,19.07,19.07,498,0
RTYY.US,5,20251230,193500,19.07,19.07,19.07,19.07,134,0
RTYY.US,5,20251230,200500,19.07,19.07,19.07,19.07,200,0
RTYY.US,5,20251230,201000,19.07,19.0872,19.0601,19.0872,3338,0
RTYY.US,5,20251230,211500,19.11,19.11,19.11,19.11,261,0
RTYY.US,5,20251230,212000,19.1298,19.1298,19.1298,19.1298,100,0
RTYY.US,5,20251230,215000,19.138,19.138,19.138,19.138,200,0
RTYY.US,5,20251231,154000,19.1347,19.1347,19.1347,19.1347,105,0
RTYY.US,5,20251231,154500,19.1599,19.1599,19.1599,19.1599,261,0
RTYY.US,5,20251231,160000,19.16,19.16,19.16,19.16,100,0
RTYY.US,5,20251231,161500,19.1341,19.1341,19.1302,19.1302,440,0
RTYY.US,5,20251231,162500,19.16,19.16,19.16,19.16,100,0
RTYY.US,5,20251231,163000,19.13,19.13,19.13,19.13,200,0
RTYY.US,5,20251231,164500,19.1525,19.1525,19.1489,19.1489,298,0
RTYY.US,5,20251231,170000,19.16,19.16,19.16,19.16,100,0
RTYY.US,5,20251231,170500,19.151,19.151,19.151,19.151,100,0
RTYY.US,5,20251231,171500,19.16,19.16,19.16,19.16,100,0
RTYY.US,5,20251231,173500,19.16,19.16,19.16,19.16,100,0
RTYY.US,5,20251231,175500,19.16,19.16,19.16,19.16,100,0
RTYY.US,5,20251231,181000,19.16,19.16,19.16,19.16,100,0
RTYY.US,5,20251231,182500,19.155,19.155,19.155,19.155,105,0
RTYY.US,5,20251231,185000,19.16,19.16,19.1599,19.1599,1000,0
RTYY.US,5,20251231,192500,19.1556,19.1556,19.1556,19.1556,100,0
RTYY.US,5,20251231,194000,19.1545,19.1545,19.1545,19.1545,250,0
RTYY.US,5,20251231,195000,19.16,19.16,19.16,19.16,320,0
RTYY.US,5,20251231,195500,19.16,19.16,19.16,19.16,203,0
RTYY.US,5,20251231,201000,19.16,19.16,19.1538,19.1538,1946,0
RTYY.US,5,20251231,202000,19.1598,19.16,19.1578,19.16,704,0
RTYY.US,5,20251231,202500,19.1598,19.1598,19.1598,19.1598,500,0
RTYY.US,5,20251231,203500,19.1545,19.16,19.1545,19.16,230,0
RTYY.US,5,20251231,204500,19.1599,19.16,19.1599,19.16,1121,0
RTYY.US,5,20251231,213500,19.16,19.16,19.16,19.16,100,0
RTYY.US,5,20251231,214000,19.16,19.16,19.1599,19.1599,200,0
RTYY.US,5,20251231,215000,19.16,19.16,19.148,19.148,200,0
RTYY.US,5,20251231,215500,19.16,19.16,19.1599,19.1599,5000,0
RTYY.US,5,20260102,153000,18.66,18.66,18.56,18.56,2870,0
RTYY.US,5,20260102,153500,18.4901,18.4901,18.21,18.21,2409,0
RTYY.US,5,20260102,155500,18.6701,18.72,18.6701,18.72,440,0
RTYY.US,5,20260102,160000,18.8099,18.8099,18.8099,18.8099,325,0
RTYY.US,5,20260102,162500,18.85,18.85,18.85,18.85,500,0
RTYY.US,5,20260102,164000,19,19,19,19,100,0
RTYY.US,5,20260102,164500,18.97,18.97,18.97,18.97,315,0
RTYY.US,5,20260102,165000,18.9899,18.9976,18.9899,18.9976,500,0
RTYY.US,5,20260102,165500,18.95,18.95,18.95,18.95,100,0
RTYY.US,5,20260102,170000,18.9,18.97,18.9,18.97,235,0
RTYY.US,5,20260102,180000,19.01,19.01,19.01,19.01,100,0
RTYY.US,5,20260102,181500,19.01,19.01,19.01,19.01,100,0
RTYY.US,5,20260102,183500,19,19,19,19,200,0
RTYY.US,5,20260102,190500,19.01,19.01,19.01,19.01,530,0
RTYY.US,5,20260102,191500,18.95,18.95,18.95,18.95,797,0
RTYY.US,5,20260102,192000,19,19.02,19,19.02,1140,0
RTYY.US,5,20260102,193000,19.03,19.03,19.03,19.03,140,0
RTYY.US,5,20260102,194000,19.015,19.015,19.015,19.015,220,0
RTYY.US,5,20260102,195000,19.015,19.03,19.015,19.015,804,0
RTYY.US,5,20260102,195500,19.02,19.02,19.02,19.02,100,0
RTYY.US,5,20260102,211000,19.04,19.04,19.04,19.04,675,0
RTYY.US,5,20260102,215500,19.03,19.03,19.03,19.03,100,0
RTYY.US,5,20260105,153000,19.17,19.17,19.17,19.17,5885,0
RTYY.US,5,20260105,153500,19.08,19.08,19.08,19.08,260,0
RTYY.US,5,20260105,154500,19.09,19.09,19.041,19.074,8292,0
RTYY.US,5,20260105,163500,19.1,19.1,19.1,19.1,262,0
RTYY.US,5,20260105,164000,19.12,19.13,19.12,19.13,1973,0
RTYY.US,5,20260105,165500,19.12,19.12,19.12,19.12,1500,0
RTYY.US,5,20260105,171000,19.11,19.11,19.11,19.11,240,0
RTYY.US,5,20260105,173000,19.1166,19.1166,19.1166,19.1166,256,0
RTYY.US,5,20260105,175000,19.12,19.12,19.12,19.12,100,0
RTYY.US,5,20260105,182000,19.11,19.115,19.11,19.115,203,0
RTYY.US,5,20260105,183000,19.12,19.12,19.11,19.11,1400,0
RTYY.US,5,20260105,190500,19.144,19.15,19.14,19.14,710,0
RTYY.US,5,20260105,191500,19.15,19.15,19.145,19.145,200,0
RTYY.US,5,20260105,192000,19.145,19.145,19.145,19.145,450,0
RTYY.US,5,20260105,193500,19.15,19.15,19.15,19.15,208,0
RTYY.US,5,20260105,194500,19.15,19.15,19.15,19.15,100,0
RTYY.US,5,20260105,211000,19.17,19.17,19.17,19.17,530,0
RTYY.US,5,20260106,153000,19.3,19.3,19.3,19.3,135,0
RTYY.US,5,20260106,154500,19.15,19.15,19.1499,19.1499,734,0
RTYY.US,5,20260106,164500,19.13,19.13,19.13,19.13,470,0
RTYY.US,5,20260106,165500,19.0735,19.0735,19.0735,19.0735,101,0
RTYY.US,5,20260106,172000,19.07,19.07,19.07,19.07,200,0
RTYY.US,5,20260106,180000,19.0989,19.0989,19.0989,19.0989,800,0
RTYY.US,5,20260106,180500,19.1,19.11,19.1,19.11,367,0
RTYY.US,5,20260106,190000,19.1,19.1,19.1,19.1,100,0
RTYY.US,5,20260106,203500,19.1184,19.1184,19.1184,19.1184,155,0
RTYY.US,5,20260106,204000,19.14,19.14,19.12,19.14,1395,0
RTYY.US,5,20260106,211000,19.1492,19.1492,19.1492,19.1492,175,0
RTYY.US,5,20260106,214000,19.14,19.14,19.14,19.14,100,0
RTYY.US,5,20260107,153000,19.12,19.12,19.12,19.12,479,0
RTYY.US,5,20260107,153500,19.104,19.11,19.0459,19.0459,2595,0
RTYY.US,5,20260107,160000,19.12,19.12,19.12,19.12,100,0
RTYY.US,5,20260107,160500,19.085,19.085,19.085,19.085,250,0
RTYY.US,5,20260107,162500,19.0995,19.0995,19.0995,19.0995,300,0
RTYY.US,5,20260107,172000,19.19,19.19,19.19,19.19,100,0
RTYY.US,5,20260107,173500,19.19,19.19,19.19,19.19,364,0
RTYY.US,5,20260107,175500,19.21,19.21,19.21,19.21,100,0
RTYY.US,5,20260107,181500,19.22,19.22,19.22,19.22,100,0
RTYY.US,5,20260107,185000,19.205,19.205,19.2,19.2,300,0
RTYY.US,5,20260107,185500,19.2,19.2,19.2,19.2,100,0
RTYY.US,5,20260107,193000,19.19,19.195,19.19,19.195,200,0
RTYY.US,5,20260107,202000,19.12,19.19,19.12,19.1893,2799,0
RTYY.US,5,20260107,210500,19.1469,19.1469,19.1469,19.1469,167,0
RTYY.US,5,20260107,214500,19.15,19.15,19.15,19.15,117,0
RTYY.US,5,20260108,153000,19.01,19.01,19.0099,19.0099,400,0
RTYY.US,5,20260108,153500,19.07,19.0985,19.0699,19.0985,2010,0
RTYY.US,5,20260108,154500,19.0433,19.19,19.0433,19.19,2300,0
RTYY.US,5,20260108,155000,19.1431,19.1431,19.1431,19.1431,104,0
RTYY.US,5,20260108,155500,19.035,19.035,19.035,19.035,209,0
RTYY.US,5,20260108,160000,19,19,18.9099,18.9099,9988,0
RTYY.US,5,20260108,160500,18.99,18.99,18.98,18.9899,1900,0
RTYY.US,5,20260108,162000,19.0899,19.09,19.02,19.02,2009,0
RTYY.US,5,20260108,162500,19.11,19.11,19.1099,19.1099,1000,0
RTYY.US,5,20260108,164500,19.04,19.04,19.0399,19.0399,573,0
RTYY.US,5,20260108,165000,19.0398,19.05,19.035,19.05,531,0
RTYY.US,5,20260108,165500,19.038,19.05,19.038,19.05,5106,0
RTYY.US,5,20260108,170000,19.11,19.11,19.11,19.11,100,0
RTYY.US,5,20260108,170500,19.13,19.13,19.13,19.13,100,0
RTYY.US,5,20260108,171000,19.136,19.136,19.136,19.136,500,0
RTYY.US,5,20260108,171500,19.13,19.13,19.12,19.125,505,0
RTYY.US,5,20260108,172500,19.111,19.111,19.111,19.111,100,0
RTYY.US,5,20260108,173000,19.2,19.2,19.18,19.18,256,0
RTYY.US,5,20260108,173500,19.164,19.18,19.1375,19.18,907,0
RTYY.US,5,20260108,174500,19.19,19.2,19.14,19.2,400,0
RTYY.US,5,20260108,175500,19.18,19.18,19.18,19.18,100,0
RTYY.US,5,20260108,180500,19.22,19.22,19.1918,19.1918,305,0
RTYY.US,5,20260108,181000,19.192,19.192,19.192,19.192,318,0
RTYY.US,5,20260108,182000,19.1845,19.1845,19.16,19.16,1345,0
RTYY.US,5,20260108,182500,19.2,19.2,19.17,19.18,600,0
RTYY.US,5,20260108,183000,19.1528,19.21,19.1528,19.21,300,0
RTYY.US,5,20260108,185000,19.24,19.245,19.24,19.245,2100,0
RTYY.US,5,20260108,190000,19.25,19.25,19.25,19.25,100,0
RTYY.US,5,20260108,191000,19.22,19.22,19.22,19.22,100,0
RTYY.US,5,20260108,193000,19.25,19.25,19.25,19.25,100,0
RTYY.US,5,20260108,194500,19.21,19.22,19.1487,19.1487,1760,0
RTYY.US,5,20260108,195500,19.12,19.13,19.1197,19.12,1880,0
RTYY.US,5,20260108,200500,19.19,19.19,19.1899,19.1899,2740,0
RTYY.US,5,20260108,201500,19.13,19.15,19.1266,19.1332,1027,0
RTYY.US,5,20260108,203000,19.19,19.19,19.19,19.19,100,0
RTYY.US,5,20260108,203500,19.17,19.17,19.17,19.17,100,0
RTYY.US,5,20260108,205000,19.17,19.17,19.16,19.16,639,0
RTYY.US,5,20260108,205500,19.14,19.145,19.14,19.145,1812,0
RTYY.US,5,20260108,210000,19.075,19.075,19.075,19.075,100,0
RTYY.US,5,20260108,210500,19.04,19.04,19.006,19.006,560,0
RTYY.US,5,20260108,211500,19.04,19.04,19.04,19.04,100,0
RTYY.US,5,20260108,212500,19.0478,19.0478,19.0478,19.0478,100,0
RTYY.US,5,20260108,213000,19.0834,19.14,19.0834,19.1257,604,0
RTYY.US,5,20260108,214000,19.14,19.14,19.095,19.095,1100,0
RTYY.US,5,20260108,214500,19.16,19.17,19.16,19.17,300,0
RTYY.US,5,20260108,215000,19.18,19.18,19.16,19.16,700,0
RTYY.US,5,20260108,215500,19.14,19.14,19.13,19.13,500,0
