<TICKER>,<PER>,<DATE>,<TIME>,<OPEN>,<HIGH>,<LOW>,<CLOSE>,<VOL>,<OPENINT>
SATG.US,5,20251217,153000,14.89,14.89,14.89,14.89,1000,0
SATG.US,5,20251217,160500,14.957,14.97,14.957,14.9667,1200,0
SATG.US,5,20251217,161500,14.83,14.83,14.78,14.78,200,0
SATG.US,5,20251217,170500,14.6995,14.6995,14.68,14.68,3100,0
SATG.US,5,20251217,171000,14.68,14.68,14.4714,14.4714,3100,0
SATG.US,5,20251217,172000,14.56,14.56,14.56,14.56,1500,0
SATG.US,5,20251217,172500,14.5944,14.5944,14.5944,14.5944,500,0
SATG.US,5,20251217,173000,14.54,14.5899,14.54,14.5899,600,0
SATG.US,5,20251217,173500,14.49,14.4908,14.49,14.4908,1600,0
SATG.US,5,20251217,175000,14.6827,14.6827,14.6827,14.6827,500,0
SATG.US,5,20251217,180000,14.6836,14.6836,14.65,14.67,3200,0
SATG.US,5,20251217,180500,14.65,14.65,14.65,14.65,100,0
SATG.US,5,20251217,181000,14.57,14.57,14.57,14.57,100,0
SATG.US,5,20251217,194000,14.251,14.251,14.251,14.251,1500,0
SATG.US,5,20251217,194500,14.2514,14.2514,14.25,14.25,1600,0
SATG.US,5,20251217,195000,14.24,14.54,14.23,14.23,700,0
SATG.US,5,20251217,200000,14.22,14.22,14.2,14.2,200,0
SATG.US,5,20251217,200500,14.14,14.14,14.14,14.14,100,0
SATG.US,5,20251217,201500,13.98,13.98,13.98,13.98,100,0
SATG.US,5,20251217,211000,14.06,14.06,14.06,14.06,100,0
SATG.US,5,20251217,213000,14.02,14.02,14,14,400,0
SATG.US,5,20251217,213500,14.02,14.19,14.02,14.155,1750,0
SATG.US,5,20251217,214000,14.15,14.15,14.15,14.15,100,0
SATG.US,5,20251217,214500,14.16,14.16,14.16,14.16,100,0
SATG.US,5,20251217,215000,14.16,14.16,14.16,14.16,100,0
SATG.US,5,20251218,153000,14.66,14.66,14.66,14.66,100,0
SATG.US,5,20251218,160000,14.9,14.91,14.9,14.91,700,0
SATG.US,5,20251218,160500,14.9,14.9,14.9,14.9,128,0
SATG.US,5,20251218,161000,14.77,14.77,14.77,14.77,100,0
SATG.US,5,20251218,162000,15.2,15.2,15.2,15.2,3100,0
SATG.US,5,20251218,163000,15.18,15.18,15.12,15.12,1699,0
SATG.US,5,20251218,163500,15.15,15.2,15.15,15.2,1200,0
SATG.US,5,20251218,164500,15.27,15.27,15.2,15.21,500,0
SATG.US,5,20251218,165000,15.0703,15.0703,15.0703,15.0703,3000,0
SATG.US,5,20251218,170000,15.54,15.54,15.41,15.41,300,0
SATG.US,5,20251218,173000,15.15,15.15,15.15,15.15,100,0
SATG.US,5,20251218,175500,14.91,14.91,14.91,14.91,100,0
SATG.US,5,20251218,182000,14.74,14.74,14.74,14.74,200,0
SATG.US,5,20251218,191500,14.78,14.78,14.78,14.78,100,0
SATG.US,5,20251218,195000,14.74,14.74,14.74,14.74,100,0
SATG.US,5,20251219,153000,16.9,16.91,16.9,16.91,400,0
SATG.US,5,20251219,153500,16.8,16.8,16.8,16.8,229,0
SATG.US,5,20251219,154000,16.11,16.1199,16.11,16.1199,1930,0
SATG.US,5,20251219,154500,15.85,15.85,15.74,15.74,588,0
SATG.US,5,20251219,155000,15.76,15.76,15.6955,15.6955,1569,0
SATG.US,5,20251219,160000,15.3801,15.3801,15.3801,15.3801,410,0
SATG.US,5,20251219,161000,15.6,15.6,15.56,15.56,625,0
SATG.US,5,20251219,161500,15.6,15.6,15.6,15.6,100,0
SATG.US,5,20251219,163000,15.74,15.74,15.74,15.74,100,0
SATG.US,5,20251219,165000,15.81,15.81,15.81,15.81,100,0
SATG.US,5,20251219,170000,15.49,15.49,15.49,15.49,100,0
SATG.US,5,20251219,173500,15.47,15.47,15.38,15.38,1815,0
SATG.US,5,20251219,180500,15.48,15.48,15.48,15.48,100,0
SATG.US,5,20251219,183500,15.639,15.68,15.639,15.68,300,0
SATG.US,5,20251219,192000,15.68,15.68,15.68,15.68,100,0
SATG.US,5,20251219,201500,15.48,15.48,15.47,15.48,2000,0
SATG.US,5,20251219,202500,15.5,15.5,15.5,15.5,200,0
SATG.US,5,20251219,203000,15.47,15.47,15.44,15.44,200,0
SATG.US,5,20251219,210500,15.15,15.15,15.15,15.15,100,0
SATG.US,5,20251219,213500,14.959,14.98,14.959,14.98,500,0
SATG.US,5,20251219,214000,14.959,14.959,14.959,14.959,700,0
SATG.US,5,20251219,215000,14.95,14.95,14.9,14.9,1200,0
SATG.US,5,20251219,215500,14.92,14.92,14.92,14.92,100,0
SATG.US,5,20251222,153000,15.65,15.75,15.65,15.75,340,0
SATG.US,5,20251222,153500,15.57,15.57,15.57,15.57,288,0
SATG.US,5,20251222,154000,15.49,15.49,15.47,15.48,600,0
SATG.US,5,20251222,155000,15.3588,15.3588,15.3588,15.3588,1000,0
SATG.US,5,20251222,155500,15.36,15.36,15.35,15.35,200,0
SATG.US,5,20251222,162000,15.58,15.58,15.58,15.58,101,0
SATG.US,5,20251222,164000,15.7594,15.79,15.7594,15.7594,1900,0
SATG.US,5,20251222,164500,15.88,15.88,15.88,15.88,746,0
SATG.US,5,20251222,165500,16,16,16,16,350,0
SATG.US,5,20251222,170000,15.96,15.96,15.96,15.96,100,0
SATG.US,5,20251222,170500,16.02,16.02,16.02,16.02,118,0
SATG.US,5,20251222,171000,16.06,16.06,16.06,16.06,500,0
SATG.US,5,20251222,175500,15.939,15.95,15.939,15.95,1900,0
SATG.US,5,20251222,182000,16.18,16.18,16.18,16.18,100,0
SATG.US,5,20251222,182500,16.062,16.1284,16.062,16.1284,1031,0
SATG.US,5,20251222,190000,15.89,15.9149,15.8601,15.8601,3900,0
SATG.US,5,20251222,194000,15.832,15.832,15.832,15.832,123,0
SATG.US,5,20251222,195000,15.96,15.96,15.96,15.96,250,0
SATG.US,5,20251222,202000,16.029,16.029,16.029,16.029,600,0
SATG.US,5,20251222,204500,15.969,15.98,15.969,15.98,200,0
SATG.US,5,20251222,210500,16.22,16.23,16.18,16.18,1868,0
SATG.US,5,20251222,211000,16.1,16.1,16.1,16.1,100,0
SATG.US,5,20251222,212500,16.2644,16.2644,16.2644,16.2644,200,0
SATG.US,5,20251222,213000,16.13,16.13,16.13,16.13,300,0
SATG.US,5,20251222,214000,16.32,16.32,16.32,16.32,100,0
SATG.US,5,20251222,215500,16.36,16.38,16.36,16.38,400,0
SATG.US,5,20251223,153000,16.12,16.12,15.71,15.7601,623,0
SATG.US,5,20251223,153500,15.71,15.71,15.53,15.5913,841,0
SATG.US,5,20251223,154000,15.7,15.7,15.5,15.5,600,0
SATG.US,5,20251223,155500,15.26,15.26,15.26,15.26,200,0
SATG.US,5,20251223,160000,15.29,15.29,15.29,15.29,100,0
SATG.US,5,20251223,161000,15.4,15.4,15.4,15.4,100,0
SATG.US,5,20251223,161500,15.6028,15.6028,15.6028,15.6028,1000,0
SATG.US,5,20251223,163000,15.7,15.7,15.7,15.7,100,0
SATG.US,5,20251223,163500,15.76,15.76,15.76,15.76,100,0
SATG.US,5,20251223,165000,15.7,15.7,15.6887,15.6887,1000,0
SATG.US,5,20251223,170000,15.73,15.76,15.73,15.73,400,0
SATG.US,5,20251223,172500,15.9,15.9,15.9,15.9,1027,0
SATG.US,5,20251223,173000,15.85,15.85,15.85,15.85,100,0
SATG.US,5,20251223,182000,15.78,15.78,15.7401,15.7758,1299,0
SATG.US,5,20251223,182500,15.75,15.75,15.72,15.72,200,0
SATG.US,5,20251223,191000,15.74,15.74,15.74,15.74,200,0
SATG.US,5,20251223,193000,15.76,15.77,15.76,15.76,923,0
SATG.US,5,20251223,193500,15.72,15.72,15.72,15.72,600,0
SATG.US,5,20251223,205000,15.6387,15.6387,15.6387,15.6387,500,0
SATG.US,5,20251223,205500,15.631,15.71,15.631,15.71,2499,0
SATG.US,5,20251223,211500,15.8,15.8,15.77,15.77,400,0
SATG.US,5,20251223,212000,15.77,15.77,15.75,15.75,200,0
SATG.US,5,20251223,215500,15.78,15.78,15.78,15.78,100,0
SATG.US,5,20251224,153000,15.7,15.7,15.7,15.7,551,0
SATG.US,5,20251224,153500,15.73,15.73,15.66,15.66,297,0
SATG.US,5,20251224,155000,15.79,15.8,15.79,15.8,318,0
SATG.US,5,20251224,160000,15.65,15.65,15.65,15.65,250,0
SATG.US,5,20251224,161500,15.65,15.65,15.65,15.65,200,0
SATG.US,5,20251224,163000,15.8,15.8,15.75,15.8,1100,0
SATG.US,5,20251224,163500,15.7792,15.7792,15.76,15.76,1200,0
SATG.US,5,20251224,170500,15.73,15.73,15.73,15.73,200,0
SATG.US,5,20251224,172500,15.694,15.694,15.6714,15.6714,805,0
SATG.US,5,20251224,173000,15.6957,15.6957,15.67,15.67,200,0
SATG.US,5,20251224,175000,15.7,15.7,15.7,15.7,100,0
SATG.US,5,20251224,180500,15.8,15.8,15.8,15.8,100,0
SATG.US,5,20251224,181000,15.8,15.8,15.8,15.8,100,0
SATG.US,5,20251224,185000,15.64,15.64,15.64,15.64,100,0
SATG.US,5,20251226,153500,15.96,15.96,15.96,15.96,100,0
SATG.US,5,20251226,155000,15.78,15.78,15.77,15.78,1000,0
SATG.US,5,20251226,155500,15.8099,15.8099,15.8099,15.8099,299,0
SATG.US,5,20251226,161000,15.64,15.64,15.64,15.64,100,0
SATG.US,5,20251226,173500,15.76,15.76,15.76,15.76,100,0
SATG.US,5,20251226,183500,15.49,15.49,15.49,15.49,100,0
SATG.US,5,20251226,193500,15.5186,15.5186,15.5186,15.5186,338,0
SATG.US,5,20251226,200000,15.45,15.45,15.45,15.45,200,0
SATG.US,5,20251226,204000,15.43,15.43,15.42,15.42,592,0
SATG.US,5,20251226,210500,15.36,15.36,15.36,15.36,100,0
SATG.US,5,20251226,212500,15.3,15.3,15.3,15.3,400,0
SATG.US,5,20251226,213000,15.26,15.26,15.26,15.26,300,0
SATG.US,5,20251226,213500,15.25,15.25,15.25,15.25,300,0
SATG.US,5,20251229,153000,14.89,14.89,14.83,14.83,1107,0
SATG.US,5,20251229,154500,15.47,15.47,15.47,15.47,110,0
SATG.US,5,20251229,161500,15.29,15.29,15.29,15.29,100,0
SATG.US,5,20251229,162500,15.38,15.42,15.38,15.4199,930,0
SATG.US,5,20251229,163000,15.36,15.36,15.36,15.36,100,0
SATG.US,5,20251229,164000,15.43,15.43,15.43,15.43,100,0
SATG.US,5,20251229,165500,15.4,15.43,15.4,15.43,700,0
SATG.US,5,20251229,173000,15.52,15.59,15.52,15.59,700,0
SATG.US,5,20251229,173500,15.6028,15.6028,15.6028,15.6028,400,0
SATG.US,5,20251229,181000,15.605,15.605,15.605,15.605,200,0
SATG.US,5,20251229,184000,15.62,15.62,15.62,15.62,263,0
SATG.US,5,20251229,194000,15.72,15.72,15.72,15.72,230,0
SATG.US,5,20251229,200000,15.65,15.65,15.65,15.65,100,0
SATG.US,5,20251229,200500,15.72,15.72,15.72,15.72,100,0
SATG.US,5,20251229,202500,15.96,15.96,15.96,15.96,100,0
SATG.US,5,20251229,213500,16.18,16.18,16.18,16.18,126,0
SATG.US,5,20251229,215500,16.33,16.33,16.33,16.33,100,0
SATG.US,5,20251230,154500,15.74,15.74,15.74,15.74,120,0
SATG.US,5,20251230,161500,16.41,16.41,16.41,16.41,244,0
SATG.US,5,20251230,163000,16.2,16.2,16.2,16.2,224,0
SATG.US,5,20251230,164500,16.26,16.26,16.26,16.26,100,0
SATG.US,5,20251230,171000,16.48,16.48,16.48,16.48,1000,0
SATG.US,5,20251230,171500,16.5099,16.52,16.41,16.52,1899,0
SATG.US,5,20251230,174000,16.54,16.54,16.54,16.54,596,0
SATG.US,5,20251230,180500,16.61,16.61,16.61,16.61,100,0
SATG.US,5,20251230,183500,16.64,16.64,16.64,16.64,600,0
SATG.US,5,20251230,184000,16.57,16.57,16.57,16.57,100,0
SATG.US,5,20251230,200000,16.55,16.55,16.55,16.55,130,0
SATG.US,5,20251230,201500,16.57,16.57,16.57,16.57,100,0
SATG.US,5,20251230,215000,16.31,16.3404,16.31,16.3404,298,0
SATG.US,5,20251230,215500,16.366,16.366,16.366,16.366,107,0
SATG.US,5,20251231,153000,16.95,16.95,16.95,16.95,360,0
SATG.US,5,20251231,154000,16.44,16.54,16.44,16.54,200,0
SATG.US,5,20251231,154500,16.54,16.54,16.54,16.54,150,0
SATG.US,5,20251231,155000,16.58,16.58,16.58,16.58,122,0
SATG.US,5,20251231,160000,16.36,16.41,16.35,16.41,1153,0
SATG.US,5,20251231,162000,16.41,16.41,16.41,16.41,200,0
SATG.US,5,20251231,163000,16.505,16.505,16.505,16.505,100,0
SATG.US,5,20251231,171000,16.58,16.58,16.58,16.58,100,0
SATG.US,5,20251231,171500,16.65,16.65,16.63,16.6394,384,0
SATG.US,5,20251231,172000,16.5999,16.64,16.5999,16.6,3500,0
SATG.US,5,20251231,173500,16.61,16.61,16.61,16.61,100,0
SATG.US,5,20251231,183000,16.65,16.66,16.65,16.65,449,0
SATG.US,5,20251231,200500,16.5099,16.5099,16.4,16.4,1300,0
SATG.US,5,20251231,202500,16.43,16.43,16.43,16.43,500,0
SATG.US,5,20251231,214000,16.27,16.27,16.27,16.27,100,0
SATG.US,5,20251231,215000,16.32,16.32,16.32,16.32,800,0
SATG.US,5,20260102,154000,16.58,16.58,16.58,16.58,135,0
SATG.US,5,20260102,154500,17,17.19,17,17.17,999,0
SATG.US,5,20260102,160000,17.06,17.06,17.06,17.06,250,0
SATG.US,5,20260102,161000,17.06,17.06,17.005,17.005,320,0
SATG.US,5,20260102,161500,16.85,16.85,16.78,16.78,600,0
SATG.US,5,20260102,162000,16.7,16.7,16.7,16.7,100,0
SATG.US,5,20260102,162500,16.68,16.68,16.68,16.68,420,0
SATG.US,5,20260102,182500,16.49,16.49,16.49,16.49,750,0
SATG.US,5,20260102,184500,16.53,16.53,16.53,16.53,100,0
SATG.US,5,20260102,200500,17.195,17.195,17.195,17.195,1000,0
SATG.US,5,20260102,203500,17.25,17.25,17.25,17.25,4000,0
SATG.US,5,20260102,210000,17.17,17.17,17.17,17.17,1000,0
SATG.US,5,20260102,210500,17.16,17.17,17.16,17.16,1423,0
SATG.US,5,20260102,212000,17.2,17.2,17.2,17.2,300,0
SATG.US,5,20260102,213500,17.1552,17.1552,17.1552,17.1552,500,0
SATG.US,5,20260105,153000,17.57,17.57,17.19,17.19,431,0
SATG.US,5,20260105,154000,16.8699,16.8699,16.8699,16.8699,1500,0
SATG.US,5,20260105,154500,16.75,16.75,16.75,16.75,500,0
SATG.US,5,20260105,155500,17.11,17.11,17.1099,17.1099,200,0
SATG.US,5,20260105,160000,16.97,16.97,16.97,16.97,100,0
SATG.US,5,20260105,161000,16.9,16.9,16.9,16.9,200,0
SATG.US,5,20260105,163000,16.5472,16.5472,16.5472,16.5472,170,0
SATG.US,5,20260105,163500,16.63,16.63,16.63,16.63,616,0
SATG.US,5,20260105,164500,16.8885,16.89,16.8885,16.89,1500,0
SATG.US,5,20260105,165000,16.91,16.93,16.91,16.93,1000,0
SATG.US,5,20260105,165500,16.93,16.93,16.93,16.93,100,0
SATG.US,5,20260105,173000,16.84,16.84,16.77,16.77,700,0
SATG.US,5,20260105,175500,17.1762,17.1762,17.1762,17.1762,100,0
SATG.US,5,20260105,180000,16.9103,16.9103,16.9103,16.9103,338,0
SATG.US,5,20260105,184000,16.88,16.88,16.88,16.88,100,0
SATG.US,5,20260105,185500,16.91,16.91,16.91,16.91,400,0
SATG.US,5,20260105,202500,16.9,16.9,16.9,16.9,260,0
SATG.US,5,20260105,203000,16.88,16.91,16.88,16.91,200,0
SATG.US,5,20260105,203500,16.98,16.98,16.98,16.98,100,0
SATG.US,5,20260105,204000,17.01,17.01,17.01,17.01,100,0
SATG.US,5,20260105,204500,17.16,17.16,17.16,17.16,100,0
SATG.US,5,20260105,205000,17.17,17.17,17.17,17.17,100,0
SATG.US,5,20260105,205500,17.17,17.17,17.17,17.17,100,0
SATG.US,5,20260105,215500,16.88,16.88,16.88,16.88,101,0
SATG.US,5,20260106,154000,16.1,16.1,15.94,15.99,700,0
SATG.US,5,20260106,160000,16.191,16.191,16.191,16.191,800,0
SATG.US,5,20260106,161000,16.76,16.76,16.76,16.76,100,0
SATG.US,5,20260106,163500,16.79,16.79,16.79,16.79,188,0
SATG.US,5,20260106,164000,16.79,16.79,16.79,16.79,300,0
SATG.US,5,20260106,165500,17.08,17.11,17.08,17.11,1000,0
SATG.US,5,20260106,174000,18.11,18.11,18.11,18.11,962,0
SATG.US,5,20260106,175000,18.11,18.11,18,18,200,0
SATG.US,5,20260106,183000,18,18,18,18,450,0
SATG.US,5,20260106,191500,18.0104,18.0104,18.0104,18.0104,175,0
SATG.US,5,20260106,192000,18,18,18,18,100,0
SATG.US,5,20260106,192500,18.09,18.09,18.09,18.09,100,0
SATG.US,5,20260106,193500,18.1,18.1,18.1,18.1,100,0
SATG.US,5,20260106,194000,18.19,18.19,18.18,18.18,350,0
SATG.US,5,20260106,200000,18.19,18.2,18.19,18.2,1700,0
SATG.US,5,20260106,203500,18.2,18.2,18.2,18.2,500,0
SATG.US,5,20260106,205000,18.62,18.63,18.62,18.63,600,0
SATG.US,5,20260106,205500,18.545,18.545,18.545,18.545,1000,0
SATG.US,5,20260106,212000,18.63,18.63,18.63,18.63,300,0
SATG.US,5,20260106,212500,18.63,18.94,18.56,18.56,10900,0
SATG.US,5,20260106,214000,18.63,18.63,18.63,18.63,1600,0
SATG.US,5,20260106,215500,18.49,18.49,18.49,18.49,200,0
SATG.US,5,20260107,154000,18.019,18.019,18,18,350,0
SATG.US,5,20260107,155000,17.78,17.78,17.78,17.78,100,0
SATG.US,5,20260107,160500,17.67,17.67,17.6,17.6,230,0
SATG.US,5,20260107,162000,18.2,18.23,18.2,18.23,2476,0
SATG.US,5,20260107,163000,18,18,18,18,100,0
SATG.US,5,20260107,170500,17.21,17.21,17.21,17.21,300,0
SATG.US,5,20260107,171500,17.1701,17.1701,17.1701,17.1701,500,0
SATG.US,5,20260107,173000,17.17,17.17,17.17,17.17,100,0
SATG.US,5,20260107,180500,17.2,17.2,17.2,17.2,100,0
SATG.US,5,20260107,183000,17.21,17.21,17.21,17.21,1200,0
SATG.US,5,20260107,185000,16.8236,16.84,16.82,16.82,10572,0
SATG.US,5,20260107,192500,17.01,17.01,17.01,17.01,100,0
SATG.US,5,20260107,201500,16.87,16.87,16.87,16.87,100,0
SATG.US,5,20260107,204000,16.87,16.87,16.87,16.87,200,0
SATG.US,5,20260107,205500,16.99,16.99,16.99,16.99,311,0
SATG.US,5,20260107,212000,16.865,16.865,16.865,16.865,400,0
SATG.US,5,20260107,215000,17.11,17.11,17.11,17.11,500,0
SATG.US,5,20260107,215500,17.09,17.09,17.09,17.09,200,0
SATG.US,5,20260108,153500,18.1051,18.1051,18.0612,18.0612,697,0
SATG.US,5,20260108,154000,18.12,18.12,18.12,18.12,300,0
SATG.US,5,20260108,154500,18.14,18.14,18.14,18.14,100,0
SATG.US,5,20260108,155000,18.29,18.29,18.29,18.29,200,0
SATG.US,5,20260108,155500,18.35,18.35,18.35,18.35,200,0
SATG.US,5,20260108,160500,18.81,18.8807,18.81,18.8128,500,0
SATG.US,5,20260108,161500,18.83,18.88,18.83,18.88,388,0
SATG.US,5,20260108,162000,18.9396,19.1,18.91,19.1,1039,0
SATG.US,5,20260108,162500,19.001,19.001,18.87,18.87,391,0
SATG.US,5,20260108,163000,18.83,18.83,18.802,18.802,602,0
SATG.US,5,20260108,163500,18.765,18.765,18.765,18.765,100,0
SATG.US,5,20260108,164000,18.54,18.575,18.54,18.575,200,0
SATG.US,5,20260108,164500,18.5799,18.5799,18.53,18.53,597,0
SATG.US,5,20260108,170500,18.45,18.45,18.45,18.45,100,0
SATG.US,5,20260108,171000,18.635,18.6462,18.635,18.6462,200,0
SATG.US,5,20260108,172000,18.68,18.68,18.68,18.68,100,0
SATG.US,5,20260108,175500,18.77,18.77,18.77,18.77,100,0
SATG.US,5,20260108,193000,18.84,18.84,18.84,18.84,100,0
SATG.US,5,20260108,194000,19.1,19.1,19.1,19.1,100,0
SATG.US,5,20260108,194500,19.07,19.16,19.07,19.16,333,0
SATG.US,5,20260108,195000,19.12,19.12,19.12,19.12,398,0
SATG.US,5,20260108,201000,19.2663,19.2663,19.25,19.25,631,0
SATG.US,5,20260108,202500,19.01,19.01,19,19.01,1200,0
SATG.US,5,20260108,203500,18.98,18.98,18.98,18.98,500,0
SATG.US,5,20260108,204500,19.13,19.13,19.13,19.13,300,0
SATG.US,5,20260108,210000,19.11,19.11,19.11,19.11,325,0
SATG.US,5,20260108,210500,19.01,19.01,18.985,18.985,308,0
SATG.US,5,20260108,211000,18.92,18.92,18.92,18.92,200,0
SATG.US,5,20260108,215500,18.76,18.76,18.46,18.55,4244,0
