<TICKER>,<PER>,<DATE>,<TIME>,<OPEN>,<HIGH>,<LOW>,<CLOSE>,<VOL>,<OPENINT>
TAYD.US,5,20250813,180500,43.1,43.145,42.34,42.765,1154,0
TAYD.US,5,20250813,195000,42.5,42.5,42.5,42.5,212,0
TAYD.US,5,20250813,202500,42.5135,42.9199,42.5135,42.9199,1428,0
TAYD.US,5,20250813,204500,42.75,42.75,42.75,42.75,100,0
TAYD.US,5,20250813,214500,43.36,43.36,43.2,43.2,500,0
TAYD.US,5,20250813,215500,43.245,43.245,42.62,42.62,1810,0
TAYD.US,5,20250814,155500,44,44,44,44,183,0
TAYD.US,5,20250814,163500,43.1999,43.1999,43.1999,43.1999,100,0
TAYD.US,5,20250814,172000,42.63,42.63,42.63,42.63,100,0
TAYD.US,5,20250814,172500,42.59,42.59,42.59,42.59,100,0
TAYD.US,5,20250814,173000,42.65,42.65,42.5,42.5,746,0
TAYD.US,5,20250814,181500,42.4,42.4,42.4,42.4,100,0
TAYD.US,5,20250814,183000,42.28,42.28,42.28,42.28,100,0
TAYD.US,5,20250814,183500,42.4756,42.65,42.05,42.05,1100,0
TAYD.US,5,20250814,184000,42.345,42.8,42.345,42.8,1361,0
TAYD.US,5,20250814,210000,43.07,43.07,42.375,42.375,204,0
TAYD.US,5,20250814,210500,42.735,42.735,42.735,42.735,100,0
TAYD.US,5,20250814,212500,43.11,43.13,42.79,42.79,480,0
TAYD.US,5,20250814,215000,42.525,42.65,42.275,42.275,1300,0
TAYD.US,5,20250814,215500,42.505,42.92,42.47,42.92,2349,0
TAYD.US,5,20250815,153000,45.02,46,45.02,45.5,1711,0
TAYD.US,5,20250815,153500,46,47.99,45.99,47.99,4036,0
TAYD.US,5,20250815,154000,49,51.39,48.2,51.39,6099,0
TAYD.US,5,20250815,154500,51.49,51.49,49.81,49.81,300,0
TAYD.US,5,20250815,155000,50.29,50.75,50,50.5001,2887,0
TAYD.US,5,20250815,155500,50.03,50.03,49,49.0001,1271,0
TAYD.US,5,20250815,160000,48.86,48.95,48.86,48.95,200,0
TAYD.US,5,20250815,161000,47.57,48,46.63,46.63,1938,0
TAYD.US,5,20250815,162500,45.9139,45.9139,45.9139,45.9139,500,0
TAYD.US,5,20250815,163000,45.6135,45.6135,45.6135,45.6135,500,0
TAYD.US,5,20250815,163500,45.91,45.91,45.91,45.91,100,0
TAYD.US,5,20250815,164000,45.7092,45.7092,45.1,45.1,1016,0
TAYD.US,5,20250815,172000,45.5029,45.545,44.7168,44.7168,1960,0
TAYD.US,5,20250815,174000,44.5,44.5,44.5,44.5,108,0
TAYD.US,5,20250815,180500,44.27,44.27,44.27,44.27,400,0
TAYD.US,5,20250815,184000,44.7,44.7,44.7,44.7,100,0
TAYD.US,5,20250815,185500,44.48,44.48,44.48,44.48,212,0
TAYD.US,5,20250815,192000,44.46,44.46,44.46,44.46,150,0
TAYD.US,5,20250815,193500,44.75,44.75,44.75,44.75,650,0
TAYD.US,5,20250815,195000,43.9,43.9,43.9,43.9,100,0
TAYD.US,5,20250815,200500,43.9,43.9,43.51,43.51,355,0
TAYD.US,5,20250815,201500,43.9,43.9,43.9,43.9,100,0
TAYD.US,5,20250815,202500,44.23,44.23,44.228,44.228,1000,0
TAYD.US,5,20250815,203000,44.23,44.68,44.23,44.68,1000,0
TAYD.US,5,20250815,215000,44.19,44.29,44.105,44.29,1000,0
TAYD.US,5,20250815,215500,43.41,43.41,42.41,42.57,16776,0
TAYD.US,5,20250818,153000,43.92,45.51,43.92,45.51,488,0
TAYD.US,5,20250818,153500,45.5,45.5,45.5,45.5,100,0
TAYD.US,5,20250818,155500,45.5,45.5,45.5,45.5,332,0
TAYD.US,5,20250818,160000,45.659,45.659,45.659,45.659,400,0
TAYD.US,5,20250818,165000,45.965,45.965,45.965,45.965,100,0
TAYD.US,5,20250818,170000,45.99,45.99,45.99,45.99,100,0
TAYD.US,5,20250818,173500,46.27,46.27,46.27,46.27,100,0
TAYD.US,5,20250818,175000,46.11,46.35,46.11,46.35,330,0
TAYD.US,5,20250818,190000,46.595,46.595,46.595,46.595,100,0
TAYD.US,5,20250818,194500,46.35,46.35,46.35,46.35,337,0
TAYD.US,5,20250818,201000,46.21,46.21,46.21,46.21,300,0
TAYD.US,5,20250818,212500,45.8479,45.8479,45.75,45.76,2817,0
TAYD.US,5,20250818,213000,44.8401,44.85,44.57,44.57,1900,0
TAYD.US,5,20250818,213500,45.17,45.17,44.71,44.71,280,0
TAYD.US,5,20250818,214500,44.6,44.67,44.6,44.67,237,0
TAYD.US,5,20250818,215500,44.945,44.96,44.85,44.85,888,0
TAYD.US,5,20250819,153000,44.39,44.5,44.39,44.5,287,0
TAYD.US,5,20250819,193000,43.965,43.965,43.965,43.965,100,0
TAYD.US,5,20250819,194000,43.72,43.84,43.72,43.84,200,0
TAYD.US,5,20250819,195500,43.71,43.71,43.71,43.71,300,0
TAYD.US,5,20250819,200000,43.42,43.42,43.42,43.42,142,0
TAYD.US,5,20250819,201500,43.5769,43.5769,43.5769,43.5769,100,0
TAYD.US,5,20250819,204000,43.65,43.65,43.62,43.62,200,0
TAYD.US,5,20250819,212000,43.2798,43.2798,43.2798,43.2798,117,0
TAYD.US,5,20250819,212500,43.755,43.755,43.755,43.755,753,0
TAYD.US,5,20250819,213500,43.75,44.35,43.75,44.35,2600,0
TAYD.US,5,20250819,214000,44.35,45,44.35,45,1900,0
TAYD.US,5,20250819,215000,45,45,45,45,222,0
TAYD.US,5,20250819,215500,45,45,45,45,449,0
TAYD.US,5,20250820,163500,44.84,44.84,44.835,44.835,200,0
TAYD.US,5,20250820,174500,44.66,44.75,44.66,44.66,500,0
TAYD.US,5,20250820,180000,44.705,44.705,44.705,44.705,200,0
TAYD.US,5,20250820,183000,45.0899,45.0899,45.0899,45.0899,120,0
TAYD.US,5,20250820,200500,44.19,44.19,44.19,44.19,100,0
TAYD.US,5,20250820,215500,44.1,44.1,44.1,44.1,881,0
TAYD.US,5,20250821,170000,44.1501,44.1501,44.1501,44.1501,120,0
TAYD.US,5,20250821,181000,44.4,44.4,44.4,44.4,100,0
TAYD.US,5,20250821,182000,45,45,45,45,330,0
TAYD.US,5,20250821,184000,44.725,44.725,44.725,44.725,100,0
TAYD.US,5,20250821,185500,45,45,45,45,100,0
TAYD.US,5,20250821,190000,45.275,45.275,45.01,45.01,502,0
TAYD.US,5,20250821,190500,44.96,45.05,44.96,45.05,200,0
TAYD.US,5,20250821,191000,45.13,45.73,44.92,44.99,1253,0
TAYD.US,5,20250821,191500,45.28,45.28,45.05,45.05,454,0
TAYD.US,5,20250821,192000,45.15,45.15,45.15,45.15,100,0
TAYD.US,5,20250821,194500,45.8,45.8,45.8,45.8,100,0
TAYD.US,5,20250821,203500,45.2,45.2,45.2,45.2,100,0
TAYD.US,5,20250821,204000,45.475,45.77,45.2,45.74,600,0
TAYD.US,5,20250821,204500,45.5,45.5,45.5,45.5,200,0
TAYD.US,5,20250821,211000,45.79,46,45.79,46,411,0
TAYD.US,5,20250821,215500,45.7,45.7,44.96,44.96,476,0
TAYD.US,5,20250822,153000,46.59,46.59,46.59,46.59,105,0
TAYD.US,5,20250822,160000,45.8,45.8,45.8,45.8,100,0
TAYD.US,5,20250822,161500,46.5,46.6,46.5,46.6,200,0
TAYD.US,5,20250822,162000,46.52,46.52,46.52,46.52,100,0
TAYD.US,5,20250822,164500,47.18,47.18,47.18,47.18,100,0
TAYD.US,5,20250822,165000,47.22,47.22,47.22,47.22,200,0
TAYD.US,5,20250822,170000,47.13,47.13,47.13,47.13,100,0
TAYD.US,5,20250822,174500,47.1,47.1,47.1,47.1,100,0
TAYD.US,5,20250822,193000,46.88,46.88,46.88,46.88,156,0
TAYD.US,5,20250822,193500,46.63,46.63,46.63,46.63,100,0
TAYD.US,5,20250822,202000,46.1,46.8,46.1,46.8,500,0
TAYD.US,5,20250822,213500,46.92,46.92,46.92,46.92,100,0
TAYD.US,5,20250822,215000,47.49,47.5,47.365,47.365,407,0
TAYD.US,5,20250822,215500,47.345,47.345,47.345,47.345,600,0
TAYD.US,5,20250825,153000,47.35,47.35,46.405,46.405,640,0
TAYD.US,5,20250825,153500,46.68,47.99,46.68,47.98,1212,0
TAYD.US,5,20250825,154000,46.6305,47.06,46.6305,47.06,255,0
TAYD.US,5,20250825,154500,47.33,47.33,47.33,47.33,100,0
TAYD.US,5,20250825,161000,47.31,47.31,46.91,46.91,1100,0
TAYD.US,5,20250825,163500,46.63,46.63,46.63,46.63,100,0
TAYD.US,5,20250825,172000,47.04,47.04,47.04,47.04,100,0
TAYD.US,5,20250825,180000,47.285,47.285,46.57,46.57,500,0
TAYD.US,5,20250825,182500,47.105,47.11,47.105,47.11,260,0
TAYD.US,5,20250825,183000,46.58,46.58,46.58,46.58,100,0
TAYD.US,5,20250825,190000,47.11,47.12,46.425,47.12,526,0
TAYD.US,5,20250825,192500,47.0627,47.0627,46.795,46.795,200,0
TAYD.US,5,20250825,205000,46.765,46.765,46.765,46.765,500,0
TAYD.US,5,20250825,210500,46.46,46.46,45.955,45.97,900,0
TAYD.US,5,20250825,212000,45.74,45.83,45.74,45.74,900,0
TAYD.US,5,20250825,215500,45.975,45.975,45.82,45.82,329,0
TAYD.US,5,20250826,154000,47.99,47.99,47.99,47.99,492,0
TAYD.US,5,20250826,154500,46.445,47,46.445,46.58,1077,0
TAYD.US,5,20250826,160500,46.7039,46.7039,46.7039,46.7039,290,0
TAYD.US,5,20250826,161000,46.26,46.86,46.09,46.86,300,0
TAYD.US,5,20250826,161500,46.86,46.86,46.86,46.86,100,0
TAYD.US,5,20250826,171000,47.005,47.005,47.005,47.005,100,0
TAYD.US,5,20250826,172500,47.98,48,47.98,48,335,0
TAYD.US,5,20250826,173000,48.2,48.3,48.2,48.3,200,0
TAYD.US,5,20250826,175500,48.63,48.63,48.63,48.63,100,0
TAYD.US,5,20250826,190000,48.51,48.51,48.51,48.51,100,0
TAYD.US,5,20250826,202500,49.34,49.34,49.34,49.34,101,0
TAYD.US,5,20250826,203500,49.285,49.285,49.285,49.285,100,0
TAYD.US,5,20250826,204000,49.7858,49.7858,49.745,49.745,600,0
TAYD.US,5,20250826,204500,50,50.05,50,50.05,2111,0
TAYD.US,5,20250826,212000,50.1999,50.2,50.1999,50.2,1000,0
TAYD.US,5,20250826,212500,50,50.51,50,50.3936,1815,0
TAYD.US,5,20250826,214500,50.96,51.01,50.57,51.01,1000,0
TAYD.US,5,20250826,215500,51,51.39,50.59,51.39,2092,0
TAYD.US,5,20250827,153000,50.9,50.9,50.9,50.9,595,0
TAYD.US,5,20250827,153500,53.732,53.732,48.5,49,1172,0
TAYD.US,5,20250827,154500,50.65,50.65,49.875,49.875,237,0
TAYD.US,5,20250827,172000,49.34,49.34,49.34,49.34,200,0
TAYD.US,5,20250827,194000,48.72,48.72,48.72,48.72,100,0
TAYD.US,5,20250827,201500,48.305,48.305,48.305,48.305,245,0
TAYD.US,5,20250827,210000,47.88,47.88,47.17,47.17,524,0
TAYD.US,5,20250827,210500,48.4,48.4,48.4,48.4,100,0
TAYD.US,5,20250827,215500,48.47,48.47,48.02,48.02,768,0
TAYD.US,5,20250828,153000,48.02,48.0201,48.02,48.0201,363,0
TAYD.US,5,20250828,154000,48.1,48.1,48.1,48.1,100,0
TAYD.US,5,20250828,162500,48.02,48.02,47.34,47.34,200,0
TAYD.US,5,20250828,164000,47.56,47.56,47.56,47.56,100,0
TAYD.US,5,20250828,164500,47.25,47.25,47,47,555,0
TAYD.US,5,20250828,171000,47.14,47.14,47.14,47.14,100,0
TAYD.US,5,20250828,175000,47.8,48.12,47.8,48.12,400,0
TAYD.US,5,20250828,213000,48.65,48.65,48.65,48.65,100,0
TAYD.US,5,20250828,213500,48.205,48.205,48.205,48.205,100,0
TAYD.US,5,20250828,215500,48.46,48.46,48.46,48.46,488,0
TAYD.US,5,20250829,153000,48.93,48.93,48.93,48.93,1071,0
TAYD.US,5,20250829,154500,48.531,48.531,48.531,48.531,120,0
TAYD.US,5,20250829,155500,48.84,49,48.84,49,492,0
TAYD.US,5,20250829,160000,49,49,48.15,48.15,237,0
TAYD.US,5,20250829,202000,48.76,48.765,48.76,48.765,200,0
TAYD.US,5,20250829,210000,48.11,48.11,48.11,48.11,100,0
TAYD.US,5,20250829,211500,48.48,48.48,48.48,48.48,100,0
TAYD.US,5,20250829,214500,48.41,48.41,48.41,48.41,200,0
TAYD.US,5,20250829,215500,48.455,49,48.455,49,1282,0
TAYD.US,5,20250902,153000,48.99,50,48.99,50,1093,0
TAYD.US,5,20250902,160000,50,50,50,50,163,0
TAYD.US,5,20250902,173000,49.6246,49.6246,49.6246,49.6246,100,0
TAYD.US,5,20250902,181500,49.6,49.6,49.6,49.6,100,0
TAYD.US,5,20250902,182000,50,50,50,50,137,0
TAYD.US,5,20250902,190500,50.0104,50.0104,49.73,49.73,400,0
TAYD.US,5,20250902,200000,49.3401,49.3401,49.3401,49.3401,190,0
TAYD.US,5,20250902,202500,49.46,49.46,49.46,49.46,100,0
TAYD.US,5,20250902,204000,49.75,49.75,49.38,49.38,682,0
TAYD.US,5,20250902,210000,49.9499,49.9499,49.9499,49.9499,100,0
TAYD.US,5,20250902,211500,49.75,49.75,49.75,49.75,100,0
TAYD.US,5,20250902,212000,50.04,50.04,49.78,49.78,400,0
TAYD.US,5,20250902,215000,50.27,50.95,50.27,50.95,701,0
TAYD.US,5,20250902,215500,50.79,50.79,50.79,50.79,244,0
TAYD.US,5,20250903,153000,50.04,50.5,50.04,50.5,221,0
TAYD.US,5,20250903,154500,46.99,46.99,46.99,46.99,100,0
TAYD.US,5,20250903,160000,47.5,47.5,47.5,47.5,200,0
TAYD.US,5,20250903,164500,49.5,49.5,49.5,49.5,164,0
TAYD.US,5,20250903,170500,48.75,48.75,48.75,48.75,196,0
TAYD.US,5,20250903,171000,48.85,49.17,48.85,49.17,226,0
TAYD.US,5,20250903,173500,48.51,48.51,48.51,48.51,100,0
TAYD.US,5,20250903,175000,48.615,48.615,48.615,48.615,451,0
TAYD.US,5,20250903,180000,48.4575,48.4575,48.4575,48.4575,547,0
TAYD.US,5,20250903,195000,48.785,48.785,48.785,48.785,400,0
TAYD.US,5,20250903,201000,49.5,49.585,49.5,49.585,300,0
TAYD.US,5,20250903,201500,49.47,49.97,49.22,49.47,700,0
TAYD.US,5,20250903,203000,49.48,49.48,49.48,49.48,100,0
TAYD.US,5,20250903,204500,49.92,49.92,49.92,49.92,100,0
TAYD.US,5,20250903,210000,49.48,49.48,49.48,49.48,100,0
TAYD.US,5,20250903,210500,48.985,48.985,48.985,48.985,300,0
TAYD.US,5,20250903,212000,48.7859,48.7859,48.7859,48.7859,500,0
TAYD.US,5,20250903,215000,48.5,48.5,48.5,48.5,394,0
TAYD.US,5,20250903,215500,48,48.31,47.9982,48.31,300,0
TAYD.US,5,20250904,153000,48.81,48.81,48.81,48.81,121,0
TAYD.US,5,20250904,171500,48.925,48.925,48.925,48.925,100,0
TAYD.US,5,20250904,172500,48.83,48.83,48.83,48.83,100,0
TAYD.US,5,20250904,182000,49.135,49.135,49.135,49.135,100,0
TAYD.US,5,20250904,185000,49.245,49.245,49.245,49.245,100,0
TAYD.US,5,20250904,201500,48.7001,48.7001,48.7001,48.7001,176,0
TAYD.US,5,20250904,215500,49.3,49.3,49.3,49.3,258,0
TAYD.US,5,20250905,153000,49.42,49.42,49.42,49.42,361,0
TAYD.US,5,20250905,160500,48.66,48.66,48.66,48.66,100,0
TAYD.US,5,20250905,171000,48.415,48.415,48.415,48.415,153,0
TAYD.US,5,20250905,184000,48.015,48.015,48.015,48.015,100,0
TAYD.US,5,20250905,192000,48.0101,48.0101,48.0101,48.0101,235,0
TAYD.US,5,20250905,193500,48.1004,48.1004,48.1004,48.1004,225,0
TAYD.US,5,20250905,200500,48.49,48.49,48.46,48.46,206,0
TAYD.US,5,20250905,215000,47.5649,47.5649,47.5649,47.5649,290,0
TAYD.US,5,20250905,215500,47.91,47.91,47.91,47.91,481,0
TAYD.US,5,20250908,170000,47.44,47.44,47.44,47.44,100,0
TAYD.US,5,20250908,190000,47.7795,47.7795,47.7795,47.7795,185,0
TAYD.US,5,20250908,215500,47.75,47.75,47.75,47.75,115,0
TAYD.US,5,20250909,160000,46.75,46.75,46.75,46.75,140,0
TAYD.US,5,20250909,165500,47.83,47.83,46.43,46.43,15652,0
TAYD.US,5,20250909,172000,46.1,47,46.1,47,18094,0
TAYD.US,5,20250909,172500,46.5,46.5,46.5,46.5,120,0
TAYD.US,5,20250909,174000,46.74,46.74,46.74,46.74,100,0
TAYD.US,5,20250909,175500,46.72,46.72,46.72,46.72,206,0
TAYD.US,5,20250909,200500,46.3,46.3,46.28,46.3,691,0
TAYD.US,5,20250909,201000,46.39,46.39,46.39,46.39,100,0
TAYD.US,5,20250909,215000,46.77,46.77,46.77,46.77,100,0
TAYD.US,5,20250909,215500,46.74,46.74,46.74,46.74,477,0
TAYD.US,5,20250910,161000,46.7,46.7,46.7,46.7,178,0
TAYD.US,5,20250910,215000,46.585,46.73,46.5,46.5,523,0
TAYD.US,5,20250910,215500,46.45,46.45,45.74,45.74,351,0
TAYD.US,5,20250911,174000,46.4577,46.4577,45.47,45.47,3822,0
TAYD.US,5,20250911,183000,46.6808,46.6808,46.6808,46.6808,106,0
TAYD.US,5,20250911,202000,47.19,47.19,47.19,47.19,100,0
TAYD.US,5,20250911,213000,47.68,47.68,47.68,47.68,100,0
TAYD.US,5,20250911,215500,47.85,47.85,47.56,47.56,348,0
TAYD.US,5,20250912,153000,48.37,48.37,48.37,48.37,245,0
TAYD.US,5,20250912,160500,47.67,47.75,47.67,47.67,400,0
TAYD.US,5,20250912,161000,47.893,47.893,47.893,47.893,100,0
TAYD.US,5,20250912,182000,47.75,47.75,47.15,47.7,300,0
TAYD.US,5,20250912,184500,47.02,47.02,47.02,47.02,348,0
TAYD.US,5,20250912,190000,46.965,46.965,46.965,46.965,300,0
TAYD.US,5,20250912,190500,47.25,47.25,47.25,47.25,497,0
TAYD.US,5,20250912,192500,47.5337,47.5337,47.525,47.525,400,0
TAYD.US,5,20250912,195500,47.76,47.76,47.76,47.76,100,0
TAYD.US,5,20250912,205000,47.845,47.845,47.845,47.845,100,0
TAYD.US,5,20250912,210000,47.22,47.23,47.22,47.23,300,0
TAYD.US,5,20250912,211500,47.22,47.22,47.22,47.22,100,0
TAYD.US,5,20250912,215000,47.135,47.93,47.135,47.66,400,0
TAYD.US,5,20250912,215500,47.3,47.3,47.3,47.3,352,0
TAYD.US,5,20250915,153000,46.83,46.83,44.0001,45.4,305,0
TAYD.US,5,20250915,160000,46.9835,46.9835,46.9835,46.9835,500,0
TAYD.US,5,20250915,182500,46.9835,46.9835,46.9835,46.9835,308,0
TAYD.US,5,20250915,201000,47.5737,47.5737,47.5737,47.5737,500,0
TAYD.US,5,20250915,204000,47.4025,47.4025,47.4025,47.4025,404,0
TAYD.US,5,20250915,204500,46.9865,46.9865,46.9865,46.9865,500,0
TAYD.US,5,20250915,212500,47.26,47.26,47.07,47.07,300,0
TAYD.US,5,20250916,154500,48.46,48.609,48.46,48.609,210,0
TAYD.US,5,20250916,215500,47.3,47.3,47.01,47.01,729,0
TAYD.US,5,20250917,173500,48.213,48.213,48.213,48.213,100,0
TAYD.US,5,20250917,201000,48.2999,48.2999,47.555,47.555,303,0
TAYD.US,5,20250917,203000,47.69,47.69,47.69,47.69,100,0
TAYD.US,5,20250918,153000,47.68,47.68,47.68,47.68,366,0
TAYD.US,5,20250918,154500,47.375,47.375,47.375,47.375,251,0
TAYD.US,5,20250918,162000,47.5144,47.5144,47.5144,47.5144,250,0
TAYD.US,5,20250918,164000,47.1301,47.1301,47.1301,47.1301,312,0
TAYD.US,5,20250918,192000,47.345,47.345,47.345,47.345,200,0
TAYD.US,5,20250918,192500,47,47,46.77,47,5490,0
TAYD.US,5,20250918,200000,47,47,47,47,217,0
TAYD.US,5,20250918,200500,47,47,46.94,47,574,0
TAYD.US,5,20250918,201500,47,47,47,47,516,0
TAYD.US,5,20250918,210000,47.28,47.375,47.28,47.29,400,0
TAYD.US,5,20250918,211500,47.405,47.7499,47.405,47.7499,300,0
TAYD.US,5,20250918,214000,47.38,47.4,47.1,47.4,1063,0
TAYD.US,5,20250918,214500,47.385,47.385,47.385,47.385,100,0
TAYD.US,5,20250918,215000,47.46,47.46,47.46,47.46,100,0
TAYD.US,5,20250918,215500,47.25,47.25,47.25,47.25,534,0
TAYD.US,5,20250919,153000,47.71,47.71,47.71,47.71,274,0
TAYD.US,5,20250919,162500,47.3,47.3,47.3,47.3,194,0
TAYD.US,5,20250919,180500,46.5,46.5,46.5,46.5,100,0
TAYD.US,5,20250919,182000,46.93,47,46.93,47,485,0
TAYD.US,5,20250919,184000,47.08,47.175,47.08,47.175,355,0
TAYD.US,5,20250919,191000,47.16,47.16,47,47,207,0
TAYD.US,5,20250919,191500,46.92,46.92,46.83,46.83,200,0
TAYD.US,5,20250919,192500,47.0985,47.16,47,47,850,0
TAYD.US,5,20250919,200500,47.16,47.16,47,47,642,0
TAYD.US,5,20250919,202000,47,47,47,47,182,0
TAYD.US,5,20250919,211500,46.99,46.99,46.99,46.99,102,0
TAYD.US,5,20250919,215500,46.85,46.85,46.85,46.85,199,0
TAYD.US,5,20250922,153000,46.89,46.89,46.89,46.89,442,0
TAYD.US,5,20250922,153500,46.86,46.86,46.5,46.5,1300,0
TAYD.US,5,20250922,154000,45.25,46.5,45.25,46.5,359,0
TAYD.US,5,20250922,154500,46.205,46.205,46.205,46.205,465,0
TAYD.US,5,20250922,155000,46.98,47,46.98,47,267,0
TAYD.US,5,20250922,155500,47,47,47,47,100,0
TAYD.US,5,20250922,160000,46.85,47,46.85,47,580,0
TAYD.US,5,20250922,160500,47,47,47,47,315,0
TAYD.US,5,20250922,162000,47.54,47.54,47.54,47.54,328,0
TAYD.US,5,20250922,165500,47.3875,47.75,47.3875,47.75,972,0
TAYD.US,5,20250922,173500,48.3,48.3,48,48,500,0
TAYD.US,5,20250922,175500,49.1499,49.1499,49.1499,49.1499,630,0
TAYD.US,5,20250922,192000,48.6249,48.6249,48.6249,48.6249,100,0
TAYD.US,5,20250922,193500,49,49,48.9876,48.9876,200,0
TAYD.US,5,20250922,200500,49.56,49.56,49.56,49.56,100,0
TAYD.US,5,20250922,201500,49.9,50,49.9,50,1471,0
TAYD.US,5,20250922,203500,49.19,49.19,49.15,49.15,200,0
TAYD.US,5,20250922,204500,50,50,49.96,50,8974,0
TAYD.US,5,20250922,205000,50.8,50.8,50.8,50.8,200,0
TAYD.US,5,20250922,205500,50.7797,51.1375,50.7797,51.1375,1555,0
TAYD.US,5,20250922,210000,51.5,51.5,51.09,51.09,354,0
TAYD.US,5,20250922,211500,51,51,51,51,106,0
TAYD.US,5,20250922,212000,51.0087,51.45,51.0087,51.45,1003,0
TAYD.US,5,20250922,213500,50.5201,50.5201,50.5201,50.5201,500,0
TAYD.US,5,20250922,215500,51.45,51.93,51.45,51.93,708,0
TAYD.US,5,20250923,153000,51.75,51.75,51.75,51.75,371,0
TAYD.US,5,20250923,154000,48.925,49.31,48.925,49.31,200,0
TAYD.US,5,20250923,164500,49.34,49.35,49.34,49.35,1061,0
TAYD.US,5,20250923,173000,48.03,48.03,48.03,48.03,100,0
TAYD.US,5,20250923,184500,47.61,48.36,47.61,48.36,331,0
TAYD.US,5,20250923,195500,47.39,47.39,47.39,47.39,300,0
TAYD.US,5,20250923,200500,47.39,47.65,47.39,47.6197,400,0
TAYD.US,5,20250923,202000,47.39,47.39,47.27,47.39,542,0
TAYD.US,5,20250923,215500,49.19,49.19,49.19,49.19,651,0
TAYD.US,5,20250924,163500,48.8689,48.8689,48.8689,48.8689,165,0
TAYD.US,5,20250924,204500,48.26,48.2601,48.26,48.2601,400,0
TAYD.US,5,20250924,215500,47.59,47.59,47.59,47.59,158,0
TAYD.US,5,20250925,180500,48.63,48.63,48.63,48.63,100,0
TAYD.US,5,20250925,183500,47,47,47,47,100,0
TAYD.US,5,20250925,192500,46.82,47,46.54,47,480,0
TAYD.US,5,20250925,195000,47,47.25,47,47.25,649,0
TAYD.US,5,20250925,202500,47,47,47,47,300,0
TAYD.US,5,20250925,210500,47,47,47,47,461,0
TAYD.US,5,20250925,213500,48,48,48,48,101,0
TAYD.US,5,20250925,214000,48.07,48.07,48.07,48.07,100,0
TAYD.US,5,20250925,214500,48.07,48.07,48.07,48.07,100,0
TAYD.US,5,20250925,215500,48.71,48.71,48.71,48.71,182,0
TAYD.US,5,20250926,153000,47,47,47,47,100,0
TAYD.US,5,20250926,161000,48.58,48.58,48.58,48.58,100,0
TAYD.US,5,20250926,161500,47.92,47.92,47.92,47.92,149,0
TAYD.US,5,20250926,203000,48.68,48.68,48.68,48.68,100,0
TAYD.US,5,20250926,210000,49.1,49.1,49.1,49.1,171,0
TAYD.US,5,20250926,212000,49.28,49.28,49.28,49.28,100,0
TAYD.US,5,20250926,213500,49.645,49.645,49.48,49.63,749,0
TAYD.US,5,20250926,215500,49.66,49.66,49.31,49.66,570,0
TAYD.US,5,20250929,153000,51.75,51.75,51.75,51.75,323,0
TAYD.US,5,20250929,165000,50.44,50.44,50.44,50.44,200,0
TAYD.US,5,20250929,171500,50.11,50.11,50.11,50.11,200,0
TAYD.US,5,20250929,173500,49.98,49.98,49.98,49.98,262,0
TAYD.US,5,20250929,205000,48.89,48.89,47.99,47.99,320,0
TAYD.US,5,20250929,213000,48.7,48.7,48.7,48.7,145,0
TAYD.US,5,20250929,213500,48.77,48.77,48.77,48.77,138,0
TAYD.US,5,20250929,215000,48.6,48.6,48.6,48.6,100,0
TAYD.US,5,20250929,215500,48.575,48.87,48.575,48.87,431,0
TAYD.US,5,20250930,153000,48.28,48.28,48.28,48.28,442,0
TAYD.US,5,20250930,171500,49.36,49.36,49.36,49.36,100,0
TAYD.US,5,20250930,185000,48.48,48.48,48.48,48.48,100,0
TAYD.US,5,20250930,202000,48.291,48.291,48.291,48.291,500,0
TAYD.US,5,20250930,212500,48.53,48.58,48.53,48.58,511,0
TAYD.US,5,20251001,153000,47.66,47.66,46.99,47,1529,0
TAYD.US,5,20251001,154500,46.5,46.72,46.5,46.72,400,0
TAYD.US,5,20251001,155000,46.9417,46.9417,44.98,45.12,2434,0
TAYD.US,5,20251001,155500,45,45,45,45,100,0
TAYD.US,5,20251001,160000,45,45.5,45,45.5,241,0
TAYD.US,5,20251001,161500,45,45,44.9673,44.9673,300,0
TAYD.US,5,20251001,162000,45.0127,45.0127,45.0127,45.0127,100,0
TAYD.US,5,20251001,162500,44.95,44.95,44.95,44.95,100,0
TAYD.US,5,20251001,163000,45.048,45.5,44.5,45.5,515,0
TAYD.US,5,20251001,165500,45.44,46.51,45.44,45.75,2805,0
TAYD.US,5,20251001,171000,45.805,45.805,45.805,45.805,100,0
TAYD.US,5,20251001,172500,46.45,46.45,46.43,46.43,200,0
TAYD.US,5,20251001,175500,46.08,46.08,46.08,46.08,100,0
TAYD.US,5,20251001,180000,46.2469,46.2469,46,46,200,0
TAYD.US,5,20251001,180500,46,46,45.56,45.56,500,0
TAYD.US,5,20251001,181000,45.8254,46,45.8254,46,252,0
TAYD.US,5,20251001,182500,46.0001,46.0001,46.0001,46.0001,200,0
TAYD.US,5,20251001,190500,46.01,46.01,46.01,46.01,100,0
TAYD.US,5,20251001,191500,46.0867,46.0867,46.0867,46.0867,346,0
TAYD.US,5,20251001,193000,46,46.025,45.545,46.025,1641,0
TAYD.US,5,20251001,193500,46,46,46,46,160,0
TAYD.US,5,20251001,200000,46,46.22,44.42,46.22,4418,0
TAYD.US,5,20251001,214000,46.57,46.57,46.57,46.57,108,0
TAYD.US,5,20251001,215000,46.0146,46.0146,46.0146,46.0146,1900,0
TAYD.US,5,20251001,215500,46.1973,46.7378,46.1973,46.54,2782,0
TAYD.US,5,20251002,153000,46.29,46.29,44.95,44.95,517,0
TAYD.US,5,20251002,154000,44.95,46.0029,44.95,46.0029,600,0
TAYD.US,5,20251002,154500,45.9086,45.9086,45.9086,45.9086,100,0
TAYD.US,5,20251002,155000,45.27,46.39,45.27,46.39,440,0
TAYD.US,5,20251002,155500,45.445,46,45.445,46,850,0
TAYD.US,5,20251002,160000,46,46.4,45.93,46.4,2027,0
TAYD.US,5,20251002,162000,46.6,46.6,46,46,750,0
TAYD.US,5,20251002,165500,46,46,46,46,220,0
TAYD.US,5,20251002,170500,45.6,45.6,45.6,45.6,1000,0
TAYD.US,5,20251002,175500,46,46,46,46,300,0
TAYD.US,5,20251002,180000,46,46,45.81,45.81,590,0
TAYD.US,5,20251002,180500,45.8687,45.8687,45.81,45.81,514,0
TAYD.US,5,20251002,181000,45.86,45.86,45.8,45.839,1394,0
TAYD.US,5,20251002,181500,45.92,45.92,45.92,45.92,100,0
TAYD.US,5,20251002,182500,46,46,46,46,211,0
TAYD.US,5,20251002,184000,46,46.2301,46,46.2301,666,0
TAYD.US,5,20251002,184500,46,46,46,46,113,0
TAYD.US,5,20251002,185500,46,46,46,46,200,0
TAYD.US,5,20251002,190500,45.36,46.05,45.36,46.05,200,0
TAYD.US,5,20251002,191000,45.365,45.365,45.365,45.365,100,0
TAYD.US,5,20251002,191500,45.81,45.81,45.81,45.81,100,0
TAYD.US,5,20251002,193000,46.2099,46.2099,45.81,45.81,200,0
TAYD.US,5,20251002,193500,46.34,46.34,46,46,1100,0
TAYD.US,5,20251002,202000,45.92,45.92,45.92,45.92,490,0
TAYD.US,5,20251002,215000,45.4278,45.4278,45.4278,45.4278,166,0
TAYD.US,5,20251002,215500,45.575,45.575,45.14,45.14,636,0
TAYD.US,5,20251003,153000,45.19,45.19,45.19,45.19,232,0
TAYD.US,5,20251003,154000,45.09,45.09,45.0899,45.0899,280,0
TAYD.US,5,20251003,160500,45.09,45.09,45.09,45.09,100,0
TAYD.US,5,20251003,170500,44.461,44.461,44.39,44.39,630,0
TAYD.US,5,20251003,172000,43.9866,45.02,43.9866,45.02,344,0
TAYD.US,5,20251003,185500,44.3163,44.3163,44.3163,44.3163,192,0
TAYD.US,5,20251003,191000,43.5,43.5,43.5,43.5,1779,0
TAYD.US,5,20251003,192000,43.3891,43.405,43.3891,43.405,422,0
TAYD.US,5,20251003,204000,43,43,42.78,42.78,200,0
TAYD.US,5,20251003,211500,42.68,42.68,42.68,42.68,100,0
TAYD.US,5,20251003,214500,42.93,42.93,42.93,42.93,171,0
TAYD.US,5,20251003,215000,42.51,42.8,42.02,42.355,3515,0
TAYD.US,5,20251003,215500,42.02,42.915,42.02,42.37,3729,0
TAYD.US,5,20251006,153000,41.99,42.37,41.9249,42.37,7773,0
TAYD.US,5,20251006,160500,42.73,42.73,42.73,42.73,100,0
TAYD.US,5,20251006,162500,42.27,42.27,42.27,42.27,400,0
TAYD.US,5,20251006,171500,42.87,42.87,42.87,42.87,120,0
TAYD.US,5,20251006,180000,42.97,43.18,42.93,42.93,400,0
TAYD.US,5,20251006,180500,42.896,42.896,42.515,42.515,500,0
TAYD.US,5,20251006,181000,42.6,42.6,42.6,42.6,100,0
TAYD.US,5,20251006,182000,42.6,42.6,42.6,42.6,200,0
TAYD.US,5,20251006,184500,42.525,42.525,42.525,42.525,500,0
TAYD.US,5,20251006,190000,42.525,42.525,42.525,42.525,100,0
TAYD.US,5,20251006,191000,42.3605,42.3605,42.3605,42.3605,954,0
TAYD.US,5,20251006,193000,42.77,42.77,42.27,42.27,458,0
TAYD.US,5,20251006,200500,42.6238,42.6238,42.6238,42.6238,500,0
TAYD.US,5,20251006,203500,42.39,42.39,42.39,42.39,100,0
TAYD.US,5,20251006,205500,42.5,42.72,42.5,42.72,267,0
TAYD.US,5,20251006,210500,42.56,43.078677,42.5599,42.5599,843,0
TAYD.US,5,20251006,213000,43.17,43.2,42.4,42.42,1200,0
TAYD.US,5,20251006,213500,42.4,42.4,42.4,42.4,100,0
TAYD.US,5,20251006,214500,42.43,42.43,42.39,42.39,300,0
TAYD.US,5,20251006,215500,42.77,43.19,42.43,42.975,3082,0
TAYD.US,5,20251007,153000,43.23,43.23,43.23,43.23,164,0
TAYD.US,5,20251007,153500,41.42,42.37,41.11,41.11,1483,0
TAYD.US,5,20251007,155500,41.69,41.69,41.69,41.69,100,0
TAYD.US,5,20251007,160500,42.06,42.96,42.06,42.9599,1000,0
TAYD.US,5,20251007,161000,42.13,42.13,42.13,42.13,100,0
TAYD.US,5,20251007,163000,42.095,42.095,42.095,42.095,450,0
TAYD.US,5,20251007,164000,43.1,43.1,43.1,43.1,100,0
TAYD.US,5,20251007,210000,42.85,42.85,42.85,42.85,141,0
TAYD.US,5,20251007,214500,42.66,42.66,42.66,42.66,166,0
TAYD.US,5,20251007,215000,42.6746,42.6746,42.6746,42.6746,320,0
TAYD.US,5,20251007,215500,42.79,43.49,42.79,43.49,501,0
TAYD.US,5,20251008,153000,43.3,43.3,43.3,43.3,213,0
TAYD.US,5,20251008,155000,42.5,42.5,42.5,42.5,462,0
TAYD.US,5,20251008,155500,42.5,42.5,42.5,42.5,270,0
TAYD.US,5,20251008,160000,43,43,43,43,100,0
TAYD.US,5,20251008,174000,42.38,42.38,42.21,42.21,300,0
TAYD.US,5,20251008,180000,42.78,42.78,42.78,42.78,100,0
TAYD.US,5,20251008,180500,42.41,42.45,42.24,42.24,573,0
TAYD.US,5,20251008,183500,42.42,42.42,42.42,42.42,129,0
TAYD.US,5,20251008,185000,42.0305,42.3458,42.0305,42.3458,999,0
TAYD.US,5,20251008,191000,42.25,42.25,42.25,42.25,500,0
TAYD.US,5,20251008,195000,41.5,41.5,41.5,41.5,100,0
TAYD.US,5,20251008,200000,41.852,41.852,41.852,41.852,671,0
TAYD.US,5,20251008,200500,41.555,41.555,41.555,41.555,400,0
TAYD.US,5,20251008,210500,41.83,41.83,41.594,41.83,1460,0
TAYD.US,5,20251008,214000,41.94,41.94,41.94,41.94,266,0
TAYD.US,5,20251008,215500,42.16,42.221,42.1,42.1,406,0
TAYD.US,5,20251009,153000,42.47,42.47,42.47,42.47,176,0
TAYD.US,5,20251009,162000,42.45,42.45,42.45,42.45,100,0
TAYD.US,5,20251009,191500,42.3228,42.3228,42.26,42.26,500,0
TAYD.US,5,20251009,192500,42.49,42.53,42.32,42.32,600,0
TAYD.US,5,20251009,200500,42.5499,42.5499,42.5499,42.5499,500,0
TAYD.US,5,20251009,201000,42.44,42.44,42.44,42.44,293,0
TAYD.US,5,20251009,205500,42.69,42.72,42.69,42.69,840,0
TAYD.US,5,20251009,210000,42.68,42.68,42.68,42.68,100,0
TAYD.US,5,20251009,213500,43.4801,43.4801,43.4801,43.4801,130,0
TAYD.US,5,20251009,214500,43.335,43.38,43.335,43.38,200,0
TAYD.US,5,20251009,215000,43.35,43.35,43.35,43.35,100,0
TAYD.US,5,20251009,215500,43.29,43.29,43.29,43.29,248,0
TAYD.US,5,20251010,153000,43.37,43.37,43.37,43.37,187,0
TAYD.US,5,20251010,165000,42.89,42.89,42.89,42.89,100,0
TAYD.US,5,20251010,173000,42.89,42.89,42.89,42.89,260,0
TAYD.US,5,20251010,182000,42.65,42.65,42.65,42.65,100,0
TAYD.US,5,20251010,193000,42.74,42.79,42.6,42.6,700,0
TAYD.US,5,20251010,212000,42.73,42.73,42.73,42.73,100,0
TAYD.US,5,20251010,215000,42.745,43,42.745,43,200,0
TAYD.US,5,20251010,215500,42.38,42.38,42.38,42.38,311,0
TAYD.US,5,20251013,153000,43.21,43.21,43.21,43.21,173,0
TAYD.US,5,20251013,165000,43.43,43.43,43.43,43.43,100,0
TAYD.US,5,20251013,203500,42.66,42.66,42.66,42.66,100,0
TAYD.US,5,20251013,215500,42.96,42.96,42.68,42.68,642,0
TAYD.US,5,20251014,153000,42.68,42.68,42.68,42.68,171,0
TAYD.US,5,20251014,173500,42.36,42.36,42.36,42.36,100,0
TAYD.US,5,20251014,200500,43.61,43.61,43.6,43.6,300,0
TAYD.US,5,20251014,205500,43.4645,43.4645,43.4645,43.4645,180,0
TAYD.US,5,20251014,215500,42.68,42.68,42.68,42.68,444,0
TAYD.US,5,20251015,153000,43.56,43.56,43.56,43.56,354,0
TAYD.US,5,20251015,175500,42.55,42.55,42.55,42.55,100,0
TAYD.US,5,20251015,182000,42.7,42.7,42.7,42.7,100,0
TAYD.US,5,20251015,183500,42.69,43.05,42.69,43.05,1073,0
TAYD.US,5,20251015,184000,43.05,43.05,43.05,43.05,896,0
TAYD.US,5,20251015,184500,42.54,42.54,42.54,42.54,100,0
TAYD.US,5,20251015,190000,42.51,42.51,42.51,42.51,100,0
TAYD.US,5,20251015,191000,42.51,42.51,42.51,42.51,100,0
TAYD.US,5,20251015,192500,42.51,42.51,42.51,42.51,100,0
TAYD.US,5,20251015,194000,42.84,42.84,42.84,42.84,100,0
TAYD.US,5,20251015,195000,42.51,42.51,42.51,42.51,100,0
TAYD.US,5,20251015,200500,42.51,42.51,42.51,42.51,100,0
TAYD.US,5,20251015,201500,42.74,43.02,42.74,43.02,300,0
TAYD.US,5,20251015,204000,43.055,43.055,43.055,43.055,100,0
TAYD.US,5,20251015,205500,43.125,43.125,43.125,43.125,100,0
TAYD.US,5,20251015,210500,42.61,42.61,42.61,42.61,100,0
TAYD.US,5,20251015,212000,43.055,43.055,43.055,43.055,100,0
TAYD.US,5,20251015,213000,43.085,43.085,43.085,43.085,100,0
TAYD.US,5,20251015,214500,43.085,43.085,43.085,43.085,100,0
TAYD.US,5,20251015,215000,43.01,43.01,43.01,43.01,100,0
TAYD.US,5,20251015,215500,43,43.44,42.985,43,1305,0
TAYD.US,5,20251016,153000,42.7,42.7,42.7,42.7,215,0
TAYD.US,5,20251016,185000,42.7,42.7,42.7,42.7,500,0
TAYD.US,5,20251016,193500,42.45,42.45,42.45,42.45,100,0
TAYD.US,5,20251016,201500,42.3399,42.3399,42.3399,42.3399,473,0
TAYD.US,5,20251016,203000,42.37,42.463737,42.31507,42.463737,763,0
TAYD.US,5,20251016,211000,41.99,41.99,41.99,41.99,100,0
TAYD.US,5,20251016,211500,42.25,42.25,41.63,41.63,300,0
TAYD.US,5,20251016,212000,41.63,41.63,41.63,41.63,100,0
TAYD.US,5,20251016,212500,41.63,41.63,41.63,41.63,100,0
TAYD.US,5,20251016,213000,41.56,41.56,41.56,41.56,100,0
TAYD.US,5,20251016,213500,41.55,41.55,41.55,41.55,100,0
TAYD.US,5,20251016,214000,41.9257,42.2,41.9257,42.2,1100,0
TAYD.US,5,20251016,214500,41.695,42.34,41.65,41.65,763,0
TAYD.US,5,20251016,215000,41.73,41.73,41.73,41.73,100,0
TAYD.US,5,20251016,215500,41.61,41.61,41.28,41.28,967,0
TAYD.US,5,20251017,161000,41.89,41.9,41.89,41.9,365,0
TAYD.US,5,20251017,163000,41.9,41.9,41.9,41.9,485,0
TAYD.US,5,20251017,165500,41.07,41.07,41.07,41.07,100,0
TAYD.US,5,20251017,171500,41,41,40.5,40.5,2352,0
TAYD.US,5,20251017,174500,41.23,41.4,41.23,41.4,213,0
TAYD.US,5,20251017,184500,41.03,41.03,41.03,41.03,100,0
TAYD.US,5,20251017,191000,41.02,41.02,41.02,41.02,100,0
TAYD.US,5,20251017,194000,41.01,41.01,41.01,41.01,100,0
TAYD.US,5,20251017,203500,41.01,41.01,41.01,41.01,100,0
TAYD.US,5,20251017,205000,41.515,41.515,41.515,41.515,200,0
TAYD.US,5,20251017,210000,41.5,41.51,41.5,41.51,2060,0
TAYD.US,5,20251017,213000,41.52,41.52,41.52,41.52,100,0
TAYD.US,5,20251017,214500,41.91,41.91,41.91,41.91,100,0
TAYD.US,5,20251017,215000,41.76,41.76,41.76,41.76,100,0
TAYD.US,5,20251017,215500,42,42.45,42,42.45,1128,0
TAYD.US,5,20251020,171500,42.96,42.96,42.96,42.96,200,0
TAYD.US,5,20251020,173500,41.885,41.885,41.86,41.86,500,0
TAYD.US,5,20251020,203500,42.14,42.14,42.14,42.14,100,0
TAYD.US,5,20251020,211500,42.13,42.19,42.12,42.12,1100,0
TAYD.US,5,20251020,214000,42.18,42.18,42.18,42.18,100,0
TAYD.US,5,20251021,164500,42,42,42,42,1278,0
TAYD.US,5,20251021,182500,42.0175,42.045,42.0175,42.045,200,0
TAYD.US,5,20251021,183500,41.92,41.92,41.92,41.92,102,0
TAYD.US,5,20251021,192000,42.3724,42.48,42.3724,42.48,200,0
TAYD.US,5,20251021,192500,42.46,42.542,42.46,42.542,400,0
TAYD.US,5,20251021,215500,41.96,41.96,41.608,41.608,546,0
TAYD.US,5,20251022,153000,41.75,41.75,41.75,41.75,215,0
TAYD.US,5,20251022,164000,41.93,41.93,41.93,41.93,100,0
TAYD.US,5,20251022,164500,41.92,41.95,41.92,41.93,300,0
TAYD.US,5,20251022,171500,42.07,42.735,42.07,42.735,450,0
TAYD.US,5,20251022,175500,42.03,42.03,42.03,42.03,100,0
TAYD.US,5,20251022,182000,42,42,42,42,199,0
TAYD.US,5,20251022,190000,41.5083,41.5083,41.5083,41.5083,167,0
TAYD.US,5,20251022,205500,41.32,41.32,41.32,41.32,100,0
TAYD.US,5,20251022,214000,41.355,41.355,41.355,41.355,100,0
TAYD.US,5,20251022,214500,41.43,41.43,41.43,41.43,100,0
TAYD.US,5,20251022,215000,41.68,41.68,41.68,41.68,100,0
TAYD.US,5,20251022,215500,41.39,41.52,41.39,41.52,530,0
TAYD.US,5,20251023,154000,40.76,40.76,40.5,40.6,3305,0
TAYD.US,5,20251023,171000,40.63,40.63,40.63,40.63,100,0
TAYD.US,5,20251023,182000,40.68,40.68,40.68,40.68,100,0
TAYD.US,5,20251023,190000,40.68,40.68,40.68,40.68,100,0
TAYD.US,5,20251023,193500,40.73,41,40.73,41,492,0
TAYD.US,5,20251023,194000,41.04,41.04,40.99,40.99,282,0
TAYD.US,5,20251023,194500,41.25,41.25,40.85,41.2,7973,0
TAYD.US,5,20251023,195000,41.905,42.12,41.83,42.1,2341,0
TAYD.US,5,20251023,212500,42.06,42.06,42.06,42.06,150,0
TAYD.US,5,20251023,215500,41.935,42.77,41.935,42.62,602,0
TAYD.US,5,20251024,153000,43.37,43.37,43.37,43.37,155,0
TAYD.US,5,20251024,164000,44,44,43.99,44,2400,0
TAYD.US,5,20251024,172000,43.78,43.78,43.78,43.78,101,0
TAYD.US,5,20251024,173000,44.05,44.145,44.05,44.145,465,0
TAYD.US,5,20251024,173500,44.265,44.265,43.5201,43.5201,650,0
TAYD.US,5,20251024,181000,44.3981,44.3981,44.3981,44.3981,100,0
TAYD.US,5,20251024,184000,44.57,44.57,44.57,44.57,100,0
TAYD.US,5,20251024,214000,45.13,45.13,44.68,44.68,1467,0
TAYD.US,5,20251024,215000,44.83,44.83,44.83,44.83,102,0
TAYD.US,5,20251024,215500,45.59,45.59,45.35,45.35,252,0
TAYD.US,5,20251027,143000,45.83,45.83,45.83,45.83,122,0
TAYD.US,5,20251027,205500,44.475,44.475,44.45,44.45,620,0
TAYD.US,5,20251028,143000,44.25,44.25,43.92,43.92,485,0
TAYD.US,5,20251028,163000,43.2393,43.2393,43.2393,43.2393,220,0
TAYD.US,5,20251028,182500,43.4955,43.4955,43.4955,43.4955,100,0
TAYD.US,5,20251028,205500,44.273653,44.273653,43.69,43.75,1897,0
TAYD.US,5,20251029,143000,43.75,43.75,43.75,43.75,212,0
TAYD.US,5,20251029,172000,43.314,43.314,43.314,43.314,100,0
TAYD.US,5,20251029,174000,43.56,43.56,43.56,43.56,100,0
TAYD.US,5,20251029,194000,43.3,43.3,43.3,43.3,100,0
TAYD.US,5,20251030,143000,43.99,43.99,43.99,43.99,107,0
TAYD.US,5,20251030,195500,43.59,43.59,43.59,43.59,115,0
TAYD.US,5,20251030,200000,43.91,44,43.91,44,282,0
TAYD.US,5,20251031,172000,45.37,45.37,45.37,45.37,269,0
TAYD.US,5,20251031,180500,44.38,44.38,44.38,44.38,100,0
TAYD.US,5,20251031,182000,44.54,44.54,44.54,44.54,100,0
TAYD.US,5,20251031,205500,44.65,44.65,44.34,44.34,200,0
TAYD.US,5,20251103,153000,45.8,45.8,45.8,45.8,243,0
TAYD.US,5,20251103,155000,45.045,45.045,45.01,45.01,200,0
TAYD.US,5,20251103,155500,45,45,45,45,166,0
TAYD.US,5,20251103,183500,45.5992,45.5992,45.5992,45.5992,100,0
TAYD.US,5,20251103,185000,44.285,44.285,44.285,44.285,100,0
TAYD.US,5,20251103,202500,45.4309,45.4309,45.4309,45.4309,118,0
TAYD.US,5,20251103,204000,44.9,44.9,44.9,44.9,100,0
TAYD.US,5,20251103,215500,44.94,44.94,44.94,44.94,100,0
TAYD.US,5,20251104,153500,43.21,43.21,43.21,43.21,100,0
TAYD.US,5,20251104,182500,44.25,44.25,44.25,44.25,100,0
TAYD.US,5,20251104,195500,44.99,44.99,44.96,44.98,670,0
TAYD.US,5,20251104,200000,44.34,44.82,44.34,44.82,895,0
TAYD.US,5,20251104,202500,44.8,44.8,44.8,44.8,453,0
TAYD.US,5,20251104,203000,45.45,45.45,45.29,45.45,600,0
TAYD.US,5,20251104,205500,44.99,44.99,44.99,44.99,100,0
TAYD.US,5,20251104,215000,44.76,44.76,44.76,44.76,100,0
TAYD.US,5,20251104,215500,45.89,45.89,45.89,45.89,100,0
TAYD.US,5,20251105,164500,46.88,46.88,46.88,46.88,100,0
TAYD.US,5,20251105,185500,46.75,46.75,46.75,46.75,120,0
TAYD.US,5,20251105,191000,47.6999,47.6999,47.6999,47.6999,332,0
TAYD.US,5,20251105,211000,46.67,46.67,46.67,46.67,100,0
TAYD.US,5,20251105,211500,46.47,46.47,46.47,46.47,175,0
TAYD.US,5,20251106,153000,46.72,46.72,46.72,46.72,139,0
TAYD.US,5,20251106,174500,46.14,46.14,46.14,46.14,100,0
TAYD.US,5,20251106,183000,46.5899,46.5899,46.5899,46.5899,165,0
TAYD.US,5,20251106,192000,46.3,46.3,46.3,46.3,100,0
TAYD.US,5,20251106,213000,47.38,47.38,46.88,46.88,363,0
TAYD.US,5,20251106,215500,47.55,47.56,47.48,47.48,329,0
TAYD.US,5,20251107,153000,46.28,46.28,46.28,46.28,234,0
TAYD.US,5,20251107,163000,46.35,46.35,46.35,46.35,143,0
TAYD.US,5,20251107,165000,46.81,46.81,46.81,46.81,100,0
TAYD.US,5,20251107,171000,46.5,46.5,46.5,46.5,345,0
TAYD.US,5,20251107,171500,45.87,46.38,45.53,45.57,500,0
TAYD.US,5,20251107,192000,46.71,46.71,46.71,46.71,100,0
TAYD.US,5,20251107,204000,47.41,47.41,47.41,47.41,183,0
TAYD.US,5,20251107,213000,47.03,47.03,46.95,46.95,497,0
TAYD.US,5,20251107,215500,47.155,47.155,46.77,46.77,200,0
TAYD.US,5,20251110,170000,46.99,46.99,46.99,46.99,100,0
TAYD.US,5,20251110,173500,48.09,48.09,48.09,48.09,100,0
TAYD.US,5,20251110,180000,48,48,48,48,100,0
TAYD.US,5,20251110,190500,48.63,48.63,48.63,48.63,100,0
TAYD.US,5,20251110,215000,48.6,48.6,48.6,48.6,141,0
TAYD.US,5,20251111,172000,48.94,48.94,48.94,48.94,100,0
TAYD.US,5,20251111,182500,49,49,49,49,109,0
TAYD.US,5,20251111,202000,48.535,48.535,48.535,48.535,100,0
TAYD.US,5,20251111,213500,49.43,49.44,49.41,49.44,400,0
TAYD.US,5,20251111,215000,50.51,50.51,50.51,50.51,400,0
TAYD.US,5,20251111,215500,50.05,50.05,50.05,50.05,422,0
TAYD.US,5,20251112,154000,48.9,48.9,48.9,48.9,110,0
TAYD.US,5,20251112,154500,50.05,50.05,50.05,50.05,345,0
TAYD.US,5,20251112,174000,48.85,48.85,48.85,48.85,100,0
TAYD.US,5,20251112,180000,47.48,47.48,47.48,47.48,100,0
TAYD.US,5,20251112,181500,47.08,47.08,47,47.02,418,0
TAYD.US,5,20251112,193000,45.11,45.26,45.11,45.26,200,0
TAYD.US,5,20251112,193500,45.3,45.3,45.3,45.3,100,0
TAYD.US,5,20251112,194500,45.29,45.29,45.29,45.29,100,0
TAYD.US,5,20251112,204000,44.05,44.05,44.05,44.05,295,0
TAYD.US,5,20251112,215000,43.9872,43.9872,43.9872,43.9872,100,0
TAYD.US,5,20251112,215500,43.51,43.6,43.5,43.6,1510,0
TAYD.US,5,20251113,153000,44,44,44,44,401,0
TAYD.US,5,20251113,162000,44.76,44.76,44.76,44.76,100,0
TAYD.US,5,20251113,183000,44.05,44.05,44.05,44.05,100,0
TAYD.US,5,20251113,211500,44.65,44.65,44.65,44.65,250,0
TAYD.US,5,20251113,215500,44.39,44.39,44.39,44.39,200,0
TAYD.US,5,20251114,153000,44.15,44.15,44.15,44.15,227,0
TAYD.US,5,20251114,193000,43.75,43.75,43.75,43.75,485,0
TAYD.US,5,20251114,193500,43.735,43.735,43.735,43.735,100,0
TAYD.US,5,20251114,214000,43.18,43.18,43.18,43.18,100,0
TAYD.US,5,20251117,155000,44.03,44.03,43.96,44.03,500,0
TAYD.US,5,20251117,155500,43.97,43.97,43.97,43.97,100,0
TAYD.US,5,20251117,185000,43.27,43.27,43.19,43.19,506,0
TAYD.US,5,20251117,204500,43.6382,43.6382,43.6382,43.6382,137,0
TAYD.US,5,20251117,214000,44.47,44.47,44.47,44.47,1079,0
TAYD.US,5,20251117,215500,44.82,44.82,44.82,44.82,256,0
TAYD.US,5,20251118,215000,47.03,47.031,47.02,47.03,400,0
TAYD.US,5,20251118,215500,46.98,46.99,46.98,46.99,200,0
TAYD.US,5,20251119,174500,47.81,47.83,47.14,47.14,411,0
TAYD.US,5,20251119,175000,47.7,47.7,47.7,47.7,100,0
TAYD.US,5,20251119,214000,49.04,49.04,49.04,49.04,932,0
TAYD.US,5,20251120,161000,48,48,48,48,167,0
TAYD.US,5,20251120,183000,47.67,47.67,47.67,47.67,100,0
TAYD.US,5,20251120,212000,47.67,47.67,47.67,47.67,100,0
TAYD.US,5,20251120,214500,47.7,47.7,47.7,47.7,100,0
TAYD.US,5,20251120,215500,48.63,48.63,48.63,48.63,216,0
TAYD.US,5,20251121,164000,48.63,48.63,48.63,48.63,100,0
TAYD.US,5,20251121,213000,50,50,48.71,48.71,515,0
TAYD.US,5,20251124,160000,49.99,49.99,49.99,49.99,100,0
TAYD.US,5,20251124,201000,49,49,49,49,455,0
TAYD.US,5,20251124,201500,49,49,49,49,232,0
TAYD.US,5,20251124,215000,49.39,49.39,49.39,49.39,100,0
TAYD.US,5,20251124,215500,49.98,49.98,49.98,49.98,100,0
TAYD.US,5,20251125,185000,49.95,49.95,49.95,49.95,100,0
TAYD.US,5,20251125,215500,49.9,49.9,48.71,48.71,745,0
TAYD.US,5,20251126,172500,49.75,49.75,49.75,49.75,431,0
TAYD.US,5,20251126,175500,49.64,49.64,49.5,49.5,200,0
TAYD.US,5,20251126,210500,49.13,49.13,49.13,49.13,200,0
TAYD.US,5,20251126,215500,48.91,48.91,48.91,48.91,586,0
TAYD.US,5,20251128,153000,48.64,48.64,48.64,48.64,157,0
TAYD.US,5,20251128,164500,49.76,49.76,49.76,49.76,100,0
TAYD.US,5,20251128,172500,50.19,50.19,50.19,50.19,100,0
TAYD.US,5,20251128,184000,50.1,50.1,50.1,50.1,118,0
TAYD.US,5,20251128,184500,50.1,50.1,50.1,50.1,767,0
TAYD.US,5,20251128,185000,50.56,50.56,50.56,50.56,200,0
TAYD.US,5,20251128,185500,49.78,49.78,49.78,49.78,100,0
TAYD.US,5,20251201,170500,49.5,49.5,49.5,49.5,100,0
TAYD.US,5,20251201,204000,48.1001,48.1001,48.1001,48.1001,500,0
TAYD.US,5,20251201,205000,48.12,48.12,48.1,48.1,331,0
TAYD.US,5,20251201,215500,47.74,47.74,47.74,47.74,123,0
TAYD.US,5,20251203,153000,48.21,48.21,48.21,48.21,130,0
TAYD.US,5,20251203,181500,49.31,49.31,49.31,49.31,326,0
TAYD.US,5,20251203,184000,48.77,48.81,48.77,48.81,300,0
TAYD.US,5,20251203,195000,48.91,48.91,48.91,48.91,100,0
TAYD.US,5,20251203,202500,47.84,47.84,47.84,47.84,354,0
TAYD.US,5,20251203,204500,47.88,47.88,47.88,47.88,100,0
TAYD.US,5,20251203,214500,48.88,48.88,48.88,48.88,100,0
TAYD.US,5,20251203,215500,47.95,47.95,47.95,47.95,234,0
TAYD.US,5,20251204,202500,48.445,49.01,48.445,49.01,429,0
TAYD.US,5,20251204,215500,48.21,48.21,48.21,48.21,221,0
TAYD.US,5,20251205,153000,48.87,48.87,48.87,48.87,111,0
TAYD.US,5,20251205,154500,48.55,48.55,48.55,48.55,200,0
TAYD.US,5,20251205,160000,48.5,48.5,48.5,48.5,100,0
TAYD.US,5,20251205,182000,48.4998,48.4998,48.4998,48.4998,100,0
TAYD.US,5,20251205,210000,48.01,48.06,48.01,48.06,442,0
TAYD.US,5,20251205,215000,48.335,48.335,48.335,48.335,100,0
TAYD.US,5,20251205,215500,47.53,47.53,47.53,47.53,228,0
TAYD.US,5,20251208,184500,47.645,47.645,47.645,47.645,100,0
TAYD.US,5,20251208,202500,48.5,48.5,48.5,48.5,300,0
TAYD.US,5,20251208,203000,48.5,48.5,48.5,48.5,200,0
TAYD.US,5,20251208,210500,48.5,48.5,48.5,48.5,200,0
TAYD.US,5,20251208,215500,49.46,49.46,48.5,48.5,360,0
TAYD.US,5,20251209,153000,47.86,47.86,47.86,47.86,115,0
TAYD.US,5,20251209,154000,49.28,49.28,49.23,49.23,200,0
TAYD.US,5,20251209,155000,49.54,49.54,49.54,49.54,100,0
TAYD.US,5,20251209,155500,49.63,49.63,49.63,49.63,100,0
TAYD.US,5,20251209,183000,51.495,51.495,51.495,51.495,175,0
TAYD.US,5,20251209,185000,52,52,52,52,369,0
TAYD.US,5,20251209,185500,51.6388,51.6388,51.6388,51.6388,177,0
TAYD.US,5,20251209,192500,51.7193,51.7193,51.7193,51.7193,128,0
TAYD.US,5,20251209,202500,51.9133,51.9133,51.9133,51.9133,100,0
TAYD.US,5,20251209,205000,51.44,51.44,51.21,51.21,1277,0
TAYD.US,5,20251209,205500,51.6085,51.6085,51.33,51.33,600,0
TAYD.US,5,20251209,211000,51.25,51.25,51.25,51.25,485,0
TAYD.US,5,20251209,214000,51.3118,51.3118,51.3118,51.3118,155,0
TAYD.US,5,20251209,215500,49.95,49.95,49.95,49.95,745,0
TAYD.US,5,20251210,153000,49.72,49.72,49.72,49.72,100,0
TAYD.US,5,20251210,172000,49.79,49.79,49.5,49.5,300,0
TAYD.US,5,20251210,201000,49,49,49,49,100,0
TAYD.US,5,20251210,202000,48.75,48.75,48.75,48.75,100,0
TAYD.US,5,20251210,214500,51.9,51.9,51.9,51.9,100,0
TAYD.US,5,20251210,215500,49.98,49.98,49.98,49.98,1027,0
TAYD.US,5,20251211,170000,50.6,50.6,50.6,50.6,105,0
TAYD.US,5,20251211,184000,51.5141,51.5141,51.5141,51.5141,100,0
TAYD.US,5,20251211,193500,51.5,51.5,51.5,51.5,119,0
TAYD.US,5,20251211,194000,50.9001,50.9001,50.9001,50.9001,775,0
TAYD.US,5,20251211,202500,51.445,51.445,51.445,51.445,414,0
TAYD.US,5,20251211,203000,50.9,51.4499,50.9,51.39,490,0
TAYD.US,5,20251211,215500,51.38,51.38,51.38,51.38,363,0
TAYD.US,5,20251212,172000,50.7186,50.7186,50.7186,50.7186,100,0
TAYD.US,5,20251212,174000,51.23,51.23,50.8106,50.8106,296,0
TAYD.US,5,20251212,175500,51.21,51.21,50.9203,50.9203,284,0
TAYD.US,5,20251212,190000,51.6925,51.6925,51.6925,51.6925,100,0
TAYD.US,5,20251212,191000,51.855,51.855,51.855,51.855,100,0
TAYD.US,5,20251212,193000,52.32,52.64,52.32,52.64,210,0
TAYD.US,5,20251212,193500,52.51,52.96,52.51,52.95,1198,0
TAYD.US,5,20251212,194000,53.59,53.59,53.4331,53.4331,338,0
TAYD.US,5,20251212,195500,53.6,53.6,53.6,53.6,100,0
TAYD.US,5,20251212,200500,54.99,54.99,54.3101,54.3101,763,0
TAYD.US,5,20251212,201000,55,56,55,56,402,0
TAYD.US,5,20251212,201500,56,56.49,54.35,54.35,2062,0
TAYD.US,5,20251212,202500,55.2568,55.2568,55.2568,55.2568,572,0
TAYD.US,5,20251212,204500,54.71,55.66,54.6765,54.6765,400,0
TAYD.US,5,20251212,205000,54.915,54.915,54.0001,54.0001,200,0
TAYD.US,5,20251212,205500,55.04,55.04,55.04,55.04,100,0
TAYD.US,5,20251212,210000,55.3805,55.765,55.04,55.05,534,0
TAYD.US,5,20251212,211000,54.855,54.855,54.855,54.855,100,0
TAYD.US,5,20251212,211500,54.855,54.855,54.855,54.855,217,0
TAYD.US,5,20251212,214000,54.1501,54.1501,54.1501,54.1501,100,0
TAYD.US,5,20251212,215000,55.55,55.55,54.1501,54.1501,300,0
TAYD.US,5,20251212,215500,54.9681,54.9681,54.5,54.5,474,0
TAYD.US,5,20251215,153000,55.82,57.3601,55.82,57.3601,793,0
TAYD.US,5,20251215,154500,56.15,56.15,55.955,55.955,300,0
TAYD.US,5,20251215,155000,57.975,57.975,57.9224,57.9224,300,0
TAYD.US,5,20251215,155500,57.959,57.959,57.13,57.4857,1045,0
TAYD.US,5,20251215,160000,57.355,57.3696,57.2501,57.2501,400,0
TAYD.US,5,20251215,160500,57,57,56.75,56.75,500,0
TAYD.US,5,20251215,161500,56.9814,57,56.9814,57,577,0
TAYD.US,5,20251215,162000,56.8,56.8,56.8,56.8,103,0
TAYD.US,5,20251215,162500,56.98,57,56.9727,56.9727,1127,0
TAYD.US,5,20251215,163000,56.75,56.75,56.75,56.75,100,0
TAYD.US,5,20251215,163500,56.8091,56.8091,56.5,56.6,683,0
TAYD.US,5,20251215,164000,56.1001,56.1001,56.1001,56.1001,100,0
TAYD.US,5,20251215,165500,56.74,56.74,56.4808,56.5181,300,0
TAYD.US,5,20251215,172000,56.64,56.64,56.64,56.64,175,0
TAYD.US,5,20251215,182500,56.42,56.42,56.42,56.42,100,0
TAYD.US,5,20251215,184000,56.7138,57,56.4201,57,900,0
TAYD.US,5,20251215,184500,57,57,57,57,100,0
TAYD.US,5,20251215,191000,56.03,56.03,56.03,56.03,200,0
TAYD.US,5,20251215,191500,55.5679,55.7461,55.5679,55.7461,200,0
TAYD.US,5,20251215,195000,56.03,56.03,55.91,55.91,900,0
TAYD.US,5,20251215,200500,55.5001,56.3816,55.5001,56.3816,1100,0
TAYD.US,5,20251215,201000,56.2605,56.2605,56.2605,56.2605,100,0
TAYD.US,5,20251215,211000,57.71,57.71,57.71,57.71,100,0
TAYD.US,5,20251215,215500,57.55,57.55,57.45,57.45,698,0
TAYD.US,5,20251216,153000,57.56,57.56,57.56,57.56,153,0
TAYD.US,5,20251216,154000,57.505,57.505,57.505,57.505,120,0
TAYD.US,5,20251216,155000,57.5,57.5,56.8051,57.09,800,0
TAYD.US,5,20251216,162000,56.685,56.685,56.685,56.685,100,0
TAYD.US,5,20251216,164000,57.307,57.4252,57.2058,57.2058,300,0
TAYD.US,5,20251216,170500,56.59,56.59,56.209,56.209,200,0
TAYD.US,5,20251216,190000,56.98,56.98,56.98,56.98,100,0
TAYD.US,5,20251216,190500,56.85,56.85,56.85,56.85,100,0
TAYD.US,5,20251216,201500,57.4655,58,57.4655,58,600,0
TAYD.US,5,20251216,202000,56.85,56.85,56.85,56.85,433,0
TAYD.US,5,20251216,205500,57.14,57.14,57.14,57.14,1005,0
TAYD.US,5,20251216,210000,57.42,58,57.08,57.5092,600,0
TAYD.US,5,20251216,210500,58,58,58,58,400,0
TAYD.US,5,20251216,211000,58,58,58,58,1086,0
TAYD.US,5,20251216,214000,57.68,57.68,57.5588,57.5588,373,0
TAYD.US,5,20251216,214500,57.75,57.75,57.75,57.75,100,0
TAYD.US,5,20251216,215000,58.59,58.59,57.37,57.4,1000,0
TAYD.US,5,20251216,215500,58.0925,58.0925,58.0925,58.0925,100,0
TAYD.US,5,20251217,153000,58.61,58.61,56,56,416,0
TAYD.US,5,20251217,153500,56,56,56,56,100,0
TAYD.US,5,20251217,160000,57.38,57.93,57.38,57.518,400,0
TAYD.US,5,20251217,160500,57.3606,57.38,57.3606,57.38,300,0
TAYD.US,5,20251217,163500,58.76,58.76,57.38,57.3842,500,0
TAYD.US,5,20251217,170000,57.92,58.82,57.496,57.496,500,0
TAYD.US,5,20251217,171000,57.7927,57.7927,57.7927,57.7927,100,0
TAYD.US,5,20251217,171500,57.83,57.842,57.83,57.842,200,0
TAYD.US,5,20251217,172000,57.75,57.75,57.75,57.75,100,0
TAYD.US,5,20251217,190500,57.795,57.795,57.58,57.58,200,0
TAYD.US,5,20251217,194000,57.58,57.58,57.58,57.58,104,0
TAYD.US,5,20251217,200500,57.37,57.37,57.37,57.37,100,0
TAYD.US,5,20251217,201000,58.365,58.365,58.365,58.365,300,0
TAYD.US,5,20251217,203500,57.49,57.49,57.49,57.49,100,0
TAYD.US,5,20251217,205500,57.36,57.36,56.41,56.41,552,0
TAYD.US,5,20251217,211000,56.02,56.02,55.32,55.32,871,0
TAYD.US,5,20251217,212000,57.6,57.6,55.5501,55.5501,200,0
TAYD.US,5,20251217,213500,56.768,57.56,56.715,57.56,300,0
TAYD.US,5,20251217,215000,58.95,58.95,58.95,58.95,100,0
TAYD.US,5,20251217,215500,57.8,57.8,57.8,57.8,350,0
TAYD.US,5,20251218,161000,59.57,59.57,59.57,59.57,100,0
TAYD.US,5,20251218,162000,59.57,59.57,59.57,59.57,100,0
TAYD.US,5,20251218,162500,57.99,57.99,57.99,57.99,200,0
TAYD.US,5,20251218,170000,59.4999,59.4999,59.4999,59.4999,338,0
TAYD.US,5,20251218,172000,58.22,58.22,58.22,58.22,202,0
TAYD.US,5,20251218,173000,58.1,58.1,58.1,58.1,100,0
TAYD.US,5,20251218,184500,57.915,57.915,57.915,57.915,100,0
TAYD.US,5,20251218,191500,59.04,59.04,59.04,59.04,136,0
TAYD.US,5,20251218,193000,58.9375,58.9375,58.535,58.535,200,0
TAYD.US,5,20251218,195000,58.6225,58.6225,58.6225,58.6225,100,0
TAYD.US,5,20251218,201000,59.172965,59.172965,59.172965,59.172965,170,0
TAYD.US,5,20251218,202500,58.787,58.787,58.787,58.787,100,0
TAYD.US,5,20251218,214000,58.07,58.07,58.07,58.07,100,0
TAYD.US,5,20251218,215500,58.75,58.75,58.75,58.75,396,0
TAYD.US,5,20251219,154000,59.74,59.74,59.74,59.74,100,0
TAYD.US,5,20251219,161000,59.4,59.4,58.98,58.98,300,0
TAYD.US,5,20251219,161500,58.93,58.93,58.93,58.93,200,0
TAYD.US,5,20251219,162500,58.2901,58.2901,58.2901,58.2901,105,0
TAYD.US,5,20251219,212500,58.88,58.88,58.88,58.88,100,0
TAYD.US,5,20251222,163000,58.592,58.592,58.592,58.592,170,0
TAYD.US,5,20251222,165000,58.44,58.44,58.44,58.44,500,0
TAYD.US,5,20251222,165500,58.3,58.3,58.3,58.3,500,0
TAYD.US,5,20251222,170000,58,58,58,58,100,0
TAYD.US,5,20251222,172000,58.175,58.175,58.175,58.175,833,0
TAYD.US,5,20251222,172500,57.8,57.8,57.8,57.8,296,0
TAYD.US,5,20251222,173000,57.9539,57.9539,57.9539,57.9539,216,0
TAYD.US,5,20251222,200000,58,58,58,58,337,0
TAYD.US,5,20251222,200500,58.3384,58.79,58.3384,58.79,520,0
TAYD.US,5,20251222,202500,58.79,58.79,58.79,58.79,100,0
TAYD.US,5,20251222,204000,58.29,58.2901,58.29,58.2901,348,0
TAYD.US,5,20251222,213500,58.6001,58.6001,58.6001,58.6001,106,0
TAYD.US,5,20251222,215500,59.35,59.35,59.35,59.35,212,0
TAYD.US,5,20251223,172500,59.384,59.384,59.384,59.384,900,0
TAYD.US,5,20251223,173500,59.4,59.4,59.4,59.4,100,0
TAYD.US,5,20251223,193000,60,60,59.88298,59.88298,1819,0
TAYD.US,5,20251223,201500,60,60,60,60,464,0
TAYD.US,5,20251223,204500,60,60,60,60,206,0
TAYD.US,5,20251223,205500,60,60,60,60,200,0
TAYD.US,5,20251223,211500,60,60.35,60,60.35,1055,0
TAYD.US,5,20251223,213500,61.79,62,61.44,61.97,1942,0
TAYD.US,5,20251223,215000,62,62,62,62,783,0
TAYD.US,5,20251223,215500,62,62,62,62,102,0
TAYD.US,5,20251224,175000,61.66,61.66,61.0148,61.0148,200,0
TAYD.US,5,20251224,185500,61.74,61.74,61.74,61.74,100,0
TAYD.US,5,20251226,153000,62,62,62,62,637,0
TAYD.US,5,20251226,161000,61.95,61.95,61.95,61.95,100,0
TAYD.US,5,20251226,162500,60.73,61.98,60.73,61.95,621,0
TAYD.US,5,20251226,163000,61.99,61.99,61.99,61.99,100,0
TAYD.US,5,20251226,170500,60.89,60.89,60.89,60.89,2769,0
TAYD.US,5,20251226,171000,60.91,61.17,60.91,60.995,6500,0
TAYD.US,5,20251226,171500,60.995,60.995,58.88,58.88,2333,0
TAYD.US,5,20251226,172000,58.72,58.72,58.72,58.72,165,0
TAYD.US,5,20251226,181500,59,59,59,59,1074,0
TAYD.US,5,20251226,185500,58.63,58.63,58.63,58.63,204,0
TAYD.US,5,20251226,192500,58.5782,58.5782,58.5782,58.5782,150,0
TAYD.US,5,20251226,200000,59,59,59,59,751,0
TAYD.US,5,20251226,213000,61.1076,61.1076,61.1076,61.1076,500,0
TAYD.US,5,20251226,214000,60.24,60.24,59.99,60,722,0
TAYD.US,5,20251226,215500,61.36,61.36,61.36,61.36,148,0
TAYD.US,5,20251229,153000,60.69,60.69,60.69,60.69,121,0
TAYD.US,5,20251229,183000,61,61,60.685,60.685,500,0
TAYD.US,5,20251229,190500,60.7,60.7,60.7,60.7,200,0
TAYD.US,5,20251229,205500,60.47,60.47,60.47,60.47,100,0
TAYD.US,5,20251229,214000,61.56,61.56,61.035,61.035,850,0
TAYD.US,5,20251229,214500,61.39,61.39,61.39,61.39,100,0
TAYD.US,5,20251229,215500,61.25,61.63,61.25,61.63,782,0
TAYD.US,5,20251230,174500,61.37,61.37,61.37,61.37,100,0
TAYD.US,5,20251230,181000,60.05,60.05,60.05,60.05,1000,0
TAYD.US,5,20251230,183000,61.33,61.33,61.33,61.33,100,0
TAYD.US,5,20251230,183500,61.99,61.99,61.99,61.99,100,0
TAYD.US,5,20251230,185000,61.95,62,61.83,62,3035,0
TAYD.US,5,20251230,190000,62.46,62.46,62.46,62.46,100,0
TAYD.US,5,20251230,191000,62.4,62.4,62.295,62.3236,550,0
TAYD.US,5,20251230,192500,62.23,62.5,62.23,62.5,657,0
TAYD.US,5,20251230,193000,62.5,62.5,62.5,62.5,200,0
TAYD.US,5,20251230,194000,62.47,62.47,62.47,62.47,100,0
TAYD.US,5,20251230,195500,62.5,62.5,62.5,62.5,195,0
TAYD.US,5,20251230,200500,62.45,62.45,62.45,62.45,200,0
TAYD.US,5,20251230,201500,62.71,62.71,62.71,62.71,100,0
TAYD.US,5,20251230,202000,62.75,62.75,62.75,62.75,100,0
TAYD.US,5,20251230,203000,62.75,62.98,62.75,62.98,1180,0
TAYD.US,5,20251230,204000,62.99,63,62.99,63,335,0
TAYD.US,5,20251230,205000,63,63,63,63,2965,0
TAYD.US,5,20251230,205500,63,63,63,63,394,0
TAYD.US,5,20251230,210500,63.0287,63.04,63.0287,63.04,1800,0
TAYD.US,5,20251230,211000,62.77,62.77,62.77,62.77,200,0
TAYD.US,5,20251230,213000,62.47,62.47,62.47,62.47,100,0
TAYD.US,5,20251230,214000,63.14,63.14,63.14,63.14,200,0
TAYD.US,5,20251230,214500,63.1,63.15,63.09,63.15,300,0
TAYD.US,5,20251230,215000,63.22,63.24,62.965,63.24,600,0
TAYD.US,5,20251230,215500,62.71,63,62.71,63,314,0
TAYD.US,5,20251231,153000,62.98,62.98,60.625,60.625,1059,0
TAYD.US,5,20251231,153500,61,61,61,61,100,0
TAYD.US,5,20251231,154500,61.1735,61.1735,61.1735,61.1735,250,0
TAYD.US,5,20251231,161000,62.21,62.21,62.21,62.21,250,0
TAYD.US,5,20251231,161500,61.43,61.43,61,61,1065,0
TAYD.US,5,20251231,163000,59.1,59.1,58.905,58.905,1174,0
TAYD.US,5,20251231,170000,58.25,58.25,57.75,57.75,304,0
TAYD.US,5,20251231,171000,58.5,58.5,58,58,200,0
TAYD.US,5,20251231,171500,56.81,56.82,56.8,56.8,1000,0
TAYD.US,5,20251231,180000,58.07,58.07,58.07,58.07,100,0
TAYD.US,5,20251231,183500,57,57,57,57,175,0
TAYD.US,5,20251231,192000,58.25,58.25,58.25,58.25,100,0
TAYD.US,5,20251231,193000,58.094,58.094,57.75,57.75,300,0
TAYD.US,5,20251231,195000,57.4,57.53,57.4,57.53,372,0
TAYD.US,5,20251231,201500,57.36,57.36,57.36,57.36,100,0
TAYD.US,5,20251231,202500,57.57,57.57,57.57,57.57,1100,0
TAYD.US,5,20251231,203500,57.48,57.48,56.86,56.86,200,0
TAYD.US,5,20251231,211500,57.296,57.296,57.296,57.296,100,0
TAYD.US,5,20251231,213500,57.1,57.1,57.1,57.1,100,0
TAYD.US,5,20251231,214000,57.74,57.9,57.74,57.9,347,0
TAYD.US,5,20251231,214500,58,58,58,58,116,0
TAYD.US,5,20251231,215000,58.69,58.69,57.969,57.969,400,0
TAYD.US,5,20251231,215500,57.23,58.46,57.23,58.46,676,0
TAYD.US,5,20260102,153000,59.47,60.09,59.47,60.09,1579,0
TAYD.US,5,20260102,153500,59.184,59.49,59.184,59.49,200,0
TAYD.US,5,20260102,155000,60.5,61,60.5,61,801,0
TAYD.US,5,20260102,155500,61,62.104,61,62.104,5725,0
TAYD.US,5,20260102,160000,62.33,62.33,62.33,62.33,275,0
TAYD.US,5,20260102,160500,62.05,62.05,61.9,61.9,390,0
TAYD.US,5,20260102,161000,61.34,61.3401,61.22,61.22,753,0
TAYD.US,5,20260102,162500,61.16,61.16,60.84,60.84,300,0
TAYD.US,5,20260102,163500,60.81,60.81,60.81,60.81,324,0
TAYD.US,5,20260102,164500,61.85,61.85,61.85,61.85,1763,0
TAYD.US,5,20260102,165000,62.2036,62.2036,61.79,61.79,1073,0
TAYD.US,5,20260102,174000,62.88,62.88,62.88,62.88,200,0
TAYD.US,5,20260102,180000,62.5,62.89,62.5,62.52,2010,0
TAYD.US,5,20260102,181500,62.885,62.885,62.885,62.885,500,0
TAYD.US,5,20260102,182000,63.24,63.5,63.24,63.5,1827,0
TAYD.US,5,20260102,182500,63.02,63.02,63.01,63.01,508,0
TAYD.US,5,20260102,185000,63.49,64,63.49,64,2908,0
TAYD.US,5,20260102,185500,63.775,63.775,63.775,63.775,310,0
TAYD.US,5,20260102,191500,64,64,64,64,300,0
TAYD.US,5,20260102,192000,64,64,62.69,63.95,2177,0
TAYD.US,5,20260102,193500,63.99,63.99,63.99,63.99,100,0
TAYD.US,5,20260102,194000,63.6416,63.6416,63.6416,63.6416,100,0
TAYD.US,5,20260102,194500,63.99,63.99,63.99,63.99,200,0
TAYD.US,5,20260102,195500,63.25,63.25,62.88,63.25,1417,0
TAYD.US,5,20260102,200000,63.25,63.25,63.25,63.25,252,0
TAYD.US,5,20260102,210500,63.53,63.53,63,63.06,712,0
TAYD.US,5,20260102,211000,63.2,63.5038,63.2,63.5038,600,0
TAYD.US,5,20260102,212000,63.62,63.62,63.62,63.62,100,0
TAYD.US,5,20260102,212500,63.295,63.295,62.83,63.01,500,0
TAYD.US,5,20260102,213500,63.28,63.568,62.84,63.568,463,0
TAYD.US,5,20260102,214000,63.9999,64,63.99,64,561,0
TAYD.US,5,20260102,214500,63.415,64,62.83,63.788,2184,0
TAYD.US,5,20260102,215000,63.95,64,63.84,63.84,700,0
TAYD.US,5,20260102,215500,64,64.25,63.97,64.25,2821,0
TAYD.US,5,20260105,153000,65,65.26,64.9078,65,5089,0
TAYD.US,5,20260105,153500,65.253,65.253,65.253,65.253,130,0
TAYD.US,5,20260105,155000,65.5,65.5,65.5,65.5,146,0
TAYD.US,5,20260105,160000,65.5,65.5,65.5,65.5,298,0
TAYD.US,5,20260105,161000,65.99,66.35,65.9001,66.32,9121,0
TAYD.US,5,20260105,161500,66.35,66.35,66.075,66.21,3667,0
TAYD.US,5,20260105,162500,66.22,66.46,66.22,66.46,2175,0
TAYD.US,5,20260105,163500,66.3215,66.3215,66.3215,66.3215,200,0
TAYD.US,5,20260105,164000,66.5,67,66.29,66.29,4813,0
TAYD.US,5,20260105,165000,66.18,66.305,66.18,66.305,562,0
TAYD.US,5,20260105,170000,66.4478,66.4478,66.4478,66.4478,275,0
TAYD.US,5,20260105,171500,66.065,66.065,66.065,66.065,273,0
TAYD.US,5,20260105,172000,66.0594,66.25,66.059,66.25,758,0
TAYD.US,5,20260105,173000,66.455,66.455,66.455,66.455,292,0
TAYD.US,5,20260105,173500,66.46,66.99,66.46,66.99,1865,0
TAYD.US,5,20260105,174000,66.98,66.99,66.17,66.17,1257,0
TAYD.US,5,20260105,175000,66.99,66.99,66.98,66.98,400,0
TAYD.US,5,20260105,175500,67,67,67,67,500,0
TAYD.US,5,20260105,180000,66.495,66.99,66.495,66.99,400,0
TAYD.US,5,20260105,182000,67,67,67,67,259,0
TAYD.US,5,20260105,182500,66.6,66.6,66.2001,66.6,771,0
TAYD.US,5,20260105,183000,67,67.5,67,67.5,2062,0
TAYD.US,5,20260105,183500,67.49,67.5,67.49,67.5,600,0
TAYD.US,5,20260105,184000,67.325,67.41,67.325,67.41,400,0
TAYD.US,5,20260105,184500,67.3006,67.9,67.3006,67.9,1337,0
TAYD.US,5,20260105,185000,67.74,68,67.675,67.895,849,0
TAYD.US,5,20260105,185500,67.7901,67.98,67.79,67.79,339,0
TAYD.US,5,20260105,190000,67.705,67.705,67.42,67.42,278,0
TAYD.US,5,20260105,191000,67.5242,67.5242,67.5242,67.5242,500,0
TAYD.US,5,20260105,191500,67.735,67.735,67.735,67.735,100,0
TAYD.US,5,20260105,192000,67.47,67.735,67.47,67.4753,690,0
TAYD.US,5,20260105,192500,67.735,67.735,67.735,67.735,100,0
TAYD.US,5,20260105,194000,67.7958,68,67.735,67.7721,2657,0
TAYD.US,5,20260105,194500,67.95,68.54,67.735,68.475,3158,0
TAYD.US,5,20260105,195500,68.475,68.475,68.475,68.475,150,0
TAYD.US,5,20260105,200000,68.1588,68.59,68.1588,68.59,891,0
TAYD.US,5,20260105,200500,68.59,68.59,68.23,68.585,600,0
TAYD.US,5,20260105,201000,68.23,68.94,68.23,68.94,200,0
TAYD.US,5,20260105,201500,68.585,68.585,68.585,68.585,100,0
TAYD.US,5,20260105,202000,68.585,68.585,68.5,68.585,400,0
TAYD.US,5,20260105,203000,68.36,68.36,68.22,68.2201,780,0
TAYD.US,5,20260105,204000,67.75,67.75,67.72,67.72,252,0
TAYD.US,5,20260105,204500,67.614,67.614,67.56,67.56,315,0
TAYD.US,5,20260105,205500,67.75,67.8501,67.75,67.8501,904,0
TAYD.US,5,20260105,210000,68.175,68.175,67.58,67.85,401,0
TAYD.US,5,20260105,210500,67.686,67.686,67.686,67.686,500,0
TAYD.US,5,20260105,211000,67.79,67.79,67.79,67.79,100,0
TAYD.US,5,20260105,211500,67.35,67.35,67.06,67.06,300,0
TAYD.US,5,20260105,212500,66.5,66.5,66.5,66.5,900,0
TAYD.US,5,20260105,213000,67.2428,67.675,67.2428,67.675,500,0
TAYD.US,5,20260105,215500,67.96,67.96,67.96,67.96,100,0
TAYD.US,5,20260106,153000,67.43,67.43,67.43,67.43,814,0
TAYD.US,5,20260106,154500,67.5,67.5,67.5,67.5,659,0
TAYD.US,5,20260106,160000,65.86,66.73,65.77,65.77,1731,0
TAYD.US,5,20260106,160500,65.52,65.57,65.5,65.57,471,0
TAYD.US,5,20260106,161500,64.51,64.51,64.51,64.51,100,0
TAYD.US,5,20260106,162000,64.27,64.27,64.27,64.27,100,0
TAYD.US,5,20260106,162500,64.92,64.92,64.8,64.8,241,0
TAYD.US,5,20260106,163000,65.0044,65.3748,65.0044,65.3748,585,0
TAYD.US,5,20260106,164000,65.3005,65.3005,65.3005,65.3005,700,0
TAYD.US,5,20260106,164500,64.875,64.875,64.71,64.71,200,0
TAYD.US,5,20260106,165500,64.49,64.49,64.49,64.49,200,0
TAYD.US,5,20260106,170000,64.04,64.04,64.04,64.04,100,0
TAYD.US,5,20260106,170500,63.841,63.94,63.841,63.94,200,0
TAYD.US,5,20260106,171000,64.205,64.205,64.205,64.205,120,0
TAYD.US,5,20260106,174000,64.5,64.5,64.5,64.5,149,0
TAYD.US,5,20260106,175000,64.5,64.5,64.5,64.5,133,0
TAYD.US,5,20260106,184500,64.5,64.5,64.5,64.5,613,0
TAYD.US,5,20260106,190000,64.57,65.25,64.49,64.5,2129,0
TAYD.US,5,20260106,190500,65.2,65.2,65.2,65.2,100,0
TAYD.US,5,20260106,193000,65.034,65.034,65.034,65.034,300,0
TAYD.US,5,20260106,194500,64.960138,65,64.960138,65,403,0
TAYD.US,5,20260106,200000,65.25,65.25,65.25,65.25,100,0
TAYD.US,5,20260106,200500,65.205,65.205,63.81,63.81,4753,0
TAYD.US,5,20260106,201000,64.385,64.385,64.385,64.385,100,0
TAYD.US,5,20260106,201500,64.471,64.915,64.471,64.915,764,0
TAYD.US,5,20260106,205000,64.8,64.8,64.8,64.8,100,0
TAYD.US,5,20260106,214500,65.01,65.01,64.67,64.67,400,0
TAYD.US,5,20260106,215000,64.61,64.99,64.61,64.99,200,0
TAYD.US,5,20260106,215500,64.99,64.99,64.6,64.64,600,0
TAYD.US,5,20260107,153000,64.54,64.54,64.54,64.54,209,0
TAYD.US,5,20260107,153500,66.125,66.125,66.125,66.125,118,0
TAYD.US,5,20260107,162000,65.62,65.62,65.62,65.62,100,0
TAYD.US,5,20260107,175500,66.33,66.33,65.53,66,836,0
TAYD.US,5,20260107,181500,65.63,65.64,64.27,64.27,1200,0
TAYD.US,5,20260107,182500,65.6528,65.6528,65.245,65.245,800,0
TAYD.US,5,20260107,193000,65.78,66.25,65.78,66.25,3466,0
TAYD.US,5,20260107,193500,67.02,67.03,67.02,67.03,200,0
TAYD.US,5,20260107,194500,66.685,67.59,66.685,67.59,568,0
TAYD.US,5,20260107,195000,67.03,67.03,67.03,67.03,300,0
TAYD.US,5,20260107,195500,66.89,66.89,66.89,66.89,200,0
TAYD.US,5,20260107,200000,66.88,67.68,66.85,66.86,400,0
TAYD.US,5,20260107,200500,66.86,67.38,66.32,67.38,1779,0
TAYD.US,5,20260107,204000,67.06,67.06,66.7,67.01,1000,0
TAYD.US,5,20260107,205500,66.4501,67.95,66.45,66.45,2680,0
TAYD.US,5,20260107,210000,67.85,67.86,67.84,67.84,400,0
TAYD.US,5,20260107,210500,66.77,67.6,66.77,67.6,300,0
TAYD.US,5,20260107,211000,66.84,66.84,66.84,66.84,331,0
TAYD.US,5,20260107,212000,67.316,67.316,67.316,67.316,100,0
TAYD.US,5,20260107,212500,67,67,67,67,200,0
TAYD.US,5,20260107,213500,67.07,67.07,67.07,67.07,100,0
TAYD.US,5,20260107,215000,67.43,67.43,66.885,67.05,900,0
TAYD.US,5,20260107,215500,67.74,67.74,66.86,67.42,1065,0
TAYD.US,5,20260108,153000,67.96,67.96,67.96,67.96,408,0
TAYD.US,5,20260108,153500,67.9,67.9,67.9,67.9,105,0
TAYD.US,5,20260108,154500,66.635,66.635,66.362,66.362,312,0
TAYD.US,5,20260108,161500,66.68,66.68,66.22,66.22,400,0
TAYD.US,5,20260108,172000,67.3003,67.3003,67.3003,67.3003,486,0
TAYD.US,5,20260108,172500,67.49,67.4901,67.27,67.27,700,0
TAYD.US,5,20260108,173000,67.43,67.49,67.26,67.26,327,0
TAYD.US,5,20260108,173500,67.26,67.49,67.26,67.48,541,0
TAYD.US,5,20260108,181000,67.5445,67.5445,67.5445,67.5445,582,0
TAYD.US,5,20260108,183000,67.65,67.68,67.64,67.64,972,0
TAYD.US,5,20260108,183500,67.8203,67.8203,67.8203,67.8203,1000,0
TAYD.US,5,20260108,185500,67.64,67.64,67.51,67.51,1079,0
TAYD.US,5,20260108,192500,67.54,67.54,67.54,67.54,100,0
TAYD.US,5,20260108,193000,67.54,67.54,67.54,67.54,100,0
TAYD.US,5,20260108,200500,67.67,67.67,67.67,67.67,100,0
TAYD.US,5,20260108,202500,67.57,67.57,67.41,67.54,632,0
TAYD.US,5,20260108,203000,67.44,67.44,67.44,67.44,100,0
TAYD.US,5,20260108,204500,68,68.035,68,68.035,3249,0
TAYD.US,5,20260108,212000,68.2,68.25,68.2,68.25,300,0
TAYD.US,5,20260108,213500,68.095,68.095,67.64,67.68,954,0
TAYD.US,5,20260108,214000,67.954,67.954,67.954,67.954,100,0
TAYD.US,5,20260108,214500,68.005,68.005,67.92,67.9689,476,0
TAYD.US,5,20260108,215000,68,68.22,68,68.22,720,0
TAYD.US,5,20260108,215500,68.25,68.25,68.12,68.12,1164,0
