<TICKER>,<PER>,<DATE>,<TIME>,<OPEN>,<HIGH>,<LOW>,<CLOSE>,<VOL>,<OPENINT>
VSNT.US,5,20251215,162500,55,55,55,55,100,0
VSNT.US,5,20251215,163000,55,55,55,55,390,0
VSNT.US,5,20251215,164000,59,59,59,59,100,0
VSNT.US,5,20251215,165500,56.18,56.18,55.62,56.07,500,0
VSNT.US,5,20251215,170000,58.8,58.8,53,53,206,0
VSNT.US,5,20251215,170500,52,52,52,52,100,0
VSNT.US,5,20251215,174000,46.3,47.55,46.3,47.55,521,0
VSNT.US,5,20251215,191000,42.3,42.3,42.3,42.3,300,0
VSNT.US,5,20251215,193500,46.53,46.53,46.53,46.53,100,0
VSNT.US,5,20251215,194500,47.68,47.68,47.68,47.68,101,0
VSNT.US,5,20251215,195500,45.03,45.03,45,45,200,0
VSNT.US,5,20251215,211500,44.7677,44.7677,44.7677,44.7677,100,0
VSNT.US,5,20251215,212000,45,45.65,45,45.65,200,0
VSNT.US,5,20251216,160500,46.01,46.01,46,46,850,0
VSNT.US,5,20251216,161500,47.999,47.9999,47.999,47.9999,972,0
VSNT.US,5,20251216,162000,48,50,48,50,300,0
VSNT.US,5,20251216,163000,51.01,51.01,50,50,2470,0
VSNT.US,5,20251216,164000,50.01,50.035,49.84,50,15910,0
VSNT.US,5,20251216,165000,48,48,48,48,500,0
VSNT.US,5,20251216,171500,47,47,47,47,429,0
VSNT.US,5,20251216,174500,47.11,47.11,47.11,47.11,100,0
VSNT.US,5,20251216,180000,47.63,47.9,47.63,47.9,2000,0
VSNT.US,5,20251216,180500,47.9,48,47.9,48,4300,0
VSNT.US,5,20251216,181000,48,48,47.91,47.91,4002,0
VSNT.US,5,20251216,181500,48,48,47.91,47.9999,3323,0
VSNT.US,5,20251216,182000,48,48,48,48,1200,0
VSNT.US,5,20251216,183000,47.9991,47.9991,47.9496,47.95,5000,0
VSNT.US,5,20251216,183500,48,48,48,48,500,0
VSNT.US,5,20251216,184000,48,48,47.91,48,2300,0
VSNT.US,5,20251216,185000,48,48,48,48,100,0
VSNT.US,5,20251216,190000,48,48,48,48,100,0
VSNT.US,5,20251216,190500,47.91,47.91,47.91,47.91,339,0
VSNT.US,5,20251216,195000,49,49,49,49,150,0
VSNT.US,5,20251216,200000,48.7,48.7,48.7,48.7,2500,0
VSNT.US,5,20251216,200500,48.7,48.7,47.9,47.9,451,0
VSNT.US,5,20251216,203000,47.9,47.9,47.89,47.89,300,0
VSNT.US,5,20251216,205000,47.55,47.7,47.49,47.5,21000,0
VSNT.US,5,20251216,205500,47.5,48.35,47.5,48.35,9940,0
VSNT.US,5,20251216,210500,47.54,47.54,47.54,47.54,100,0
VSNT.US,5,20251216,213000,47.54,47.54,47.53,47.53,400,0
VSNT.US,5,20251216,213500,47.5,47.5,47.48,47.5,900,0
VSNT.US,5,20251216,214000,47.5,47.5,47.5,47.5,500,0
VSNT.US,5,20251216,215000,47.5,47.5,47.5,47.5,1700,0
VSNT.US,5,20251216,215500,47.5,47.5,47.45,47.45,8500,0
VSNT.US,5,20251217,153000,47.97,47.97,47.8,47.81,3079,0
VSNT.US,5,20251217,154000,48,48.06,47.5,48,650,0
VSNT.US,5,20251217,155000,47.4999,47.4999,47.4999,47.4999,100,0
VSNT.US,5,20251217,161000,47.375,47.375,47.375,47.375,200,0
VSNT.US,5,20251217,161500,47.375,47.375,47.375,47.375,200,0
VSNT.US,5,20251217,162000,47.5,47.5,47.5,47.5,200,0
VSNT.US,5,20251217,162500,47.5,47.5,47.5,47.5,4249,0
VSNT.US,5,20251217,163000,47.97,47.97,47.97,47.97,400,0
VSNT.US,5,20251217,165000,47.55,47.55,47.475,47.505,800,0
VSNT.US,5,20251217,170000,47.4,47.55,47.265,47.55,1200,0
VSNT.US,5,20251217,172000,47.5,47.5,47.5,47.5,200,0
VSNT.US,5,20251217,175000,47.3,47.3,47.3,47.3,499,0
VSNT.US,5,20251217,175500,47.15,47.22,47.15,47.15,900,0
VSNT.US,5,20251217,180500,47.3,47.3,47.15,47.3,3210,0
VSNT.US,5,20251217,181000,47.3,47.3,47.15,47.3,600,0
VSNT.US,5,20251217,181500,47.3,47.3,47.015,47.3,1350,0
VSNT.US,5,20251217,182000,47.3,47.395,47.3,47.3,900,0
VSNT.US,5,20251217,182500,47.3,47.3,47.3,47.3,700,0
VSNT.US,5,20251217,183000,47.3,47.395,47.3,47.3,900,0
VSNT.US,5,20251217,183500,47.3,47.395,47.3,47.3,1500,0
VSNT.US,5,20251217,184000,47.3,47.3,47.3,47.3,700,0
VSNT.US,5,20251217,184500,47.3,47.395,47.3,47.3,500,0
VSNT.US,5,20251217,190000,47.0968,47.0968,47.0968,47.0968,999,0
VSNT.US,5,20251217,192500,47.35,47.36,47.35,47.36,200,0
VSNT.US,5,20251217,194500,47.35,47.35,47.35,47.35,1100,0
VSNT.US,5,20251217,202000,47.375,47.375,47.35,47.35,300,0
VSNT.US,5,20251217,203500,47.49,47.49,47.49,47.49,100,0
VSNT.US,5,20251217,204500,47.38,47.38,47.38,47.38,100,0
VSNT.US,5,20251217,210500,47.4,47.4,47.4,47.4,1000,0
VSNT.US,5,20251217,214500,47.5,47.5,47.26,47.26,785,0
VSNT.US,5,20251218,153000,47.66,47.66,47.65,47.65,200,0
VSNT.US,5,20251218,154000,47,47,47,47,200,0
VSNT.US,5,20251218,164000,47.25,47.25,47.24,47.25,2645,0
VSNT.US,5,20251218,164500,47.25,47.25,47.18,47.18,3096,0
VSNT.US,5,20251218,165000,47.25,47.25,47.25,47.25,970,0
VSNT.US,5,20251218,165500,47.25,47.25,47.25,47.25,2045,0
VSNT.US,5,20251218,170000,47.25,47.25,47.25,47.25,1000,0
VSNT.US,5,20251218,170500,47.25,47.25,47.25,47.25,100,0
VSNT.US,5,20251218,185500,47.125,47.125,47.125,47.125,2000,0
VSNT.US,5,20251218,192500,47.125,47.125,47,47,2233,0
VSNT.US,5,20251218,195500,47,47,47,47,2000,0
VSNT.US,5,20251218,204500,47,47,47,47,2000,0
VSNT.US,5,20251219,154000,46.99,46.99,46.99,46.99,104,0
VSNT.US,5,20251219,174000,47,47,46.7,46.7,300,0
VSNT.US,5,20251219,185500,46.9999,46.9999,46.9999,46.9999,200,0
VSNT.US,5,20251219,194500,46.7197,46.7197,46.7197,46.7197,500,0
VSNT.US,5,20251219,213000,46.555,46.555,46.555,46.555,200,0
VSNT.US,5,20251222,162000,47,47,46.85,46.85,316,0
VSNT.US,5,20251222,163000,46.99,47,46.99,47,411,0
VSNT.US,5,20251223,175500,45.7,45.7,45.45,45.45,1983,0
VSNT.US,5,20251223,215500,46.74,46.74,45.66,45.75,980,0
VSNT.US,5,20251224,153000,45.99,45.99,45.99,45.99,110,0
VSNT.US,5,20251224,163500,46.44,46.44,46.44,46.44,100,0
VSNT.US,5,20251226,153000,47,47,47,47,115,0
VSNT.US,5,20251226,154000,47,47,47,47,100,0
VSNT.US,5,20251226,170000,48.09,48.09,47.545,47.68,523,0
VSNT.US,5,20251226,171500,47.03,47.03,46.75,46.75,1400,0
VSNT.US,5,20251226,172000,46.78,46.78,46.78,46.78,100,0
VSNT.US,5,20251226,172500,47,47,47,47,883,0
VSNT.US,5,20251226,174500,47,47,46.98,47,974,0
VSNT.US,5,20251226,193000,47.12,47.12,47.12,47.12,200,0
VSNT.US,5,20251226,204500,47.14,47.16,47.14,47.16,203,0
VSNT.US,5,20251226,211500,46.975,46.975,46.8,46.8,678,0
VSNT.US,5,20251226,213000,47,47,47,47,496,0
VSNT.US,5,20251229,153000,47,47,47,47,412,0
VSNT.US,5,20251229,161500,46.97,47,46.97,46.99,4868,0
VSNT.US,5,20251229,165500,47,47,47,47,170,0
VSNT.US,5,20251229,172500,46.9999,46.9999,46.9999,46.9999,1000,0
VSNT.US,5,20251229,173500,46.98,46.98,46.98,46.98,200,0
VSNT.US,5,20251229,183500,47,47,46.99,46.99,901,0
VSNT.US,5,20251229,210500,46.5111,46.5111,46.5111,46.5111,200,0
VSNT.US,5,20251230,153000,46,46,46,46,1900,0
VSNT.US,5,20251230,162000,47,47,47,47,221,0
VSNT.US,5,20251230,182000,46.89,46.89,46.775,46.775,204,0
VSNT.US,5,20251230,190500,47,47,47,47,2397,0
VSNT.US,5,20251230,192500,46.9158,46.9158,46.9158,46.9158,107,0
VSNT.US,5,20251230,200500,47,47,46.9945,46.9945,440,0
VSNT.US,5,20251230,201500,46.9285,46.9285,46.9285,46.9285,700,0
VSNT.US,5,20251231,154000,46.01,46.01,46.005,46.005,202,0
VSNT.US,5,20251231,155000,45.8625,45.8625,45.8625,45.8625,500,0
VSNT.US,5,20251231,161500,45.725,46,45.725,45.998,1000,0
VSNT.US,5,20251231,164000,45.45,45.45,45.45,45.45,183,0
VSNT.US,5,20251231,165500,45.8086,45.8851,45.8086,45.8851,200,0
VSNT.US,5,20251231,170000,45.875,45.975,45.875,45.975,275,0
VSNT.US,5,20251231,171000,45.9625,45.9625,45.9625,45.9625,100,0
VSNT.US,5,20251231,171500,45.9625,45.9625,45.9625,45.9625,500,0
VSNT.US,5,20251231,172500,45.9701,45.9701,45.9701,45.9701,290,0
VSNT.US,5,20251231,181000,45.9,45.9,45.9,45.9,100,0
VSNT.US,5,20251231,181500,45.8,45.8,45.8,45.8,479,0
VSNT.US,5,20251231,183500,45.9,45.9,45.9,45.9,100,0
VSNT.US,5,20251231,185000,45.925,45.925,45.9,45.9,200,0
VSNT.US,5,20251231,204000,45.998,46,45.998,46,1819,0
VSNT.US,5,20251231,204500,46,46,46,46,100,0
VSNT.US,5,20251231,205000,46,46,45.97,45.9975,3231,0
VSNT.US,5,20251231,205500,45.9675,46,45.9675,46,1000,0
VSNT.US,5,20251231,212500,45.52,45.52,45.5,45.5,2800,0
VSNT.US,5,20251231,214500,45.49,45.49,45.49,45.49,100,0
VSNT.US,5,20251231,215500,45.32,45.32,45,45,4400,0
VSNT.US,5,20260102,153000,47,47,47,47,448,0
VSNT.US,5,20260102,154000,46.9945,46.9945,46.5,46.5,300,0
VSNT.US,5,20260102,160000,46.5,46.7,46.5,46.7,2173,0
VSNT.US,5,20260102,160500,47,47,46.85,46.85,2680,0
VSNT.US,5,20260102,161000,46.85,46.85,46.7,46.7,527,0
VSNT.US,5,20260102,161500,46.5,47,46.02,46.5,4924,0
VSNT.US,5,20260102,162000,46.5,46.5,46.5,46.5,100,0
VSNT.US,5,20260102,165000,46.49,46.7,46.06,46.2999,1700,0
VSNT.US,5,20260102,170500,46.2,46.2,46.1,46.1,2900,0
VSNT.US,5,20260102,172500,46.225,46.225,46.225,46.225,100,0
VSNT.US,5,20260102,173500,46.225,46.225,46.225,46.225,1800,0
VSNT.US,5,20260102,174000,46.225,46.225,46.225,46.225,200,0
VSNT.US,5,20260102,180000,46.11,46.11,46.01,46.01,1700,0
VSNT.US,5,20260102,182000,46.1499,46.1499,46.1499,46.1499,100,0
VSNT.US,5,20260102,183500,46.03,46.15,46.03,46.03,1710,0
VSNT.US,5,20260102,184500,46.03,46.03,46.03,46.03,200,0
VSNT.US,5,20260102,190000,46.175,46.175,46,46,4011,0
VSNT.US,5,20260102,191000,46.22,46.94,46.01,46.01,4067,0
VSNT.US,5,20260102,193000,46.08,46.08,46.08,46.08,110,0
VSNT.US,5,20260102,201500,46,46,46,46,100,0
VSNT.US,5,20260102,202500,45.96,46,45.96,46,1600,0
VSNT.US,5,20260102,203000,46,46,45.9999,46,1000,0
VSNT.US,5,20260102,203500,45.96,45.96,45.96,45.96,142,0
VSNT.US,5,20260102,204000,45.91,45.91,45.91,45.91,117,0
VSNT.US,5,20260102,204500,45.97,45.97,45.97,45.97,100,0
VSNT.US,5,20260102,211500,45.94,45.94,45.94,45.94,100,0
VSNT.US,5,20260102,212000,45.95,45.9503,45.95,45.9503,3300,0
VSNT.US,5,20260102,212500,45.95,45.95,45.95,45.95,133,0
VSNT.US,5,20260102,213000,45.95,45.95,45.95,45.95,167,0
VSNT.US,5,20260102,213500,45.95,45.95,45.95,45.95,100,0
VSNT.US,5,20260102,214000,45.95,46,45.95,46,400,0
VSNT.US,5,20260102,214500,45.95,45.95,45.95,45.95,100,0
VSNT.US,5,20260102,215000,46,46.99,46,46.5,13980,0
VSNT.US,5,20260102,215500,46.98,47.63,46.06,46.65,111971,0
VSNT.US,5,20260105,153000,45.16,45.65,42,42.17,360120,0
VSNT.US,5,20260105,153500,42.05,42.26,41.07,41.2,209022,0
VSNT.US,5,20260105,154000,41.135,41.22,39.69,39.83,359552,0
VSNT.US,5,20260105,154500,39.795,40.69,39.5,40.52,379825,0
VSNT.US,5,20260105,155000,40.35,41.9,40.35,41.87,233660,0
VSNT.US,5,20260105,155500,41.8,41.8376,41.21,41.305,172298,0
VSNT.US,5,20260105,160000,41.305,41.9,40.01,40.62,150539,0
VSNT.US,5,20260105,160500,40.56,40.89,40.455,40.79,90642,0
VSNT.US,5,20260105,161000,40.7,41.28,40.6,41.04,64237,0
VSNT.US,5,20260105,161500,41.035,41.12,40.405,40.51,98418,0
VSNT.US,5,20260105,162000,40.54,40.7,40.345,40.56,104433,0
VSNT.US,5,20260105,162500,40.56,40.56,40.4,40.455,99606,0
VSNT.US,5,20260105,163000,40.455,40.52,40.01,40.05,173630,0
VSNT.US,5,20260105,163500,40.04,40.52,40.01,40.11,135380,0
VSNT.US,5,20260105,164000,40.1,40.14,40,40.01,102042,0
VSNT.US,5,20260105,164500,40.015,40.35,40,40.245,207147,0
VSNT.US,5,20260105,165000,40.245,40.31,40,40,32152,0
VSNT.US,5,20260105,165500,40.01,40.12,40,40.06,95434,0
VSNT.US,5,20260105,170000,40.05,40.35,40.05,40.275,116844,0
VSNT.US,5,20260105,170500,40.275,40.31,40.06,40.0825,82296,0
VSNT.US,5,20260105,171000,40.075,40.13,40.06,40.065,42031,0
VSNT.US,5,20260105,171500,40.065,40.08,39.8,39.805,156600,0
VSNT.US,5,20260105,172000,39.805,40,39.77,39.825,123441,0
VSNT.US,5,20260105,172500,39.83,39.98,39.82,39.98,98764,0
VSNT.US,5,20260105,173000,39.98,40.01,39.965,40,85364,0
VSNT.US,5,20260105,173500,39.995,40,39.98,39.995,65028,0
VSNT.US,5,20260105,174000,39.995,40,39.9,39.95,51547,0
VSNT.US,5,20260105,174500,39.94,40.02,39.9301,39.995,102657,0
VSNT.US,5,20260105,175000,39.9901,40.1,39.98,40.03,228623,0
VSNT.US,5,20260105,175500,40.03,40.24,39.995,40.02,172373,0
VSNT.US,5,20260105,180000,40.02,40.02,39.98,40.005,84215,0
VSNT.US,5,20260105,180500,40.005,40.22,39.98,40.21,132569,0
VSNT.US,5,20260105,181000,40.215,40.42,39.985,40.01,35258,0
VSNT.US,5,20260105,181500,40.005,40.15,39.955,40.025,109407,0
VSNT.US,5,20260105,182000,40.01,40.04,39.99,40,32310,0
VSNT.US,5,20260105,182500,39.99,40.05,39.9802,40.02,39251,0
VSNT.US,5,20260105,183000,40.02,40.125,40,40.025,33388,0
VSNT.US,5,20260105,183500,40.025,40.04,40.02,40.03,27457,0
VSNT.US,5,20260105,184000,40.0201,40.04,40.02,40.03,34501,0
VSNT.US,5,20260105,184500,40.03,40.18,40.03,40.105,49526,0
VSNT.US,5,20260105,185000,40.105,40.105,40.07,40.1,42420,0
VSNT.US,5,20260105,185500,40.09,40.93,40.03,40.66,241973,0
VSNT.US,5,20260105,190000,40.66,40.94,40.5,40.66,128656,0
VSNT.US,5,20260105,190500,40.65,40.75,40.52,40.66,67297,0
VSNT.US,5,20260105,191000,40.645,40.73,40.52,40.61,52514,0
VSNT.US,5,20260105,191500,40.65,40.66,40.57,40.57,40044,0
VSNT.US,5,20260105,192000,40.59,40.9,40.56,40.79,49769,0
VSNT.US,5,20260105,192500,40.79,41,40.77,40.86,64843,0
VSNT.US,5,20260105,193000,40.925,41.49,40.82,41,77723,0
VSNT.US,5,20260105,193500,41.055,41.45,40.82,41.3,44301,0
VSNT.US,5,20260105,194000,41.07,41.3,40.82,40.82,26184,0
VSNT.US,5,20260105,194500,40.825,40.94,40.62,40.745,45489,0
VSNT.US,5,20260105,195000,40.78,40.94,40.77,40.895,30604,0
VSNT.US,5,20260105,195500,40.895,40.94,40.7,40.715,21347,0
VSNT.US,5,20260105,200000,40.7,40.75,40.4,40.435,35676,0
VSNT.US,5,20260105,200500,40.42,40.46,40.28,40.28,91675,0
VSNT.US,5,20260105,201000,40.28,40.36,40.28,40.31,54518,0
VSNT.US,5,20260105,201500,40.335,40.36,40.16,40.22,154412,0
VSNT.US,5,20260105,202000,40.2,40.205,40.15,40.16,40154,0
VSNT.US,5,20260105,202500,40.15,40.16,40.03,40.03,142384,0
VSNT.US,5,20260105,203000,40.03,40.03,39.99,40.0099,190507,0
VSNT.US,5,20260105,203500,40.0083,40.23,39.9,40.105,245510,0
VSNT.US,5,20260105,204000,40.07,40.1,40,40,18100,0
VSNT.US,5,20260105,204500,40,40.01,39.89,39.99,105348,0
VSNT.US,5,20260105,205000,40.005,40.01,39.925,39.96,143330,0
VSNT.US,5,20260105,205500,39.945,40,39.9,40,23180,0
VSNT.US,5,20260105,210000,39.9958,40,39.9401,39.995,47159,0
VSNT.US,5,20260105,210500,39.995,40,39.96,39.99,64447,0
VSNT.US,5,20260105,211000,39.9843,39.99,39.8,39.8623,107691,0
VSNT.US,5,20260105,211500,39.87,40.01,39.86,39.97,76977,0
VSNT.US,5,20260105,212000,39.935,40,39.935,39.985,94443,0
VSNT.US,5,20260105,212500,39.985,40,39.9501,39.965,80937,0
VSNT.US,5,20260105,213000,39.965,39.98,39.81,39.83,172684,0
VSNT.US,5,20260105,213500,39.8202,39.85,39.77,39.77,183562,0
VSNT.US,5,20260105,214000,39.775,39.925,39.64,39.7,382135,0
VSNT.US,5,20260105,214500,39.7,39.73,39.57,39.59,220602,0
VSNT.US,5,20260105,215000,39.55,40.57,39.28,40.3164,1451554,0
VSNT.US,5,20260105,215500,40.245,40.77,39.86,40.57,22983435,0
VSNT.US,5,20260106,153000,40.41,40.5,39.48,39.78,496386,0
VSNT.US,5,20260106,153500,39.735,40.25,39.71,40.1201,241791,0
VSNT.US,5,20260106,154000,40.185,40.2,39.825,39.855,245756,0
VSNT.US,5,20260106,154500,39.855,39.96,39.77,39.95,151295,0
VSNT.US,5,20260106,155000,39.935,40.2,39.8,39.935,104413,0
VSNT.US,5,20260106,155500,39.935,40.03,39.85,40.01,69971,0
VSNT.US,5,20260106,160000,40.01,40.06,40,40.01,95132,0
VSNT.US,5,20260106,160500,40,40.03,39.8,39.8,113171,0
VSNT.US,5,20260106,161000,39.78,39.89,39.71,39.855,96862,0
VSNT.US,5,20260106,161500,39.8575,39.89,39.6,39.685,113236,0
VSNT.US,5,20260106,162000,39.685,39.7021,39.5,39.51,70309,0
VSNT.US,5,20260106,162500,39.5,39.64,39.32,39.64,125386,0
VSNT.US,5,20260106,163000,39.56,39.62,39.4,39.47,175998,0
VSNT.US,5,20260106,163500,39.4301,39.8,39.43,39.485,72445,0
VSNT.US,5,20260106,164000,39.485,39.74,39.46,39.5,139576,0
VSNT.US,5,20260106,164500,39.5,39.98,39.5,39.945,134592,0
VSNT.US,5,20260106,165000,39.51,39.95,39.51,39.825,110117,0
VSNT.US,5,20260106,165500,39.825,39.85,39.57,39.605,66210,0
VSNT.US,5,20260106,170000,39.6,39.68,39.51,39.665,47882,0
VSNT.US,5,20260106,170500,39.65,39.68,39.57,39.64,40023,0
VSNT.US,5,20260106,171000,39.641,39.66,39.57,39.585,79180,0
VSNT.US,5,20260106,171500,39.585,39.63,39.51,39.52,97913,0
VSNT.US,5,20260106,172000,39.52,39.57,39.455,39.495,77694,0
VSNT.US,5,20260106,172500,39.48,39.505,39.4,39.41,54766,0
VSNT.US,5,20260106,173000,39.415,39.45,39.395,39.395,195389,0
VSNT.US,5,20260106,173500,39.39,39.395,39.2,39.34,76732,0
VSNT.US,5,20260106,174000,39.335,39.53,39.21,39.2624,85192,0
VSNT.US,5,20260106,174500,39.25,39.26,39.18,39.22,75906,0
VSNT.US,5,20260106,175000,39.22,39.26,39.19,39.19,102239,0
VSNT.US,5,20260106,175500,39.195,39.195,39,39.015,151099,0
VSNT.US,5,20260106,180000,39.01,39.01,38.45,38.51,248605,0
VSNT.US,5,20260106,180500,38.505,38.64,38.38,38.46,175276,0
VSNT.US,5,20260106,181000,38.43,38.5,38.25,38.35,225912,0
VSNT.US,5,20260106,181500,38.4195,38.5,38.25,38.36,147443,0
VSNT.US,5,20260106,182000,38.36,38.7,38.36,38.675,67117,0
VSNT.US,5,20260106,182500,38.675,38.795,38.42,38.66,87100,0
VSNT.US,5,20260106,183000,38.55,38.61,38.45,38.4833,149287,0
VSNT.US,5,20260106,183500,38.45,38.57,38.45,38.465,38277,0
VSNT.US,5,20260106,184000,38.465,39.13,38.465,39.04,91539,0
VSNT.US,5,20260106,184500,39.04,39.29,38.78,38.8,76627,0
VSNT.US,5,20260106,185000,38.845,38.9199,38.59,38.6,53916,0
VSNT.US,5,20260106,185500,38.62,38.7494,38.55,38.715,69155,0
VSNT.US,5,20260106,190000,38.715,38.8099,38.64,38.67,37224,0
VSNT.US,5,20260106,190500,38.67,38.71,38.6,38.63,132641,0
VSNT.US,5,20260106,191000,38.62,38.62,38.595,38.605,25681,0
VSNT.US,5,20260106,191500,38.6,38.61,38.565,38.59,33584,0
VSNT.US,5,20260106,192000,38.585,38.7018,38.56,38.575,57438,0
VSNT.US,5,20260106,192500,38.58,38.62,38.455,38.465,56600,0
VSNT.US,5,20260106,193000,38.46,38.505,38.46,38.475,51101,0
VSNT.US,5,20260106,193500,38.48,38.58,38.46,38.495,58986,0
VSNT.US,5,20260106,194000,38.495,38.54,38.46,38.465,78398,0
VSNT.US,5,20260106,194500,38.46,38.51,38.44,38.495,76947,0
VSNT.US,5,20260106,195000,38.49,38.56,38.45,38.455,56285,0
VSNT.US,5,20260106,195500,38.455,38.68,38.45,38.56,117120,0
VSNT.US,5,20260106,200000,38.56,38.595,38.46,38.48,47573,0
VSNT.US,5,20260106,200500,38.48,38.57,38.46,38.485,46263,0
VSNT.US,5,20260106,201000,38.485,38.49,38.45,38.46,61328,0
VSNT.US,5,20260106,201500,38.46,39,38.455,39,99865,0
VSNT.US,5,20260106,202000,39,39.38,38.97,39.15,93673,0
VSNT.US,5,20260106,202500,39.15,39.155,38.78,38.78,61201,0
VSNT.US,5,20260106,203000,38.77,38.78,38.45,38.485,32365,0
VSNT.US,5,20260106,203500,38.485,38.58,38.45,38.4697,66520,0
VSNT.US,5,20260106,204000,38.47,38.54,38.4,38.41,91479,0
VSNT.US,5,20260106,204500,38.405,38.4396,38.4,38.405,90065,0
VSNT.US,5,20260106,205000,38.4,38.44,38.1,38.1,109336,0
VSNT.US,5,20260106,205500,38.1,38.105,37.7,37.7,183534,0
VSNT.US,5,20260106,210000,37.67,37.73,35.93,36.98,655448,0
VSNT.US,5,20260106,210500,36.89,37.42,36.89,37.04,318509,0
VSNT.US,5,20260106,211000,37.145,37.54,37,37.355,201279,0
VSNT.US,5,20260106,211500,37.3,37.59,37.3,37.505,135285,0
VSNT.US,5,20260106,212000,37.505,37.58,37.09,37.48,205167,0
VSNT.US,5,20260106,212500,37.48,37.57,37.32,37.5,153173,0
VSNT.US,5,20260106,213000,37.5,37.54,37.25,37.295,145388,0
VSNT.US,5,20260106,213500,37.295,37.5,37.22,37.36,137194,0
VSNT.US,5,20260106,214000,37.35,37.7,37.25,37.375,233117,0
VSNT.US,5,20260106,214500,37.375,37.79,37.35,37.375,272501,0
VSNT.US,5,20260106,215000,37.31,37.73,37.08,37.09,580112,0
VSNT.US,5,20260106,215500,37.03,37.055,36.26,36.26,2784089,0
VSNT.US,5,20260107,153000,35.45,35.7,35.05,35.305,1075071,0
VSNT.US,5,20260107,153500,35.3015,35.69,35.1,35.385,482383,0
VSNT.US,5,20260107,154000,35.385,35.66,35.36,35.505,423967,0
VSNT.US,5,20260107,154500,35.5116,35.81,35.5,35.65,333849,0
VSNT.US,5,20260107,155000,35.64,35.84,35.52,35.52,333810,0
VSNT.US,5,20260107,155500,35.52,35.7296,35.49,35.61,139137,0
VSNT.US,5,20260107,160000,35.61,35.61,34.55,34.8,412415,0
VSNT.US,5,20260107,160500,34.76,35.0399,34.73,34.9199,129391,0
VSNT.US,5,20260107,161000,34.885,35,34.725,34.985,127365,0
VSNT.US,5,20260107,161500,34.9908,34.9908,34.68,34.8,223517,0
VSNT.US,5,20260107,162000,34.8,35.34,34.7875,35.254,200705,0
VSNT.US,5,20260107,162500,35.23,35.31,34.95,35.005,146308,0
VSNT.US,5,20260107,163000,34.9816,35.25,34.95,35.155,89513,0
VSNT.US,5,20260107,163500,35.155,35.3695,34.985,35.11,95929,0
VSNT.US,5,20260107,164000,35.1198,35.1199,34.735,34.735,120655,0
VSNT.US,5,20260107,164500,34.735,34.75,34.51,34.525,217589,0
VSNT.US,5,20260107,165000,34.51,34.62,34.51,34.57,112061,0
VSNT.US,5,20260107,165500,34.57,34.7351,34.48,34.6,126748,0
VSNT.US,5,20260107,170000,34.6,34.6316,34.5,34.53,108414,0
VSNT.US,5,20260107,170500,34.527,34.73,34.43,34.73,97594,0
VSNT.US,5,20260107,171000,34.715,34.95,34.6,34.935,66932,0
VSNT.US,5,20260107,171500,34.935,35.12,34.935,35,91747,0
VSNT.US,5,20260107,172000,35,35.0065,34.72,34.76,66109,0
VSNT.US,5,20260107,172500,34.76,34.79,34.7,34.73,61071,0
VSNT.US,5,20260107,173000,34.72,34.73,34.51,34.51,162308,0
VSNT.US,5,20260107,173500,34.53,34.54,34.46,34.48,148842,0
VSNT.US,5,20260107,174000,34.46,34.49,34.4,34.455,107074,0
VSNT.US,5,20260107,174500,34.45,34.45,34.2401,34.3114,131350,0
VSNT.US,5,20260107,175000,34.305,34.34,34.25,34.295,122281,0
VSNT.US,5,20260107,175500,34.295,34.3,34.01,34.03,163084,0
VSNT.US,5,20260107,180000,34.02,34.13,34.01,34.09,171990,0
VSNT.US,5,20260107,180500,34.09,34.1,33.98,34,74527,0
VSNT.US,5,20260107,181000,33.985,34,33.79,33.81,63793,0
VSNT.US,5,20260107,181500,33.8199,33.83,33.65,33.703,126233,0
VSNT.US,5,20260107,182000,33.68,34.1,33.66,34.1,109438,0
VSNT.US,5,20260107,182500,34.1087,34.13,34.01,34.115,86358,0
VSNT.US,5,20260107,183000,34.1,34.1299,34.05,34.065,96179,0
VSNT.US,5,20260107,183500,34.06,34.0675,33.57,33.61,164111,0
VSNT.US,5,20260107,184000,33.57,33.8676,33.52,33.81,113738,0
VSNT.US,5,20260107,184500,33.78,33.858,33.56,33.6,81597,0
VSNT.US,5,20260107,185000,33.6026,33.685,33.55,33.58,102781,0
VSNT.US,5,20260107,185500,33.57,33.58,33.4845,33.4845,142659,0
VSNT.US,5,20260107,190000,33.485,33.4857,33.3,33.315,145439,0
VSNT.US,5,20260107,190500,33.305,33.31,33.11,33.18,164841,0
VSNT.US,5,20260107,191000,33.16,33.2799,33,33.01,203583,0
VSNT.US,5,20260107,191500,33.005,33.24,33,33.21,187239,0
VSNT.US,5,20260107,192000,33.17,33.39,33.17,33.28,171205,0
VSNT.US,5,20260107,192500,33.28,33.3,33.2,33.2,74207,0
VSNT.US,5,20260107,193000,33.2099,33.3603,33.065,33.27,80455,0
VSNT.US,5,20260107,193500,33.2596,33.3,33.21,33.235,79961,0
VSNT.US,5,20260107,194000,33.24,33.5,33.24,33.365,77143,0
VSNT.US,5,20260107,194500,33.37,33.5,33.3,33.5,140226,0
VSNT.US,5,20260107,195000,33.46,33.5,33.28,33.29,71386,0
VSNT.US,5,20260107,195500,33.28,33.32,33.23,33.265,230534,0
VSNT.US,5,20260107,200000,33.265,33.39,33.25,33.31,92786,0
VSNT.US,5,20260107,200500,33.33,33.35,33.25,33.265,92660,0
VSNT.US,5,20260107,201000,33.265,33.3,33.21,33.27,207617,0
VSNT.US,5,20260107,201500,33.2595,33.34,33.25,33.26,81585,0
VSNT.US,5,20260107,202000,33.27,33.3399,33.24,33.3,88824,0
VSNT.US,5,20260107,202500,33.3,33.57,33.3,33.485,103983,0
VSNT.US,5,20260107,203000,33.48,33.51,33.45,33.475,77396,0
VSNT.US,5,20260107,203500,33.475,33.95,33.4745,33.79,177671,0
VSNT.US,5,20260107,204000,33.7663,34.0999,33.7663,34.03,429282,0
VSNT.US,5,20260107,204500,34.03,34.2999,34,34.11,176094,0
VSNT.US,5,20260107,205000,34.1101,34.24,34.03,34.1602,118348,0
VSNT.US,5,20260107,205500,34.135,34.15,33.925,33.945,122162,0
VSNT.US,5,20260107,210000,33.945,34.1,33.93,34.01,74110,0
VSNT.US,5,20260107,210500,34.015,34.1314,34,34.005,147312,0
VSNT.US,5,20260107,211000,34.005,34.16,33.94,33.941,227250,0
VSNT.US,5,20260107,211500,33.945,33.945,33.675,33.775,168329,0
VSNT.US,5,20260107,212000,33.775,33.7795,33.575,33.68,111776,0
VSNT.US,5,20260107,212500,33.65,33.75,33.65,33.665,148796,0
VSNT.US,5,20260107,213000,33.665,33.665,33.47,33.505,239082,0
VSNT.US,5,20260107,213500,33.5,33.53,33.3501,33.51,198820,0
VSNT.US,5,20260107,214000,33.52,33.66,33.4,33.47,130832,0
VSNT.US,5,20260107,214500,33.47,34.01,33.44,33.97,166267,0
VSNT.US,5,20260107,215000,33.97,33.975,33.71,33.72,399103,0
VSNT.US,5,20260107,215500,33.72,33.72,33.25,33.29,1743882,0
VSNT.US,5,20260108,153000,33.25,33.69,32.5,32.76,648540,0
VSNT.US,5,20260108,153500,32.775,33.17,32.55,32.62,646224,0
VSNT.US,5,20260108,154000,32.595,32.6,32.22,32.27,531343,0
VSNT.US,5,20260108,154500,32.275,32.63,32.13,32.5,671723,0
VSNT.US,5,20260108,155000,32.5,32.52,32.03,32.27,272622,0
VSNT.US,5,20260108,155500,32.31,32.33,31.94,31.975,372145,0
VSNT.US,5,20260108,160000,31.975,32.3,31.9501,32.25,184466,0
VSNT.US,5,20260108,160500,32.23,32.3,32.1,32.22,221857,0
VSNT.US,5,20260108,161000,32.195,32.24,31.92,32.1799,106781,0
VSNT.US,5,20260108,161500,32.17,32.3188,32.05,32.05,183148,0
VSNT.US,5,20260108,162000,32.09,32.16,31.97,32.16,182249,0
VSNT.US,5,20260108,162500,32.17,32.19,31.925,32.14,111018,0
VSNT.US,5,20260108,163000,32.16,32.32,32.145,32.3,214619,0
VSNT.US,5,20260108,163500,32.3,32.3,31.96,32.1998,196405,0
VSNT.US,5,20260108,164000,32.19,32.32,32.15,32.2,82863,0
VSNT.US,5,20260108,164500,32.2,32.29,32.125,32.195,113308,0
VSNT.US,5,20260108,165000,32.17,32.2399,32.12,32.19,98177,0
VSNT.US,5,20260108,165500,32.15,32.26,32.06,32.19,189966,0
VSNT.US,5,20260108,170000,32.19,32.33,32.14,32.29,115609,0
VSNT.US,5,20260108,170500,32.29,32.64,32.22,32.32,417897,0
VSNT.US,5,20260108,171000,32.32,32.36,32.2,32.29,99124,0
VSNT.US,5,20260108,171500,32.29,32.45,32.2,32.41,218308,0
VSNT.US,5,20260108,172000,32.41,32.41,32.27,32.29,74286,0
VSNT.US,5,20260108,172500,32.29,32.54,32.27,32.445,134067,0
VSNT.US,5,20260108,173000,32.42,32.53,32.27,32.495,152310,0
VSNT.US,5,20260108,173500,32.495,32.7,32.46,32.519,188910,0
VSNT.US,5,20260108,174000,32.5189,32.54,32.4,32.43,63976,0
VSNT.US,5,20260108,174500,32.43,32.71,32.43,32.55,257712,0
VSNT.US,5,20260108,175000,32.57,32.8,32.555,32.785,102923,0
VSNT.US,5,20260108,175500,32.81,33.38,32.79,33.2387,353718,0
VSNT.US,5,20260108,180000,33.22,33.7,33.14,33.67,342638,0
VSNT.US,5,20260108,180500,33.67,34.137,33.6001,33.79,393209,0
VSNT.US,5,20260108,181000,33.7675,33.83,33.6301,33.685,193496,0
VSNT.US,5,20260108,181500,33.685,34.29,33.685,33.965,323532,0
VSNT.US,5,20260108,182000,33.985,34.42,33.985,34.32,221064,0
VSNT.US,5,20260108,182500,34.27,34.52,34.2,34.5,229999,0
VSNT.US,5,20260108,183000,34.5,34.56,34.25,34.5379,184357,0
VSNT.US,5,20260108,183500,34.55,34.58,34.31,34.4125,201188,0
VSNT.US,5,20260108,184000,34.44,34.72,34.4001,34.7,722933,0
VSNT.US,5,20260108,184500,34.7,34.97,34.65,34.65,266421,0
VSNT.US,5,20260108,185000,34.66,34.77,34.14,34.16,118668,0
VSNT.US,5,20260108,185500,34.14,34.35,34.04,34.305,125125,0
VSNT.US,5,20260108,190000,34.37,34.58,34.28,34.3693,94296,0
VSNT.US,5,20260108,190500,34.34,34.52,34.34,34.405,69480,0
VSNT.US,5,20260108,191000,34.38,34.56,34.35,34.434,79237,0
VSNT.US,5,20260108,191500,34.43,34.56,34.23,34.51,184308,0
VSNT.US,5,20260108,192000,34.54,34.62,34.46,34.47,320808,0
VSNT.US,5,20260108,192500,34.485,34.95,34.43,34.76,105417,0
VSNT.US,5,20260108,193000,34.75,34.7888,34.675,34.7,74061,0
VSNT.US,5,20260108,193500,34.7,34.84,34.645,34.83,157382,0
VSNT.US,5,20260108,194000,34.83,35,34.77,34.77,111467,0
VSNT.US,5,20260108,194500,34.78,34.9,34.68,34.745,83527,0
VSNT.US,5,20260108,195000,34.78,34.88,34.55,34.58,125812,0
VSNT.US,5,20260108,195500,34.55,34.58,34.325,34.355,91716,0
VSNT.US,5,20260108,200000,34.32,34.5,34.26,34.47,77024,0
VSNT.US,5,20260108,200500,34.47,34.6,34.45,34.56,95880,0
VSNT.US,5,20260108,201000,34.55,34.55,34.31,34.37,77061,0
VSNT.US,5,20260108,201500,34.34,34.37,34.17,34.215,57431,0
VSNT.US,5,20260108,202000,34.22,34.225,33.86,33.89,82800,0
VSNT.US,5,20260108,202500,33.89,33.895,33.7,33.755,63235,0
VSNT.US,5,20260108,203000,33.776566,33.85,33.58,33.76,75288,0
VSNT.US,5,20260108,203500,33.72,33.7714,33.62,33.62,58291,0
VSNT.US,5,20260108,204000,33.62,33.71,33.5,33.58,73196,0
VSNT.US,5,20260108,204500,33.555,33.85,33.5,33.745,74881,0
VSNT.US,5,20260108,205000,33.745,33.79,33.69,33.76,38024,0
VSNT.US,5,20260108,205500,33.76,33.965,33.645,33.95,60060,0
VSNT.US,5,20260108,210000,33.96,33.96,33.76,33.82,72662,0
VSNT.US,5,20260108,210500,33.792,34.12,33.76,34.05,87103,0
VSNT.US,5,20260108,211000,34.03,34.12,33.97,34.12,67255,0
VSNT.US,5,20260108,211500,34.125,34.18,33.96,34.0103,50237,0
VSNT.US,5,20260108,212000,34.005,34.17,34.005,34.09,79838,0
VSNT.US,5,20260108,212500,34.09,34.11,33.99,34.02,118892,0
VSNT.US,5,20260108,213000,34.04,34.05,33.8601,33.97,166904,0
VSNT.US,5,20260108,213500,33.975,34.14,33.87,34.12,192874,0
VSNT.US,5,20260108,214000,34.1,34.12,33.87,33.98,106840,0
VSNT.US,5,20260108,214500,33.98,34.0702,33.84,33.91,167691,0
VSNT.US,5,20260108,215000,33.93,34.005,33.33,33.415,532139,0
VSNT.US,5,20260108,215500,33.405,33.85,33.35,33.69,1754702,0
