<TICKER>,<PER>,<DATE>,<TIME>,<OPEN>,<HIGH>,<LOW>,<CLOSE>,<VOL>,<OPENINT>
WLTH.US,5,20251212,191000,14,14.14,14,14.035,3731660,0
WLTH.US,5,20251212,191500,14.01,14.24,13.75,13.885,1038568,0
WLTH.US,5,20251212,192000,13.885,14.19,13.76,14.105,646513,0
WLTH.US,5,20251212,192500,14.1,14.15,13.77,14.0499,702775,0
WLTH.US,5,20251212,193000,14.05,14.05,13.8,13.915,237623,0
WLTH.US,5,20251212,193500,13.91,14.05,13.88,13.99,221536,0
WLTH.US,5,20251212,194000,13.99,14.115,13.98,14.01,130958,0
WLTH.US,5,20251212,194500,14.01,14.25,14,14.1,573274,0
WLTH.US,5,20251212,195000,14.0945,14.5,14.09,14.5,363918,0
WLTH.US,5,20251212,195500,14.49,14.83,14.31,14.775,431574,0
WLTH.US,5,20251212,200000,14.775,14.88,14.4,14.5899,225754,0
WLTH.US,5,20251212,200500,14.57,14.58,14.5,14.51,114619,0
WLTH.US,5,20251212,201000,14.51,14.74,14.32,14.67,161162,0
WLTH.US,5,20251212,201500,14.66,14.7399,14.55,14.55,81243,0
WLTH.US,5,20251212,202000,14.55,14.59,14.25,14.45,139461,0
WLTH.US,5,20251212,202500,14.45,14.53,14.3,14.4,135403,0
WLTH.US,5,20251212,203000,14.3,14.52,14.3,14.46,346776,0
WLTH.US,5,20251212,203500,14.46,14.48,14.4,14.42,66784,0
WLTH.US,5,20251212,204000,14.42,14.46,14.4,14.4,52628,0
WLTH.US,5,20251212,204500,14.41,14.4581,14.2,14.415,122539,0
WLTH.US,5,20251212,205000,14.415,14.43,14.3,14.4,114114,0
WLTH.US,5,20251212,205500,14.4,14.415,14.2,14.355,101371,0
WLTH.US,5,20251212,210000,14.355,14.5,14.25,14.455,149619,0
WLTH.US,5,20251212,210500,14.45,14.58,14.45,14.485,223614,0
WLTH.US,5,20251212,211000,14.485,14.5,14.33,14.47,105756,0
WLTH.US,5,20251212,211500,14.45,14.475,14.44,14.45,52679,0
WLTH.US,5,20251212,212000,14.455,14.5,14.41,14.47,148816,0
WLTH.US,5,20251212,212500,14.485,14.55,14.44,14.535,93687,0
WLTH.US,5,20251212,213000,14.535,14.61,14.5,14.5677,121956,0
WLTH.US,5,20251212,213500,14.56,14.7,14.4,14.65,186269,0
WLTH.US,5,20251212,214000,14.67,14.69,14.25,14.2801,152096,0
WLTH.US,5,20251212,214500,14.3,14.49,14.2,14.23,205465,0
WLTH.US,5,20251212,215000,14.24,14.3,14.02,14.02,221688,0
WLTH.US,5,20251212,215500,14.035,14.37,14.02,14.19,805940,0
WLTH.US,5,20251215,153000,14.545,14.75,14.34,14.435,127563,0
WLTH.US,5,20251215,153500,14.38,14.56,14.31,14.55,106693,0
WLTH.US,5,20251215,154000,14.55,14.62,14.47,14.62,71193,0
WLTH.US,5,20251215,154500,14.58,14.62,14.5,14.5,34959,0
WLTH.US,5,20251215,155000,14.545,14.59,14.31,14.45,116236,0
WLTH.US,5,20251215,155500,14.45,14.46,14.3,14.3201,33554,0
WLTH.US,5,20251215,160000,14.3726,14.4,14.26,14.26,16379,0
WLTH.US,5,20251215,160500,14.26,14.3358,14.21,14.255,24455,0
WLTH.US,5,20251215,161000,14.21,14.27,14.13,14.17,32730,0
WLTH.US,5,20251215,161500,14.12,14.1934,14,14.15,46346,0
WLTH.US,5,20251215,162000,14.15,14.15,14.05,14.1,14607,0
WLTH.US,5,20251215,162500,14.09,14.105,14.05,14.05,109499,0
WLTH.US,5,20251215,163000,14.075,14.1,13.99,14.07,150752,0
WLTH.US,5,20251215,163500,14.0997,14.15,14.05,14.14,17542,0
WLTH.US,5,20251215,164000,14.12,14.22,14.12,14.22,23129,0
WLTH.US,5,20251215,164500,14.22,14.35,14.197,14.21,20334,0
WLTH.US,5,20251215,165000,14.21,14.3487,14.19,14.23,20102,0
WLTH.US,5,20251215,165500,14.24,14.3405,14.17,14.2,22713,0
WLTH.US,5,20251215,170000,14.21,14.345,14.2,14.21,10364,0
WLTH.US,5,20251215,170500,14.2485,14.2891,14.2,14.2,3907,0
WLTH.US,5,20251215,171000,14.255,14.255,14.2,14.2185,3971,0
WLTH.US,5,20251215,171500,14.2,14.25,14.2,14.2,7439,0
WLTH.US,5,20251215,172000,14.2,14.21,14.2,14.21,5379,0
WLTH.US,5,20251215,172500,14.205,14.21,14.2,14.21,2941,0
WLTH.US,5,20251215,173000,14.205,14.21,14.2,14.2099,4203,0
WLTH.US,5,20251215,173500,14.2,14.2085,14.17,14.1825,8407,0
WLTH.US,5,20251215,174000,14.19,14.19,14.07,14.07,19306,0
WLTH.US,5,20251215,174500,14.07,14.0894,14.05,14.05,8236,0
WLTH.US,5,20251215,175000,14.05,14.0599,14.05,14.05,11652,0
WLTH.US,5,20251215,175500,14.055,14.0699,13.9,14.025,134153,0
WLTH.US,5,20251215,180000,14.01,14.038,14,14.03,64578,0
WLTH.US,5,20251215,180500,14.045,14.18,14.04,14.1,38806,0
WLTH.US,5,20251215,181000,14.11,14.15,14.04,14.07,21900,0
WLTH.US,5,20251215,181500,14.07,14.1099,14.03,14.06,4029,0
WLTH.US,5,20251215,182000,14.06,14.0747,14.05,14.0747,4041,0
WLTH.US,5,20251215,182500,14.05,14.0797,14.05,14.05,4300,0
WLTH.US,5,20251215,183000,14.05,14.08,14.04,14.06,24310,0
WLTH.US,5,20251215,183500,14.0613,14.08,14.04,14.05,9738,0
WLTH.US,5,20251215,184000,14.06,14.065,14.04,14.05,13018,0
WLTH.US,5,20251215,184500,14.0401,14.07,14.03,14.03,17822,0
WLTH.US,5,20251215,185000,14.0337,14.045,14.03,14.045,3675,0
WLTH.US,5,20251215,185500,14.05,14.05,14.03,14.03,32919,0
WLTH.US,5,20251215,190000,14.04,14.04,14,14.01,43140,0
WLTH.US,5,20251215,190500,14.01,14.02,14,14,25932,0
WLTH.US,5,20251215,191000,14,14.02,13.99,14.005,120828,0
WLTH.US,5,20251215,191500,14.005,14.05,13.95,14.0142,119388,0
WLTH.US,5,20251215,192000,14.025,14.03,14,14.02,21228,0
WLTH.US,5,20251215,192500,14.01,14.03,14.002,14.01,9229,0
WLTH.US,5,20251215,193000,14.01,14.03,14.002,14.03,5172,0
WLTH.US,5,20251215,193500,14.03,14.04,14.02,14.04,4292,0
WLTH.US,5,20251215,194000,14.05,14.06,14.02,14.05,4302,0
WLTH.US,5,20251215,194500,14.05,14.07,14.04,14.05,7700,0
WLTH.US,5,20251215,195000,14.06,14.16,14.05,14.11,5700,0
WLTH.US,5,20251215,195500,14.11,14.11,14,14.05,37561,0
WLTH.US,5,20251215,200000,14.01,14.05,13.99,14,181760,0
WLTH.US,5,20251215,200500,14.005,14.005,13.95,13.98,122957,0
WLTH.US,5,20251215,201000,13.98,13.99,13.96,13.99,3318,0
WLTH.US,5,20251215,201500,13.98,13.99,13.91,13.91,8299,0
WLTH.US,5,20251215,202000,13.925,13.925,13.67,13.75,112796,0
WLTH.US,5,20251215,202500,13.75,13.79,13.75,13.785,85673,0
WLTH.US,5,20251215,203000,13.785,13.785,13.75,13.75,17036,0
WLTH.US,5,20251215,203500,13.75,13.755,13.51,13.55,42724,0
WLTH.US,5,20251215,204000,13.53,13.63,13.45,13.495,257748,0
WLTH.US,5,20251215,204500,13.5096,13.53,13.47,13.51,28299,0
WLTH.US,5,20251215,205000,13.49,13.53,13.48,13.51,126256,0
WLTH.US,5,20251215,205500,13.53,13.8,13.522,13.72,8920,0
WLTH.US,5,20251215,210000,13.75,13.8,13.7101,13.74,18091,0
WLTH.US,5,20251215,210500,13.74,13.78,13.71,13.78,20612,0
WLTH.US,5,20251215,211000,13.75,13.765,13.75,13.75,11888,0
WLTH.US,5,20251215,211500,13.75,13.78,13.61,13.62,14048,0
WLTH.US,5,20251215,212000,13.67,13.685,13.555,13.6,13570,0
WLTH.US,5,20251215,212500,13.57,13.6057,13.37,13.405,106928,0
WLTH.US,5,20251215,213000,13.37,13.44,13.35,13.375,103091,0
WLTH.US,5,20251215,213500,13.35,13.4,13.35,13.35,100124,0
WLTH.US,5,20251215,214000,13.35,13.49,13.35,13.38,37769,0
WLTH.US,5,20251215,214500,13.435,13.5,13.37,13.44,83289,0
WLTH.US,5,20251215,215000,13.41,13.5,13.38,13.5,58354,0
WLTH.US,5,20251215,215500,13.5,13.89,13.465,13.77,275209,0
WLTH.US,5,20251216,153000,13.59,13.7561,13.5,13.5001,67676,0
WLTH.US,5,20251216,153500,13.505,13.51,13.25,13.35,72172,0
WLTH.US,5,20251216,154000,13.3,13.49,13.3,13.395,11577,0
WLTH.US,5,20251216,154500,13.3243,13.45,13.285,13.285,17794,0
WLTH.US,5,20251216,155000,13.32,13.34,13.25,13.25,53585,0
WLTH.US,5,20251216,155500,13.25,13.29,13.202,13.255,29664,0
WLTH.US,5,20251216,160000,13.28,13.29,13.25,13.27,26091,0
WLTH.US,5,20251216,160500,13.27,13.27,13.245,13.25,36080,0
WLTH.US,5,20251216,161000,13.25,13.32,13.2,13.21,99852,0
WLTH.US,5,20251216,161500,13.21,13.26,13.2,13.21,23527,0
WLTH.US,5,20251216,162000,13.225,13.24,13.05,13.0832,74017,0
WLTH.US,5,20251216,162500,13.06,13.195,12.99,13,130592,0
WLTH.US,5,20251216,163000,13,13.0085,12.85,12.855,278450,0
WLTH.US,5,20251216,163500,12.855,12.91,12.85,12.885,46642,0
WLTH.US,5,20251216,164000,12.9,12.91,12.87,12.9,42679,0
WLTH.US,5,20251216,164500,12.9,12.9099,12.87,12.87,9595,0
WLTH.US,5,20251216,165000,12.87,12.955,12.8,12.84,109311,0
WLTH.US,5,20251216,165500,12.8399,13.0488,12.821,12.9,66795,0
WLTH.US,5,20251216,170000,12.9,12.96,12.8,12.88,42818,0
WLTH.US,5,20251216,170500,12.88,12.905,12.83,12.86,32160,0
WLTH.US,5,20251216,171000,12.86,12.945,12.811,12.84,114639,0
WLTH.US,5,20251216,171500,12.845,12.94,12.821,12.841,74272,0
WLTH.US,5,20251216,172000,12.84,12.84,12.76,12.82,76462,0
WLTH.US,5,20251216,172500,12.82,12.92,12.8,12.84,23137,0
WLTH.US,5,20251216,173000,12.855,12.92,12.76,12.82,19111,0
WLTH.US,5,20251216,173500,12.8499,12.85,12.78,12.8,4035,0
WLTH.US,5,20251216,174000,12.825,12.8371,12.79,12.795,4301,0
WLTH.US,5,20251216,174500,12.78,12.81,12.78,12.78,5134,0
WLTH.US,5,20251216,175000,12.795,12.82,12.78,12.82,7793,0
WLTH.US,5,20251216,175500,12.79,12.83,12.76,12.8,22361,0
WLTH.US,5,20251216,180000,12.785,12.875,12.785,12.83,12816,0
WLTH.US,5,20251216,180500,12.92,12.95,12.8,12.85,15242,0
WLTH.US,5,20251216,181000,12.85,13.085,12.85,12.92,21567,0
WLTH.US,5,20251216,181500,12.955,13.06,12.92,12.95,18624,0
WLTH.US,5,20251216,182000,12.94,13,12.91,12.95,7477,0
WLTH.US,5,20251216,182500,12.94,12.98,12.86,12.92,13882,0
WLTH.US,5,20251216,183000,12.91,12.97,12.8701,12.95,7185,0
WLTH.US,5,20251216,183500,12.925,12.97,12.87,12.92,8468,0
WLTH.US,5,20251216,184000,12.92,12.9423,12.911,12.9262,3958,0
WLTH.US,5,20251216,184500,12.925,12.97,12.9,12.945,238096,0
WLTH.US,5,20251216,185000,12.945,12.95,12.9,12.93,9012,0
WLTH.US,5,20251216,185500,12.91,12.9449,12.86,12.86,4629,0
WLTH.US,5,20251216,190000,12.91,12.93,12.8704,12.8704,5635,0
WLTH.US,5,20251216,190500,12.87,12.89,12.86,12.88,13092,0
WLTH.US,5,20251216,191000,12.88,12.93,12.88,12.915,10542,0
WLTH.US,5,20251216,191500,12.915,13.1,12.915,13.1,22392,0
WLTH.US,5,20251216,192000,13.06,13.149,13.01,13.035,2700,0
WLTH.US,5,20251216,192500,13.01,13.015,12.9,12.945,26005,0
WLTH.US,5,20251216,193000,12.9101,13,12.885,12.985,30756,0
WLTH.US,5,20251216,193500,12.95,12.9999,12.945,12.945,11131,0
WLTH.US,5,20251216,194000,12.945,13.085,12.945,13.06,10996,0
WLTH.US,5,20251216,194500,13.02,13.08,13.01,13.045,4665,0
WLTH.US,5,20251216,195000,13.045,13.08,13,13.04,96851,0
WLTH.US,5,20251216,195500,13.025,13.11,13,13.09,34667,0
WLTH.US,5,20251216,200000,13.05,13.13,13.02,13.07,29002,0
WLTH.US,5,20251216,200500,13.06,13.09,13.03,13.04,18179,0
WLTH.US,5,20251216,201000,13.05,13.11,13.02,13.04,32213,0
WLTH.US,5,20251216,201500,13.05,13.05,13.03,13.03,3773,0
WLTH.US,5,20251216,202000,13.03,13.07,13.02,13.055,6293,0
WLTH.US,5,20251216,202500,13.05,13.05,13.0101,13.03,4799,0
WLTH.US,5,20251216,203000,13.03,13.06,13.03,13.055,2953,0
WLTH.US,5,20251216,203500,13.05,13.07,13.03,13.035,6615,0
WLTH.US,5,20251216,204000,13.035,13.05,13,13,30827,0
WLTH.US,5,20251216,204500,13,13.005,12.95,12.99,58014,0
WLTH.US,5,20251216,205000,12.99,13,12.96,12.965,5505,0
WLTH.US,5,20251216,205500,12.95,12.99,12.9,12.98,30665,0
WLTH.US,5,20251216,210000,12.96,13,12.96,12.99,17966,0
WLTH.US,5,20251216,210500,13,13.03,12.96,12.96,55630,0
WLTH.US,5,20251216,211000,12.96,13,12.94,12.955,70469,0
WLTH.US,5,20251216,211500,12.955,13,12.935,12.955,64205,0
WLTH.US,5,20251216,212000,12.96,13,12.95,13,7892,0
WLTH.US,5,20251216,212500,12.985,13,12.98,12.9916,15667,0
WLTH.US,5,20251216,213000,13,13,12.98,12.99,37998,0
WLTH.US,5,20251216,213500,13,13,12.98,13,11905,0
WLTH.US,5,20251216,214000,13,13.05,13,13.03,36701,0
WLTH.US,5,20251216,214500,13.03,13.03,12.925,12.94,65753,0
WLTH.US,5,20251216,215000,12.91,12.935,12.89,12.9,64363,0
WLTH.US,5,20251216,215500,12.9,12.9099,12.85,12.85,185273,0
WLTH.US,5,20251217,153000,12.8,12.84,12.76,12.8,12552,0
WLTH.US,5,20251217,153500,12.8699,12.8699,12.78,12.815,24087,0
WLTH.US,5,20251217,154000,12.8,12.815,12.3,12.5,118432,0
WLTH.US,5,20251217,154500,12.5,12.5499,12.26,12.49,189311,0
WLTH.US,5,20251217,155000,12.5498,12.55,12.36,12.4,79940,0
WLTH.US,5,20251217,155500,12.34,12.6224,12.34,12.48,16590,0
WLTH.US,5,20251217,160000,12.515,12.515,12.46,12.5,12707,0
WLTH.US,5,20251217,160500,12.5,12.6702,12.47,12.6702,28654,0
WLTH.US,5,20251217,161000,12.575,12.575,12.5135,12.55,3871,0
WLTH.US,5,20251217,161500,12.55,12.6,12.5,12.55,7056,0
WLTH.US,5,20251217,162000,12.55,12.55,12.55,12.55,1300,0
WLTH.US,5,20251217,162500,12.55,12.62,12.55,12.565,6970,0
WLTH.US,5,20251217,163000,12.61,12.63,12.5,12.55,5332,0
WLTH.US,5,20251217,163500,12.565,12.565,12.5179,12.55,1609,0
WLTH.US,5,20251217,164000,12.5,12.59,12.45,12.53,338225,0
WLTH.US,5,20251217,164500,12.53,12.6446,12.5,12.5,219162,0
WLTH.US,5,20251217,165000,12.5,12.505,12.395,12.44,59566,0
WLTH.US,5,20251217,165500,12.43,12.44,12.35,12.39,47982,0
WLTH.US,5,20251217,170000,12.39,12.4125,12.287,12.405,74323,0
WLTH.US,5,20251217,170500,12.39,12.405,12.295,12.305,17019,0
WLTH.US,5,20251217,171000,12.32,12.34,12.295,12.31,9666,0
WLTH.US,5,20251217,171500,12.33,12.34,12.25,12.27,36305,0
WLTH.US,5,20251217,172000,12.27,12.2842,12.25,12.27,4970,0
WLTH.US,5,20251217,172500,12.265,12.2799,12.25,12.25,52640,0
WLTH.US,5,20251217,173000,12.25,12.255,12.0711,12.1,131331,0
WLTH.US,5,20251217,173500,12.0801,12.17,12.06,12.15,150537,0
WLTH.US,5,20251217,174000,12.15,12.1699,12.125,12.14,9607,0
WLTH.US,5,20251217,174500,12.14,12.15,12.1004,12.11,9694,0
WLTH.US,5,20251217,175000,12.11,12.23,12.09,12.23,32654,0
WLTH.US,5,20251217,175500,12.195,12.24,12.165,12.22,5638,0
WLTH.US,5,20251217,180000,12.215,12.24,12.173,12.21,18262,0
WLTH.US,5,20251217,180500,12.21,12.22,12.2001,12.21,6707,0
WLTH.US,5,20251217,181000,12.21,12.23,12.21,12.215,26119,0
WLTH.US,5,20251217,181500,12.215,12.22,12.09,12.09,11802,0
WLTH.US,5,20251217,182000,12.09,12.12,12.06,12.085,59548,0
WLTH.US,5,20251217,182500,12.07,12.08,12,12.025,102809,0
WLTH.US,5,20251217,183000,12.025,12.1,12.025,12.055,10459,0
WLTH.US,5,20251217,183500,12.055,12.0883,12.055,12.055,4558,0
WLTH.US,5,20251217,184000,12.055,12.13,12.02,12.1,20832,0
WLTH.US,5,20251217,184500,12.1076,12.15,12.09,12.14,19286,0
WLTH.US,5,20251217,185000,12.14,12.2124,12.13,12.16,18835,0
WLTH.US,5,20251217,185500,12.15,12.15,12.135,12.135,4400,0
WLTH.US,5,20251217,190000,12.15,12.22,12.1359,12.1359,6720,0
WLTH.US,5,20251217,190500,12.15,12.265,12.14,12.245,24771,0
WLTH.US,5,20251217,191000,12.265,12.27,12.22,12.23,24739,0
WLTH.US,5,20251217,191500,12.2201,12.2699,12.11,12.205,32130,0
WLTH.US,5,20251217,192000,12.2,12.2199,12.2,12.2,3836,0
WLTH.US,5,20251217,192500,12.2,12.2289,12.19,12.2289,17380,0
WLTH.US,5,20251217,193000,12.23,12.2591,12.23,12.25,8393,0
WLTH.US,5,20251217,193500,12.25,12.25,12.03,12.05,147232,0
WLTH.US,5,20251217,194000,12.05,12.07,11.95,11.955,105284,0
WLTH.US,5,20251217,194500,11.9587,12.05,11.95,12,223985,0
WLTH.US,5,20251217,195000,12.06,12.06,12,12.02,51125,0
WLTH.US,5,20251217,195500,12.02,12.04,12,12.015,12732,0
WLTH.US,5,20251217,200000,12,12.0255,12,12,13329,0
WLTH.US,5,20251217,200500,12.01,12.01,11.96,11.99,13190,0
WLTH.US,5,20251217,201000,11.99,11.995,11.97,11.98,3276,0
WLTH.US,5,20251217,201500,11.98,12.01,11.96,12.01,48448,0
WLTH.US,5,20251217,202000,12.01,12.19,12.01,12.155,29702,0
WLTH.US,5,20251217,202500,12.155,12.16,12.14,12.14,13357,0
WLTH.US,5,20251217,203000,12.14,12.16,12.13,12.155,43619,0
WLTH.US,5,20251217,203500,12.155,12.2,12.14,12.1973,35758,0
WLTH.US,5,20251217,204000,12.2,12.29,12.1947,12.27,40009,0
WLTH.US,5,20251217,204500,12.27,12.3199,12.23,12.23,50805,0
WLTH.US,5,20251217,205000,12.23,12.25,12.22,12.245,18312,0
WLTH.US,5,20251217,205500,12.25,12.34,12.25,12.305,11931,0
WLTH.US,5,20251217,210000,12.305,12.38,12.295,12.36,22888,0
WLTH.US,5,20251217,210500,12.35,12.3614,12.28,12.2975,26932,0
WLTH.US,5,20251217,211000,12.295,12.52,12.295,12.51,45584,0
WLTH.US,5,20251217,211500,12.51,12.515,12.4423,12.465,29728,0
WLTH.US,5,20251217,212000,12.45,12.465,12.37,12.3744,6617,0
WLTH.US,5,20251217,212500,12.37,12.46,12.37,12.38,36207,0
WLTH.US,5,20251217,213000,12.38,12.4,12.38,12.39,6088,0
WLTH.US,5,20251217,213500,12.39,12.525,12.39,12.46,21736,0
WLTH.US,5,20251217,214000,12.45,12.45,12.36,12.365,35117,0
WLTH.US,5,20251217,214500,12.365,12.465,12.34,12.425,40991,0
WLTH.US,5,20251217,215000,12.42,12.45,12.34,12.44,53617,0
WLTH.US,5,20251217,215500,12.41,12.64,12.41,12.595,137635,0
WLTH.US,5,20251218,153000,12.59,12.9299,12.51,12.9299,22421,0
WLTH.US,5,20251218,153500,12.76,12.9,12.76,12.89,3213,0
WLTH.US,5,20251218,154000,12.95,13.0999,12.9344,13,5400,0
WLTH.US,5,20251218,154500,12.943,13.0838,12.9249,13,18443,0
WLTH.US,5,20251218,155000,12.952,13,12.75,12.75,15190,0
WLTH.US,5,20251218,155500,12.68,12.76,12.68,12.7141,2650,0
WLTH.US,5,20251218,160000,12.705,12.705,12.59,12.67,536,0
WLTH.US,5,20251218,160500,12.67,12.7298,12.67,12.7298,30929,0
WLTH.US,5,20251218,161000,12.7,12.8,12.65,12.74,7204,0
WLTH.US,5,20251218,161500,12.7001,12.78,12.7001,12.75,18213,0
WLTH.US,5,20251218,162000,12.76,12.76,12.7,12.735,595,0
WLTH.US,5,20251218,162500,12.75,12.75,12.73,12.73,2183,0
WLTH.US,5,20251218,163000,12.73,12.8498,12.725,12.785,86426,0
WLTH.US,5,20251218,163500,12.785,12.81,12.75,12.75,6826,0
WLTH.US,5,20251218,164000,12.7799,12.7799,12.66,12.66,7355,0
WLTH.US,5,20251218,164500,12.635,12.68,12.61,12.62,3950,0
WLTH.US,5,20251218,165000,12.62,12.85,12.6,12.85,18350,0
WLTH.US,5,20251218,165500,12.79,12.79,12.695,12.695,1015,0
WLTH.US,5,20251218,170000,12.74,12.74,12.6201,12.695,5332,0
WLTH.US,5,20251218,170500,12.77,12.77,12.695,12.7699,4655,0
WLTH.US,5,20251218,171000,12.71,12.76,12.6501,12.7,4000,0
WLTH.US,5,20251218,171500,12.7,12.7,12.7,12.7,7633,0
WLTH.US,5,20251218,172000,12.7,12.7,12.7,12.7,1200,0
WLTH.US,5,20251218,172500,12.7,12.8,12.7,12.755,15296,0
WLTH.US,5,20251218,173000,12.75,12.755,12.72,12.755,2700,0
WLTH.US,5,20251218,173500,12.755,12.8,12.745,12.755,2220,0
WLTH.US,5,20251218,174000,12.8,12.89,12.76,12.76,7404,0
WLTH.US,5,20251218,174500,12.8,12.8,12.8,12.8,1710,0
WLTH.US,5,20251218,175000,12.8,12.805,12.8,12.805,700,0
WLTH.US,5,20251218,175500,12.81,12.8399,12.75,12.755,5803,0
WLTH.US,5,20251218,180000,12.7899,12.79,12.75,12.75,3733,0
WLTH.US,5,20251218,180500,12.75,12.762,12.75,12.75,1585,0
WLTH.US,5,20251218,181000,12.75,12.75,12.745,12.75,10063,0
WLTH.US,5,20251218,181500,12.765,12.765,12.75,12.76,8881,0
WLTH.US,5,20251218,182000,12.75,12.8,12.75,12.8,5099,0
WLTH.US,5,20251218,182500,12.76,12.78,12.76,12.78,3609,0
WLTH.US,5,20251218,183000,12.78,12.8152,12.77,12.77,2780,0
WLTH.US,5,20251218,183500,12.76,12.8292,12.76,12.82,1350,0
WLTH.US,5,20251218,184000,12.795,12.87,12.795,12.85,7333,0
WLTH.US,5,20251218,184500,12.85,13,12.85,12.955,20541,0
WLTH.US,5,20251218,185000,12.955,12.955,12.871,12.905,5085,0
WLTH.US,5,20251218,185500,12.92,12.97,12.92,12.96,1600,0
WLTH.US,5,20251218,190000,12.96,12.96,12.87,12.88,5086,0
WLTH.US,5,20251218,190500,12.88,12.92,12.88,12.905,5188,0
WLTH.US,5,20251218,191000,12.93,12.94,12.88,12.94,3570,0
WLTH.US,5,20251218,191500,12.91,12.94,12.9,12.9,2175,0
WLTH.US,5,20251218,192000,12.9,12.91,12.885,12.895,3460,0
WLTH.US,5,20251218,192500,12.895,12.97,12.895,12.935,2610,0
WLTH.US,5,20251218,193000,12.94,12.97,12.92,12.97,2267,0
WLTH.US,5,20251218,193500,12.97,12.97,12.93,12.96,7934,0
WLTH.US,5,20251218,194000,12.97,12.97,12.78,12.91,26383,0
WLTH.US,5,20251218,194500,12.885,12.885,12.885,12.885,670,0
WLTH.US,5,20251218,195000,12.86,12.86,12.79,12.85,1900,0
WLTH.US,5,20251218,195500,12.86,12.9,12.79,12.79,2745,0
WLTH.US,5,20251218,200000,12.845,12.845,12.78,12.81,5120,0
WLTH.US,5,20251218,200500,12.81,12.834,12.77,12.81,2000,0
WLTH.US,5,20251218,201000,12.85,12.94,12.82,12.885,9866,0
WLTH.US,5,20251218,201500,12.88,12.88,12.83,12.84,6476,0
WLTH.US,5,20251218,202000,12.85,12.88,12.83,12.86,7180,0
WLTH.US,5,20251218,202500,12.87,12.895,12.82,12.83,4262,0
WLTH.US,5,20251218,203000,12.84,12.9,12.835,12.87,6476,0
WLTH.US,5,20251218,203500,12.89,12.89,12.835,12.84,2560,0
WLTH.US,5,20251218,204000,12.84,12.87,12.835,12.87,3402,0
WLTH.US,5,20251218,204500,12.85,12.85,12.85,12.85,1349,0
WLTH.US,5,20251218,205000,12.84,12.87,12.84,12.85,4645,0
WLTH.US,5,20251218,205500,12.85,12.87,12.85,12.86,5471,0
WLTH.US,5,20251218,210000,12.87,12.87,12.835,12.835,4231,0
WLTH.US,5,20251218,210500,12.85,12.87,12.84,12.84,7944,0
WLTH.US,5,20251218,211000,12.835,12.88,12.835,12.865,8768,0
WLTH.US,5,20251218,211500,12.87,12.89,12.83,12.84,4818,0
WLTH.US,5,20251218,212000,12.85,12.87,12.845,12.85,4455,0
WLTH.US,5,20251218,212500,12.86,12.88,12.835,12.875,11036,0
WLTH.US,5,20251218,213000,12.88,12.98,12.88,12.93,15108,0
WLTH.US,5,20251218,213500,12.93,12.96,12.89,12.96,48901,0
WLTH.US,5,20251218,214000,12.96,13.1,12.96,13.04,35682,0
WLTH.US,5,20251218,214500,13.04,13.08,13.023,13.03,25674,0
WLTH.US,5,20251218,215000,13.0175,13.05,13.01,13.025,46648,0
WLTH.US,5,20251218,215500,13.025,13.17,13,13.14,220048,0
WLTH.US,5,20251219,153000,13.39,13.4199,13.15,13.29,22211,0
WLTH.US,5,20251219,153500,13.2889,13.32,13.2889,13.32,1050,0
WLTH.US,5,20251219,154000,13.26,13.42,13.26,13.335,7305,0
WLTH.US,5,20251219,154500,13.335,13.335,13.25,13.325,3795,0
WLTH.US,5,20251219,155000,13.325,13.33,13.255,13.3,2993,0
WLTH.US,5,20251219,155500,13.3,13.38,13.275,13.35,6706,0
WLTH.US,5,20251219,160000,13.345,13.345,13.22,13.27,12365,0
WLTH.US,5,20251219,160500,13.27,13.3,13.27,13.27,8382,0
WLTH.US,5,20251219,161000,13.27,13.27,13.18,13.18,3869,0
WLTH.US,5,20251219,161500,13.185,13.2299,13.015,13.045,19686,0
WLTH.US,5,20251219,162000,13.045,13.13,13,13.0899,8126,0
WLTH.US,5,20251219,162500,13.075,13.0799,12.98,12.995,18427,0
WLTH.US,5,20251219,163000,12.99,13.03,12.95,13,28895,0
WLTH.US,5,20251219,163500,13,13.03,12.99,13,2400,0
WLTH.US,5,20251219,164000,13.01,13.03,12.97,12.99,26262,0
WLTH.US,5,20251219,164500,12.995,13.01,12.98,12.995,5149,0
WLTH.US,5,20251219,165000,12.995,13,12.99,13,12537,0
WLTH.US,5,20251219,165500,13,13.01,12.82,12.82,66266,0
WLTH.US,5,20251219,170000,12.82,12.94,12.76,12.94,18198,0
WLTH.US,5,20251219,170500,12.9,12.91,12.8,12.835,10194,0
WLTH.US,5,20251219,171000,12.835,12.925,12.835,12.925,3743,0
WLTH.US,5,20251219,171500,12.925,12.925,12.858,12.9,4556,0
WLTH.US,5,20251219,172000,12.9,12.92,12.9,12.916,6825,0
WLTH.US,5,20251219,172500,12.91,12.91,12.67,12.68,93190,0
WLTH.US,5,20251219,173000,12.68,12.81,12.65,12.73,154186,0
WLTH.US,5,20251219,173500,12.73,12.78,12.685,12.77,116191,0
WLTH.US,5,20251219,174000,12.77,12.81,12.77,12.79,4628,0
WLTH.US,5,20251219,174500,12.78,12.825,12.76,12.785,7100,0
WLTH.US,5,20251219,175000,12.785,12.825,12.785,12.825,5060,0
WLTH.US,5,20251219,175500,12.825,12.8634,12.8,12.85,3610,0
WLTH.US,5,20251219,180000,12.87,12.9599,12.87,12.93,6428,0
WLTH.US,5,20251219,180500,12.9,12.93,12.815,12.815,5421,0
WLTH.US,5,20251219,181000,12.815,12.815,12.8,12.805,2730,0
WLTH.US,5,20251219,181500,12.805,12.805,12.795,12.8,3410,0
WLTH.US,5,20251219,182000,12.8,12.8,12.8,12.8,1102,0
WLTH.US,5,20251219,182500,12.8,12.8,12.8,12.8,1169,0
WLTH.US,5,20251219,183000,12.8,12.91,12.8,12.845,6001,0
WLTH.US,5,20251219,183500,12.84,12.84,12.83,12.83,900,0
WLTH.US,5,20251219,184000,12.83,12.87,12.83,12.83,3440,0
WLTH.US,5,20251219,184500,12.83,12.91,12.825,12.84,5808,0
WLTH.US,5,20251219,185000,12.84,12.89,12.8212,12.84,1949,0
WLTH.US,5,20251219,185500,12.84,12.9,12.835,12.8614,4588,0
WLTH.US,5,20251219,190000,12.87,12.91,12.8487,12.9,3658,0
WLTH.US,5,20251219,190500,12.91,12.935,12.78,12.78,13311,0
WLTH.US,5,20251219,191000,12.8,12.845,12.75,12.75,86626,0
WLTH.US,5,20251219,191500,12.75,12.81,12.75,12.79,10754,0
WLTH.US,5,20251219,192000,12.78,12.83,12.775,12.775,29883,0
WLTH.US,5,20251219,192500,12.79,12.82,12.77,12.82,11086,0
WLTH.US,5,20251219,193000,12.81,12.88,12.8,12.83,6625,0
WLTH.US,5,20251219,193500,12.88,12.88,12.8,12.825,1913,0
WLTH.US,5,20251219,194000,12.825,12.825,12.82,12.82,1410,0
WLTH.US,5,20251219,194500,12.82,12.84,12.82,12.82,1900,0
WLTH.US,5,20251219,195000,12.84,12.86,12.84,12.84,3800,0
WLTH.US,5,20251219,195500,12.84,12.9,12.815,12.875,8177,0
WLTH.US,5,20251219,200000,12.875,12.875,12.81,12.81,2548,0
WLTH.US,5,20251219,200500,12.875,12.875,12.81,12.855,2920,0
WLTH.US,5,20251219,201000,12.855,12.8783,12.75,12.79,52364,0
WLTH.US,5,20251219,201500,12.76,12.81,12.75,12.79,28437,0
WLTH.US,5,20251219,202000,12.8,12.8096,12.77,12.77,7148,0
WLTH.US,5,20251219,202500,12.785,12.83,12.77,12.825,27565,0
WLTH.US,5,20251219,203000,12.825,12.955,12.82,12.9,24468,0
WLTH.US,5,20251219,203500,12.875,12.88,12.875,12.875,4220,0
WLTH.US,5,20251219,204000,12.875,12.8917,12.85,12.87,3325,0
WLTH.US,5,20251219,204500,12.875,12.88,12.86,12.87,3520,0
WLTH.US,5,20251219,205000,12.86,12.88,12.855,12.88,3960,0
WLTH.US,5,20251219,205500,12.87,12.91,12.8562,12.89,4957,0
WLTH.US,5,20251219,210000,12.89,12.92,12.85,12.85,4011,0
WLTH.US,5,20251219,210500,12.885,12.9,12.815,12.815,8576,0
WLTH.US,5,20251219,211000,12.835,12.8432,12.81,12.83,2780,0
WLTH.US,5,20251219,211500,12.83,12.85,12.825,12.825,3350,0
WLTH.US,5,20251219,212000,12.825,12.85,12.825,12.85,4296,0
WLTH.US,5,20251219,212500,12.845,12.86,12.83,12.83,8026,0
WLTH.US,5,20251219,213000,12.83,12.87,12.8287,12.855,11779,0
WLTH.US,5,20251219,213500,12.855,12.89,12.84,12.88,13695,0
WLTH.US,5,20251219,214000,12.865,12.955,12.86,12.955,14124,0
WLTH.US,5,20251219,214500,12.955,13.09,12.8958,12.965,8735,0
WLTH.US,5,20251219,215000,12.98,13.065,12.93,13.02,47049,0
WLTH.US,5,20251219,215500,13.02,13.02,12.91,12.91,54876,0
WLTH.US,5,20251222,153000,13.04,13.105,13.01,13.01,4877,0
WLTH.US,5,20251222,153500,13.05,13.135,13.01,13.135,2476,0
WLTH.US,5,20251222,154000,13.075,13.075,13.075,13.075,300,0
WLTH.US,5,20251222,154500,13.106,13.17,13.04,13.04,3172,0
WLTH.US,5,20251222,155000,13.08,13.155,13.02,13.07,1200,0
WLTH.US,5,20251222,155500,13.105,13.1113,13.105,13.1113,366,0
WLTH.US,5,20251222,160000,13.05,13.09,13.05,13.06,2320,0
WLTH.US,5,20251222,160500,13.055,13.055,13.01,13.04,1203,0
WLTH.US,5,20251222,161000,13.1,13.14,13.04,13.135,6891,0
WLTH.US,5,20251222,161500,13.2,13.32,13.19,13.29,12733,0
WLTH.US,5,20251222,162000,13.205,13.31,13.205,13.29,5470,0
WLTH.US,5,20251222,162500,13.2602,13.33,13.151,13.245,1358,0
WLTH.US,5,20251222,163000,13.285,13.285,13.07,13.07,14333,0
WLTH.US,5,20251222,163500,13.1,13.17,13.04,13.16,24300,0
WLTH.US,5,20251222,164000,13.15,13.22,13,13.22,22630,0
WLTH.US,5,20251222,164500,13.185,13.185,13.12,13.185,1461,0
WLTH.US,5,20251222,165000,13.12,13.185,13.11,13.18,1365,0
WLTH.US,5,20251222,165500,13.12,13.135,12.96,12.99,68467,0
WLTH.US,5,20251222,170000,13,13.01,13,13.01,1168,0
WLTH.US,5,20251222,170500,13.01,13.01,13.01,13.01,300,0
WLTH.US,5,20251222,171000,13,13,12.98,12.98,11840,0
WLTH.US,5,20251222,171500,12.95,12.97,12.88,12.88,11955,0
WLTH.US,5,20251222,172000,12.88,12.885,12.86,12.875,4043,0
WLTH.US,5,20251222,172500,12.86,12.9,12.82,12.86,6383,0
WLTH.US,5,20251222,173000,12.98,12.98,12.89,12.89,885,0
WLTH.US,5,20251222,173500,12.87,12.89,12.765,12.81,18211,0
WLTH.US,5,20251222,174000,12.84,12.845,12.84,12.845,1500,0
WLTH.US,5,20251222,174500,12.845,12.9596,12.845,12.9,5011,0
WLTH.US,5,20251222,175000,12.9,13.085,12.9,13.085,2722,0
WLTH.US,5,20251222,175500,13.085,13.085,13,13.035,1464,0
WLTH.US,5,20251222,180000,13.065,13.065,13,13,300,0
WLTH.US,5,20251222,180500,13,13.01,13,13,5279,0
WLTH.US,5,20251222,181000,13.01,13.03,12.995,12.995,2661,0
WLTH.US,5,20251222,181500,13,13,13,13,300,0
WLTH.US,5,20251222,182000,13,13,13,13,30100,0
WLTH.US,5,20251222,182500,13,13,12.96,12.99,1400,0
WLTH.US,5,20251222,183000,12.96,12.96,12.95,12.96,1892,0
WLTH.US,5,20251222,183500,12.97,12.97,12.97,12.97,200,0
WLTH.US,5,20251222,184000,12.95,12.98,12.95,12.965,2521,0
WLTH.US,5,20251222,184500,12.9501,13.04,12.92,13.04,30406,0
WLTH.US,5,20251222,185000,13.04,13.06,13.017,13.05,3140,0
WLTH.US,5,20251222,185500,13.04,13.045,13.02,13.0314,2011,0
WLTH.US,5,20251222,190000,13.03,13.03,13.03,13.03,1027,0
WLTH.US,5,20251222,190500,13.025,13.025,12.98,13,400,0
WLTH.US,5,20251222,191000,12.97,13,12.97,13,2100,0
WLTH.US,5,20251222,191500,12.975,13,12.97,12.97,500,0
WLTH.US,5,20251222,192000,12.97,12.98,12.95,12.95,1500,0
WLTH.US,5,20251222,192500,12.95,12.975,12.905,12.905,1080,0
WLTH.US,5,20251222,193000,12.95,12.9743,12.9,12.9743,1467,0
WLTH.US,5,20251222,193500,12.93,12.93,12.885,12.885,500,0
WLTH.US,5,20251222,194000,12.885,12.885,12.885,12.885,300,0
WLTH.US,5,20251222,194500,12.915,12.915,12.86,12.865,3408,0
WLTH.US,5,20251222,195000,12.865,12.9,12.865,12.87,1372,0
WLTH.US,5,20251222,195500,12.87,12.87,12.865,12.865,600,0
WLTH.US,5,20251222,200000,12.86,12.9,12.86,12.8826,2200,0
WLTH.US,5,20251222,200500,12.89,12.895,12.89,12.895,4559,0
WLTH.US,5,20251222,201000,12.895,12.95,12.895,12.92,6782,0
WLTH.US,5,20251222,201500,12.8995,12.901,12.895,12.895,2374,0
WLTH.US,5,20251222,202000,12.89,12.89,12.8,12.865,17328,0
WLTH.US,5,20251222,202500,12.865,12.88,12.865,12.87,523,0
WLTH.US,5,20251222,203000,12.89,12.93,12.84,12.845,132700,0
WLTH.US,5,20251222,203500,12.845,12.845,12.65,12.67,13212,0
WLTH.US,5,20251222,204000,12.68,12.735,12.68,12.73,2850,0
WLTH.US,5,20251222,204500,12.685,12.745,12.675,12.675,11415,0
WLTH.US,5,20251222,205000,12.67,12.79,12.67,12.69,13233,0
WLTH.US,5,20251222,205500,12.715,12.75,12.7,12.7,2805,0
WLTH.US,5,20251222,210000,12.695,12.695,12.65,12.695,4937,0
WLTH.US,5,20251222,210500,12.7,12.76,12.7,12.76,4984,0
WLTH.US,5,20251222,211000,12.7531,12.76,12.71,12.71,1500,0
WLTH.US,5,20251222,211500,12.74,12.78,12.71,12.745,4165,0
WLTH.US,5,20251222,212000,12.745,12.75,12.64,12.64,49999,0
WLTH.US,5,20251222,212500,12.63,12.645,12.61,12.61,1310,0
WLTH.US,5,20251222,213000,12.6,12.72,12.57,12.72,9478,0
WLTH.US,5,20251222,213500,12.605,12.88,12.605,12.67,7452,0
WLTH.US,5,20251222,214000,12.755,12.7551,12.71,12.71,10612,0
WLTH.US,5,20251222,214500,12.75,12.75,12.63,12.695,7253,0
WLTH.US,5,20251222,215000,12.73,12.76,12.54,12.635,60519,0
WLTH.US,5,20251222,215500,12.68,12.77,12.58,12.72,98837,0
WLTH.US,5,20251223,153000,12.84,12.84,12.795,12.795,3193,0
WLTH.US,5,20251223,153500,12.785,12.785,12.7759,12.785,1556,0
WLTH.US,5,20251223,154000,12.78,12.795,12.78,12.795,312,0
WLTH.US,5,20251223,154500,12.75,12.755,12.735,12.755,1683,0
WLTH.US,5,20251223,155000,12.74,12.75,12.72,12.75,3369,0
WLTH.US,5,20251223,155500,12.73,12.73,12.72,12.73,754,0
WLTH.US,5,20251223,160000,12.73,12.7825,12.69,12.6901,7671,0
WLTH.US,5,20251223,160500,12.72,12.72,12.72,12.72,714,0
WLTH.US,5,20251223,161000,12.72,12.72,12.66,12.66,6184,0
WLTH.US,5,20251223,161500,12.63,12.73,12.5,12.64,79500,0
WLTH.US,5,20251223,162000,12.62,12.62,12.62,12.62,968,0
WLTH.US,5,20251223,162500,12.615,12.615,12.615,12.615,100,0
WLTH.US,5,20251223,163500,12.625,12.625,12.62,12.625,21394,0
WLTH.US,5,20251223,164000,12.535,12.63,12.535,12.63,16353,0
WLTH.US,5,20251223,164500,12.625,12.625,12.3935,12.51,31895,0
WLTH.US,5,20251223,165000,12.51,12.51,12.495,12.495,1520,0
WLTH.US,5,20251223,165500,12.53,12.65,12.53,12.59,2500,0
WLTH.US,5,20251223,170000,12.56,12.57,12.55,12.57,678,0
WLTH.US,5,20251223,170500,12.5747,12.59,12.57,12.59,1037,0
WLTH.US,5,20251223,171000,12.57,12.6,12.52,12.59,49900,0
WLTH.US,5,20251223,171500,12.575,12.6,12.55,12.55,8168,0
WLTH.US,5,20251223,172000,12.52,12.58,12.52,12.53,3000,0
WLTH.US,5,20251223,172500,12.55,12.5799,12.494,12.53,3499,0
WLTH.US,5,20251223,173000,12.53,12.53,12.5,12.5,416,0
WLTH.US,5,20251223,173500,12.49,12.5494,12.49,12.49,1465,0
WLTH.US,5,20251223,174000,12.525,12.525,12.525,12.525,100,0
WLTH.US,5,20251223,174500,12.525,12.525,12.5184,12.525,400,0
WLTH.US,5,20251223,175000,12.525,12.56,12.525,12.56,304,0
WLTH.US,5,20251223,175500,12.525,12.525,12.525,12.525,500,0
WLTH.US,5,20251223,180000,12.56,12.56,12.525,12.548,487,0
WLTH.US,5,20251223,180500,12.535,12.535,12.535,12.535,100,0
WLTH.US,5,20251223,181000,12.55,12.9,12.55,12.635,12685,0
WLTH.US,5,20251223,181500,12.635,12.755,12.635,12.75,9768,0
WLTH.US,5,20251223,182000,12.82,12.96,12.7984,12.89,8100,0
WLTH.US,5,20251223,182500,12.89,12.89,12.885,12.885,600,0
WLTH.US,5,20251223,183000,12.9,13.06,12.9,13.03,10144,0
WLTH.US,5,20251223,183500,13.0001,13.29,13,13.085,129038,0
WLTH.US,5,20251223,184000,13.06,13.16,13.026,13.08,48832,0
WLTH.US,5,20251223,184500,13.09,13.09,13.02,13.0467,21797,0
WLTH.US,5,20251223,185000,13.05,13.0774,13.05,13.07,6805,0
WLTH.US,5,20251223,185500,13.07,13.09,13.04,13.075,23193,0
WLTH.US,5,20251223,190000,13.065,13.125,13.065,13.095,18666,0
WLTH.US,5,20251223,190500,13.095,13.15,13.07,13.13,21767,0
WLTH.US,5,20251223,191000,13.15,13.2309,13.15,13.2259,5677,0
WLTH.US,5,20251223,191500,13.21,13.25,13.17,13.185,7159,0
WLTH.US,5,20251223,192000,13.2,13.22,13.1487,13.175,3600,0
WLTH.US,5,20251223,192500,13.16,13.165,13.11,13.11,4821,0
WLTH.US,5,20251223,193000,13.11,13.1451,13.09,13.11,6710,0
WLTH.US,5,20251223,193500,13.12,13.15,13.06,13.09,33139,0
WLTH.US,5,20251223,194000,13.05,13.09,13.05,13.08,911,0
WLTH.US,5,20251223,194500,13.08,13.11,13.08,13.09,5210,0
WLTH.US,5,20251223,195000,13.09,13.16,13.08,13.14,7797,0
WLTH.US,5,20251223,195500,13.145,13.1499,13.13,13.13,2573,0
WLTH.US,5,20251223,200000,13.13,13.135,13.13,13.13,1400,0
WLTH.US,5,20251223,200500,13.13,13.13,13.1287,13.13,1300,0
WLTH.US,5,20251223,201000,13.13,13.136,13.11,13.11,4790,0
WLTH.US,5,20251223,201500,13.115,13.13,13.11,13.13,1595,0
WLTH.US,5,20251223,202000,13.14,13.16,13.14,13.15,8244,0
WLTH.US,5,20251223,202500,13.15,13.15,13.11,13.12,2301,0
WLTH.US,5,20251223,203000,13.14,13.21,13.1355,13.16,14027,0
WLTH.US,5,20251223,203500,13.16,13.16,13.12,13.155,7391,0
WLTH.US,5,20251223,204000,13.13,13.13,13.0722,13.13,3218,0
WLTH.US,5,20251223,204500,13.12,13.12,13.09,13.1,2902,0
WLTH.US,5,20251223,205000,13.11,13.135,13.11,13.135,2000,0
WLTH.US,5,20251223,205500,13.135,13.14,13.12,13.13,2554,0
WLTH.US,5,20251223,210000,13.12,13.13,13.12,13.13,5463,0
WLTH.US,5,20251223,210500,13.13,13.13,13.12,13.12,1135,0
WLTH.US,5,20251223,211000,13.11,13.13,13.1,13.11,2106,0
WLTH.US,5,20251223,211500,13.09,13.09,13.06,13.07,15286,0
WLTH.US,5,20251223,212000,13.065,13.15,13.065,13.12,5090,0
WLTH.US,5,20251223,212500,13.12,13.1299,13.11,13.11,1302,0
WLTH.US,5,20251223,213000,13.11,13.11,13.1,13.11,600,0
WLTH.US,5,20251223,213500,13.11,13.12,13.095,13.12,3500,0
WLTH.US,5,20251223,214000,13.13,13.14,13.09,13.094,18899,0
WLTH.US,5,20251223,214500,13.1,13.24,13.1,13.2,34209,0
WLTH.US,5,20251223,215000,13.2,13.25,13.185,13.19,14605,0
WLTH.US,5,20251223,215500,13.19,13.22,13.1,13.19,143253,0
WLTH.US,5,20251224,153000,13.25,13.26,13.155,13.26,6695,0
WLTH.US,5,20251224,153500,13.19,13.19,13.19,13.19,100,0
WLTH.US,5,20251224,154000,13.1,13.1,12.98,12.98,6331,0
WLTH.US,5,20251224,154500,12.9167,13.03,12.8528,12.8528,17513,0
WLTH.US,5,20251224,155000,12.89,12.9299,12.84,12.88,6573,0
WLTH.US,5,20251224,155500,12.9,13.0275,12.8633,13,24613,0
WLTH.US,5,20251224,160000,13.0566,13.145,13.04,13.145,2659,0
WLTH.US,5,20251224,160500,13.08,13.08,13.075,13.08,800,0
WLTH.US,5,20251224,161000,13.08,13.08,13.01,13.08,710,0
WLTH.US,5,20251224,161500,13.08,13.23,13.0142,13.19,26216,0
WLTH.US,5,20251224,162000,13.19,13.29,13,13.045,69838,0
WLTH.US,5,20251224,162500,13.05,13.145,13.02,13.02,6820,0
WLTH.US,5,20251224,163000,13.02,13.085,13,13.025,7738,0
WLTH.US,5,20251224,163500,13.025,13.0509,13,13,19741,0
WLTH.US,5,20251224,164000,13.01,13.01,12.97,12.995,4380,0
WLTH.US,5,20251224,164500,12.995,12.995,12.9,12.95,8614,0
WLTH.US,5,20251224,165000,12.956,12.99,12.956,12.98,5726,0
WLTH.US,5,20251224,165500,12.98,12.98,12.915,12.96,3007,0
WLTH.US,5,20251224,170000,12.99,12.99,12.955,12.955,1955,0
WLTH.US,5,20251224,170500,12.955,13,12.955,12.96,11327,0
WLTH.US,5,20251224,171000,12.94,12.955,12.91,12.92,3850,0
WLTH.US,5,20251224,171500,12.91,12.91,12.85,12.89,1915,0
WLTH.US,5,20251224,172000,12.89,12.93,12.875,12.93,8822,0
WLTH.US,5,20251224,172500,12.95,12.99,12.95,12.98,1500,0
WLTH.US,5,20251224,173000,12.99,13,12.985,12.985,1737,0
WLTH.US,5,20251224,173500,12.985,12.985,12.985,12.985,1350,0
WLTH.US,5,20251224,174000,12.985,12.985,12.98,12.985,700,0
WLTH.US,5,20251224,174500,12.97,13,12.96,12.965,13658,0
WLTH.US,5,20251224,175000,12.965,13.0099,12.965,12.9825,4078,0
WLTH.US,5,20251224,175500,12.985,13.01,12.935,12.995,22582,0
WLTH.US,5,20251224,180000,12.995,12.995,12.99,12.99,730,0
WLTH.US,5,20251224,180500,12.995,12.995,12.95,12.95,7209,0
WLTH.US,5,20251224,181000,12.95,12.965,12.95,12.965,2325,0
WLTH.US,5,20251224,181500,12.975,12.988,12.96,12.988,800,0
WLTH.US,5,20251224,182000,12.98,12.9894,12.955,12.955,4038,0
WLTH.US,5,20251224,182500,12.97,12.99,12.96,12.96,3785,0
WLTH.US,5,20251224,183000,12.99,13,12.99,12.99,2700,0
WLTH.US,5,20251224,183500,12.985,12.99,12.985,12.99,1366,0
WLTH.US,5,20251224,184000,12.98,12.98,12.92,12.98,17245,0
WLTH.US,5,20251224,184500,12.99,13.175,12.99,13.175,19471,0
WLTH.US,5,20251224,185000,13.175,13.175,13.03,13.0825,7179,0
WLTH.US,5,20251224,185500,13.145,13.2,13.105,13.19,12027,0
WLTH.US,5,20251224,190000,13.155,13.19,13.08,13.18,47982,0
WLTH.US,5,20251226,153000,13.09,13.3999,13.09,13.29,3854,0
WLTH.US,5,20251226,153500,13.25,13.25,13.25,13.25,223,0
WLTH.US,5,20251226,154000,13.27,13.27,13.185,13.185,2089,0
WLTH.US,5,20251226,155000,13.185,13.185,13.185,13.185,100,0
WLTH.US,5,20251226,155500,13.225,13.225,13.225,13.225,106,0
WLTH.US,5,20251226,160000,13.18,13.27,13.16,13.21,13340,0
WLTH.US,5,20251226,160500,13.26,13.26,13.2,13.21,1730,0
WLTH.US,5,20251226,161000,13.21,13.27,13.198,13.235,15211,0
WLTH.US,5,20251226,161500,13.23,13.27,13.205,13.24,7068,0
WLTH.US,5,20251226,162000,13.24,13.4,13.1996,13.4,8125,0
WLTH.US,5,20251226,162500,13.395,13.42,13.34,13.345,5025,0
WLTH.US,5,20251226,163000,13.36,13.39,13.36,13.365,3936,0
WLTH.US,5,20251226,163500,13.3599,13.4575,13.35,13.39,47171,0
WLTH.US,5,20251226,164000,13.39,13.39,13.3406,13.3406,3023,0
WLTH.US,5,20251226,164500,13.375,13.375,13.355,13.355,500,0
WLTH.US,5,20251226,165000,13.39,13.39,13.34,13.35,1056,0
WLTH.US,5,20251226,165500,13.34,13.38,13.31,13.35,700,0
WLTH.US,5,20251226,170000,13.35,13.37,13.24,13.25,4110,0
WLTH.US,5,20251226,170500,13.25,13.25,13.19,13.225,2515,0
WLTH.US,5,20251226,171000,13.25,13.25,13.225,13.225,1031,0
WLTH.US,5,20251226,171500,13.225,13.24,13.19,13.24,1037,0
WLTH.US,5,20251226,172000,13.19,13.24,13.19,13.24,800,0
WLTH.US,5,20251226,172500,13.23,13.23,13.185,13.185,1100,0
WLTH.US,5,20251226,173000,13.22,13.22,13.14,13.17,2160,0
WLTH.US,5,20251226,173500,13.2,13.2,13.165,13.19,700,0
WLTH.US,5,20251226,174000,13.165,13.23,13.165,13.23,3245,0
WLTH.US,5,20251226,174500,13.23,13.23,13.19,13.215,1335,0
WLTH.US,5,20251226,175000,13.215,13.215,13.11,13.11,4280,0
WLTH.US,5,20251226,175500,13.13,13.1499,13.05,13.085,6990,0
WLTH.US,5,20251226,180000,13.085,13.1217,13.07,13.11,14089,0
WLTH.US,5,20251226,180500,13.1089,13.22,13.1089,13.15,12587,0
WLTH.US,5,20251226,181000,13.1184,13.16,13.1184,13.15,1343,0
WLTH.US,5,20251226,181500,13.125,13.16,13.125,13.14,1254,0
WLTH.US,5,20251226,182000,13.14,13.14,13.12,13.14,3760,0
WLTH.US,5,20251226,182500,13.16,13.16,13.12,13.12,2265,0
WLTH.US,5,20251226,183000,13.12,13.151,13.12,13.135,561,0
WLTH.US,5,20251226,183500,13.16,13.16,13.105,13.11,3890,0
WLTH.US,5,20251226,184000,13.125,13.14,13.12,13.12,1220,0
WLTH.US,5,20251226,184500,13.13,13.14,13.12,13.14,1092,0
WLTH.US,5,20251226,185000,13.14,13.14,13.125,13.135,1360,0
WLTH.US,5,20251226,185500,13.14,13.15,13.13,13.14,1300,0
WLTH.US,5,20251226,190000,13.14,13.14,13.0905,13.125,3283,0
WLTH.US,5,20251226,190500,13.125,13.13,13.125,13.13,500,0
WLTH.US,5,20251226,191000,13.13,13.16,13.13,13.14,848,0
WLTH.US,5,20251226,191500,13.16,13.16,13.145,13.145,1220,0
WLTH.US,5,20251226,192000,13.12,13.16,13.12,13.14,1256,0
WLTH.US,5,20251226,192500,13.15,13.16,13.13,13.16,2713,0
WLTH.US,5,20251226,193000,13.16,13.18,13.14,13.1753,2569,0
WLTH.US,5,20251226,193500,13.16,13.19,13.16,13.165,1918,0
WLTH.US,5,20251226,194000,13.15,13.18,13.14,13.165,900,0
WLTH.US,5,20251226,194500,13.18,13.19,13.16,13.17,1750,0
WLTH.US,5,20251226,195000,13.19,13.19,13.17,13.17,940,0
WLTH.US,5,20251226,195500,13.17,13.19,13.17,13.17,650,0
WLTH.US,5,20251226,200000,13.17,13.21,13.17,13.21,1467,0
WLTH.US,5,20251226,200500,13.21,13.21,13.17,13.21,613,0
WLTH.US,5,20251226,201000,13.175,13.21,13.175,13.1934,541,0
WLTH.US,5,20251226,201500,13.21,13.21,13.185,13.21,420,0
WLTH.US,5,20251226,202000,13.21,13.21,13.1631,13.175,3820,0
WLTH.US,5,20251226,202500,13.2,13.21,13.165,13.165,3780,0
WLTH.US,5,20251226,203000,13.21,13.28,13.21,13.28,10624,0
WLTH.US,5,20251226,203500,13.235,13.235,13.235,13.235,100,0
WLTH.US,5,20251226,204000,13.235,13.29,13.235,13.29,636,0
WLTH.US,5,20251226,204500,13.29,13.29,13.23,13.23,863,0
WLTH.US,5,20251226,205000,13.28,13.29,13.2688,13.29,968,0
WLTH.US,5,20251226,205500,13.235,13.29,13.235,13.26,784,0
WLTH.US,5,20251226,210000,13.23,13.29,13.23,13.29,686,0
WLTH.US,5,20251226,210500,13.29,13.345,13.29,13.3,5874,0
WLTH.US,5,20251226,211000,13.3,13.33,13.3,13.33,546,0
WLTH.US,5,20251226,211500,13.305,13.33,13.3006,13.33,2398,0
WLTH.US,5,20251226,212000,13.31,13.32,13.31,13.315,615,0
WLTH.US,5,20251226,212500,13.31,13.34,13.3,13.34,1803,0
WLTH.US,5,20251226,213000,13.34,13.34,13.325,13.325,200,0
WLTH.US,5,20251226,213500,13.33,13.365,13.32,13.338,3959,0
WLTH.US,5,20251226,214000,13.36,13.365,13.34,13.36,4643,0
WLTH.US,5,20251226,214500,13.36,13.36,13.34,13.34,1863,0
WLTH.US,5,20251226,215000,13.33,13.36,13.29,13.36,4832,0
WLTH.US,5,20251226,215500,13.31,13.37,13.22,13.27,102596,0
WLTH.US,5,20251229,153000,13.16,13.26,13.1511,13.1732,28473,0
WLTH.US,5,20251229,153500,13.26,13.27,13.0841,13.27,2366,0
WLTH.US,5,20251229,154000,13.1321,13.3,13.1321,13.3,700,0
WLTH.US,5,20251229,154500,13.42,13.43,13.265,13.3,700,0
WLTH.US,5,20251229,155000,13.4,13.44,13.11,13.42,9034,0
WLTH.US,5,20251229,155500,13.43,13.43,13.275,13.39,1102,0
WLTH.US,5,20251229,160000,13.3,13.4,13.3,13.325,16973,0
WLTH.US,5,20251229,160500,13.25,13.48,13.25,13.43,17955,0
WLTH.US,5,20251229,161000,13.43,13.48,13.37,13.395,14320,0
WLTH.US,5,20251229,161500,13.43,13.43,13.36,13.385,8918,0
WLTH.US,5,20251229,162000,13.36,13.41,13.33,13.37,4535,0
WLTH.US,5,20251229,162500,13.36,13.41,13.36,13.38,3635,0
WLTH.US,5,20251229,163000,13.36,13.4,13.345,13.38,5061,0
WLTH.US,5,20251229,163500,13.38,13.43,13.36,13.38,7449,0
WLTH.US,5,20251229,164000,13.38,13.41,13.305,13.35,6909,0
WLTH.US,5,20251229,164500,13.3,13.345,13.29,13.33,2744,0
WLTH.US,5,20251229,165000,13.33,13.36,13.295,13.32,3119,0
WLTH.US,5,20251229,165500,13.32,13.36,13.31,13.35,4025,0
WLTH.US,5,20251229,170000,13.36,13.36,13.28,13.285,4289,0
WLTH.US,5,20251229,170500,13.295,13.33,13.29,13.3,2799,0
WLTH.US,5,20251229,171000,13.3,13.33,13.28,13.285,3979,0
WLTH.US,5,20251229,171500,13.27,13.3,13.27,13.285,2447,0
WLTH.US,5,20251229,172000,13.285,13.34,13.28,13.31,6795,0
WLTH.US,5,20251229,172500,13.29,13.31,13.27,13.3,3571,0
WLTH.US,5,20251229,173000,13.285,13.3,13.27,13.28,1939,0
WLTH.US,5,20251229,173500,13.285,13.3,13.24,13.275,4637,0
WLTH.US,5,20251229,174000,13.255,13.3,13.25,13.28,3121,0
WLTH.US,5,20251229,174500,13.26,13.265,13.2,13.2,4812,0
WLTH.US,5,20251229,175000,13.21,13.25,13.21,13.24,4813,0
WLTH.US,5,20251229,175500,13.23,13.25,13.22,13.24,4271,0
WLTH.US,5,20251229,180000,13.24,13.24,13.2001,13.22,5689,0
WLTH.US,5,20251229,180500,13.24,13.24,13.215,13.215,3130,0
WLTH.US,5,20251229,181000,13.22,13.25,13.19,13.25,8511,0
WLTH.US,5,20251229,181500,13.24,13.24,13.23,13.24,2032,0
WLTH.US,5,20251229,182000,13.24,13.24,13.2,13.21,3151,0
WLTH.US,5,20251229,182500,13.2,13.22,13.2,13.22,2535,0
WLTH.US,5,20251229,183000,13.2,13.22,13.18,13.2,2140,0
WLTH.US,5,20251229,183500,13.19,13.22,13.13,13.13,4430,0
WLTH.US,5,20251229,184000,13.14,13.14,13.09,13.13,4794,0
WLTH.US,5,20251229,184500,13.11,13.13,13.11,13.13,2791,0
WLTH.US,5,20251229,185000,13.14,13.14,13.09,13.1,6092,0
WLTH.US,5,20251229,185500,13.11,13.12,13.1,13.11,3070,0
WLTH.US,5,20251229,190000,13.095,13.11,13.08,13.09,3169,0
WLTH.US,5,20251229,190500,13.09,13.13,13.09,13.11,2966,0
WLTH.US,5,20251229,191000,13.11,13.14,13.11,13.14,3628,0
WLTH.US,5,20251229,191500,13.13,13.19,13.13,13.19,9442,0
WLTH.US,5,20251229,192000,13.19,13.2,13.145,13.155,2620,0
WLTH.US,5,20251229,192500,13.15,13.15,13.11,13.15,6094,0
WLTH.US,5,20251229,193000,13.135,13.15,13.135,13.15,3005,0
WLTH.US,5,20251229,193500,13.12,13.14,13.11,13.13,2832,0
WLTH.US,5,20251229,194000,13.135,13.16,13.135,13.145,2539,0
WLTH.US,5,20251229,194500,13.125,13.14,13.11,13.12,3342,0
WLTH.US,5,20251229,195000,13.12,13.15,13.12,13.14,4313,0
WLTH.US,5,20251229,195500,13.15,13.15,13.115,13.13,3289,0
WLTH.US,5,20251229,200000,13.1111,13.13,13.1,13.11,8516,0
WLTH.US,5,20251229,200500,13.11,13.12,13.1,13.11,2923,0
WLTH.US,5,20251229,201000,13.11,13.12,13.095,13.1,3278,0
WLTH.US,5,20251229,201500,13.11,13.16,13.095,13.16,3968,0
WLTH.US,5,20251229,202000,13.16,13.18,13.16,13.18,3770,0
WLTH.US,5,20251229,202500,13.17,13.18,13.16,13.16,1300,0
WLTH.US,5,20251229,203000,13.17,13.22,13.17,13.22,5446,0
WLTH.US,5,20251229,203500,13.23,13.24,13.165,13.165,3895,0
WLTH.US,5,20251229,204000,13.2,13.21,13.165,13.18,2039,0
WLTH.US,5,20251229,204500,13.2,13.2,13.17,13.19,4074,0
WLTH.US,5,20251229,205000,13.19,13.22,13.19,13.22,5729,0
WLTH.US,5,20251229,205500,13.2,13.225,13.2,13.225,4329,0
WLTH.US,5,20251229,210000,13.21,13.22,13.19,13.19,4062,0
WLTH.US,5,20251229,210500,13.19,13.265,13.19,13.22,9365,0
WLTH.US,5,20251229,211000,13.22,13.24,13.215,13.23,2740,0
WLTH.US,5,20251229,211500,13.24,13.24,13.22,13.225,2282,0
WLTH.US,5,20251229,212000,13.215,13.27,13.21,13.25,15612,0
WLTH.US,5,20251229,212500,13.255,13.31,13.255,13.27,5986,0
WLTH.US,5,20251229,213000,13.27,13.29,13.26,13.29,2961,0
WLTH.US,5,20251229,213500,13.29,13.3,13.28,13.28,3090,0
WLTH.US,5,20251229,214000,13.28,13.3,13.265,13.265,8782,0
WLTH.US,5,20251229,214500,13.28,13.33,13.28,13.29,6890,0
WLTH.US,5,20251229,215000,13.29,13.31,13.29,13.31,6447,0
WLTH.US,5,20251229,215500,13.31,13.37,13.285,13.35,125516,0
WLTH.US,5,20251230,153000,13.27,13.42,13.21,13.21,35962,0
WLTH.US,5,20251230,153500,13.42,13.42,13.315,13.315,1344,0
WLTH.US,5,20251230,154000,13.27,13.43,13.27,13.34,8160,0
WLTH.US,5,20251230,154500,13.34,13.4,13.27,13.335,1297,0
WLTH.US,5,20251230,155000,13.335,13.335,13.22,13.22,1100,0
WLTH.US,5,20251230,155500,13.335,13.44,13.335,13.34,77580,0
WLTH.US,5,20251230,160000,13.34,13.435,13.34,13.375,5094,0
WLTH.US,5,20251230,160500,13.36,13.43,13.36,13.375,2806,0
WLTH.US,5,20251230,161000,13.345,13.44,13.345,13.405,7059,0
WLTH.US,5,20251230,161500,13.43,13.45,13.36,13.43,3300,0
WLTH.US,5,20251230,162000,13.4005,13.44,13.4005,13.43,3804,0
WLTH.US,5,20251230,162500,13.43,13.68,13.43,13.67,49259,0
WLTH.US,5,20251230,163000,13.68,13.69,13.55,13.66,10237,0
WLTH.US,5,20251230,163500,13.6,13.66,13.5781,13.605,9143,0
WLTH.US,5,20251230,164000,13.585,13.65,13.585,13.625,18260,0
WLTH.US,5,20251230,164500,13.625,13.685,13.625,13.67,6553,0
WLTH.US,5,20251230,165000,13.665,13.67,13.66,13.67,4027,0
WLTH.US,5,20251230,165500,13.67,13.95,13.67,13.915,96415,0
WLTH.US,5,20251230,170000,13.915,14.1199,13.915,14.0672,31379,0
WLTH.US,5,20251230,170500,14.01,14.055,13.96,13.96,8565,0
WLTH.US,5,20251230,171000,13.95,13.965,13.815,13.815,16143,0
WLTH.US,5,20251230,171500,13.815,13.91,13.815,13.885,16395,0
WLTH.US,5,20251230,172000,13.865,13.885,13.85,13.85,4524,0
WLTH.US,5,20251230,172500,13.825,13.87,13.77,13.8699,11658,0
WLTH.US,5,20251230,173000,13.855,14.025,13.84,13.955,10774,0
WLTH.US,5,20251230,173500,13.96,13.96,13.9,13.9,5066,0
WLTH.US,5,20251230,174000,13.89,13.9255,13.865,13.865,4350,0
WLTH.US,5,20251230,174500,13.905,13.95,13.865,13.95,35565,0
WLTH.US,5,20251230,175000,13.945,14,13.94,13.975,11492,0
WLTH.US,5,20251230,175500,13.975,14,13.9657,13.97,5235,0
WLTH.US,5,20251230,180000,13.97,13.98,13.91,13.915,13643,0
WLTH.US,5,20251230,180500,13.95,13.955,13.905,13.955,6696,0
WLTH.US,5,20251230,181000,13.97,13.97,13.95,13.955,5200,0
WLTH.US,5,20251230,181500,13.955,13.97,13.92,13.94,16904,0
WLTH.US,5,20251230,182000,13.93,13.94,13.92,13.925,2762,0
WLTH.US,5,20251230,182500,13.92,13.93,13.885,13.885,4580,0
WLTH.US,5,20251230,183000,13.89,13.91,13.88,13.89,19165,0
WLTH.US,5,20251230,183500,13.89,13.9,13.88,13.88,7982,0
WLTH.US,5,20251230,184000,13.89,13.89,13.865,13.87,3300,0
WLTH.US,5,20251230,184500,13.86,13.8604,13.81,13.82,6804,0
WLTH.US,5,20251230,185000,13.805,13.83,13.805,13.82,3598,0
WLTH.US,5,20251230,185500,13.82,13.86,13.8101,13.84,12552,0
WLTH.US,5,20251230,190000,13.84,13.8486,13.82,13.825,6090,0
WLTH.US,5,20251230,190500,13.83,13.84,13.83,13.83,2565,0
WLTH.US,5,20251230,191000,13.83,13.83,13.79,13.81,9142,0
WLTH.US,5,20251230,191500,13.792,13.81,13.78,13.795,15786,0
WLTH.US,5,20251230,192000,13.795,13.84,13.795,13.825,12232,0
WLTH.US,5,20251230,192500,13.825,13.825,13.785,13.8,16521,0
WLTH.US,5,20251230,193000,13.8,13.81,13.78,13.8,3658,0
WLTH.US,5,20251230,193500,13.8,13.8,13.66,13.72,9267,0
WLTH.US,5,20251230,194000,13.72,13.7491,13.665,13.71,3420,0
WLTH.US,5,20251230,194500,13.71,13.715,13.71,13.715,3320,0
WLTH.US,5,20251230,195000,13.715,13.715,13.68,13.7,4790,0
WLTH.US,5,20251230,195500,13.71,13.71,13.68,13.68,8276,0
WLTH.US,5,20251230,200000,13.68,13.86,13.68,13.8,24286,0
WLTH.US,5,20251230,200500,13.8,13.8171,13.785,13.81,4054,0
WLTH.US,5,20251230,201000,13.785,13.805,13.775,13.8,4608,0
WLTH.US,5,20251230,201500,13.8,13.81,13.765,13.765,6538,0
WLTH.US,5,20251230,202000,13.765,13.77,13.71,13.73,11031,0
WLTH.US,5,20251230,202500,13.75,13.76,13.745,13.7488,5243,0
WLTH.US,5,20251230,203000,13.75,13.8,13.75,13.785,8766,0
WLTH.US,5,20251230,203500,13.78,13.78,13.7335,13.7491,7943,0
WLTH.US,5,20251230,204000,13.74,13.76,13.74,13.76,8424,0
WLTH.US,5,20251230,204500,13.76,13.77,13.757,13.76,4022,0
WLTH.US,5,20251230,205000,13.76,13.77,13.757,13.76,4207,0
WLTH.US,5,20251230,205500,13.76,13.78,13.76,13.77,6707,0
WLTH.US,5,20251230,210000,13.77,13.79,13.73,13.73,8181,0
WLTH.US,5,20251230,210500,13.73,13.7685,13.7101,13.76,5934,0
WLTH.US,5,20251230,211000,13.76,13.76,13.69,13.69,7166,0
WLTH.US,5,20251230,211500,13.705,13.71,13.68,13.68,17246,0
WLTH.US,5,20251230,212000,13.695,13.7,13.68,13.7,11785,0
WLTH.US,5,20251230,212500,13.7,13.74,13.645,13.68,26051,0
WLTH.US,5,20251230,213000,13.6592,13.68,13.64,13.64,9004,0
WLTH.US,5,20251230,213500,13.65,13.665,13.6,13.61,5418,0
WLTH.US,5,20251230,214000,13.625,13.63,13.61,13.62,2871,0
WLTH.US,5,20251230,214500,13.63,13.63,13.6,13.6,8693,0
WLTH.US,5,20251230,215000,13.61,13.6375,13.52,13.55,54923,0
WLTH.US,5,20251230,215500,13.59,13.6,13.56,13.58,291182,0
WLTH.US,5,20251231,153000,13.5,13.55,13.46,13.475,50162,0
WLTH.US,5,20251231,153500,13.4725,13.4999,13.2947,13.35,2673,0
WLTH.US,5,20251231,154000,13.36,13.36,13.2,13.22,14041,0
WLTH.US,5,20251231,154500,13.28,13.595,13.28,13.455,7811,0
WLTH.US,5,20251231,155000,13.405,13.47,13.31,13.31,3450,0
WLTH.US,5,20251231,155500,13.48,13.48,13.31,13.31,1848,0
WLTH.US,5,20251231,160000,13.31,13.57,13.31,13.53,10600,0
WLTH.US,5,20251231,160500,13.5,13.6,13.5,13.55,1711,0
WLTH.US,5,20251231,161000,13.55,13.61,13.55,13.6,4059,0
WLTH.US,5,20251231,161500,13.59,13.81,13.56,13.77,13488,0
WLTH.US,5,20251231,162000,13.67,13.77,13.665,13.675,1882,0
WLTH.US,5,20251231,162500,13.685,13.79,13.59,13.775,7488,0
WLTH.US,5,20251231,163000,13.675,13.79,13.675,13.78,2263,0
WLTH.US,5,20251231,163500,13.78,13.79,13.685,13.69,8061,0
WLTH.US,5,20251231,164000,13.69,13.94,13.62,13.8,14282,0
WLTH.US,5,20251231,164500,13.79,13.91,13.74,13.825,8639,0
WLTH.US,5,20251231,165000,13.748804,13.825,13.71,13.71,6061,0
WLTH.US,5,20251231,165500,13.73,13.86,13.73,13.75,2461,0
WLTH.US,5,20251231,170000,13.8362,13.8362,13.6,13.78,26205,0
WLTH.US,5,20251231,170500,13.775,13.91,13.775,13.79,1707,0
WLTH.US,5,20251231,171000,13.91,13.91,13.79,13.8,3853,0
WLTH.US,5,20251231,171500,13.81,13.91,13.71,13.71,5558,0
WLTH.US,5,20251231,172000,13.75,13.7979,13.66,13.685,6530,0
WLTH.US,5,20251231,172500,13.66,13.712,13.65,13.712,3939,0
WLTH.US,5,20251231,173000,13.73,13.78,13.73,13.74,2819,0
WLTH.US,5,20251231,173500,13.74,13.78,13.74,13.745,1600,0
WLTH.US,5,20251231,174000,13.78,13.79,13.745,13.78,3877,0
WLTH.US,5,20251231,174500,13.785,13.79,13.77,13.77,2435,0
WLTH.US,5,20251231,175000,13.77,13.8,13.74,13.79,8000,0
WLTH.US,5,20251231,175500,13.76,13.865,13.76,13.85,6425,0
WLTH.US,5,20251231,180000,13.78,13.85,13.74,13.85,6673,0
WLTH.US,5,20251231,180500,13.79,13.86,13.79,13.83,2048,0
WLTH.US,5,20251231,181000,13.79,13.86,13.79,13.815,3137,0
WLTH.US,5,20251231,181500,13.79,13.87,13.75,13.825,3890,0
WLTH.US,5,20251231,182000,13.83,13.9,13.77,13.825,3232,0
WLTH.US,5,20251231,182500,13.76,13.9,13.76,13.825,1450,0
WLTH.US,5,20251231,183000,13.83,13.9,13.82,13.89,1387,0
WLTH.US,5,20251231,183500,13.815,13.88,13.753,13.795,7683,0
WLTH.US,5,20251231,184000,13.79,13.79,13.75,13.79,1395,0
WLTH.US,5,20251231,184500,13.78,13.82,13.74,13.75,3289,0
WLTH.US,5,20251231,185000,13.75,13.8,13.7,13.79,2973,0
WLTH.US,5,20251231,185500,13.75,13.8,13.745,13.745,6889,0
WLTH.US,5,20251231,190000,13.745,13.79,13.745,13.75,1405,0
WLTH.US,5,20251231,190500,13.71,13.79,13.71,13.79,1991,0
WLTH.US,5,20251231,191000,13.7488,13.79,13.7488,13.755,1440,0
WLTH.US,5,20251231,191500,13.765,13.8,13.75,13.75,5210,0
WLTH.US,5,20251231,192000,13.75,13.77,13.75,13.75,2061,0
WLTH.US,5,20251231,192500,13.75,13.77,13.71,13.74,10893,0
WLTH.US,5,20251231,193000,13.74,13.75,13.725,13.73,1712,0
WLTH.US,5,20251231,193500,13.73,13.75,13.68,13.68,9031,0
WLTH.US,5,20251231,194000,13.665,13.69,13.66,13.69,6539,0
WLTH.US,5,20251231,194500,13.675,13.73,13.675,13.72,2921,0
WLTH.US,5,20251231,195000,13.71,13.72,13.67,13.67,6165,0
WLTH.US,5,20251231,195500,13.665,13.73,13.665,13.7021,2827,0
WLTH.US,5,20251231,200000,13.7,13.715,13.67,13.715,4675,0
WLTH.US,5,20251231,200500,13.73,13.765,13.715,13.765,3795,0
WLTH.US,5,20251231,201000,13.74,13.75,13.7,13.7099,3816,0
WLTH.US,5,20251231,201500,13.695,13.71,13.66,13.66,1669,0
WLTH.US,5,20251231,202000,13.645,13.69,13.645,13.675,1638,0
WLTH.US,5,20251231,202500,13.67,13.71,13.63,13.665,1106,0
WLTH.US,5,20251231,203000,13.67,13.7,13.665,13.67,1468,0
WLTH.US,5,20251231,203500,13.64,13.69,13.6,13.6,5320,0
WLTH.US,5,20251231,204000,13.6,13.75,13.6,13.67,4498,0
WLTH.US,5,20251231,204500,13.75,13.75,13.6,13.665,1800,0
WLTH.US,5,20251231,205000,13.615,13.75,13.5825,13.665,13086,0
WLTH.US,5,20251231,205500,13.66,13.66,13.6001,13.615,5406,0
WLTH.US,5,20251231,210000,13.64,13.64,13.54,13.58,4051,0
WLTH.US,5,20251231,210500,13.54,13.58,13.5,13.505,5946,0
WLTH.US,5,20251231,211000,13.53,13.57,13.53,13.54,1687,0
WLTH.US,5,20251231,211500,13.57,13.635,13.545,13.605,1709,0
WLTH.US,5,20251231,212000,13.585,13.65,13.58,13.58,2063,0
WLTH.US,5,20251231,212500,13.58,13.64,13.53,13.59,2026,0
WLTH.US,5,20251231,213000,13.555,13.58,13.52,13.55,2631,0
WLTH.US,5,20251231,213500,13.535,13.58,13.52,13.58,4630,0
WLTH.US,5,20251231,214000,13.58,13.72,13.56,13.655,6627,0
WLTH.US,5,20251231,214500,13.665,13.665,13.45,13.545,32209,0
WLTH.US,5,20251231,215000,13.545,13.64,13.535,13.63,14607,0
WLTH.US,5,20251231,215500,13.565,13.63,13.535,13.59,353490,0
WLTH.US,5,20260102,153000,13.64,13.765,13.54,13.54,3191,0
WLTH.US,5,20260102,153500,13.6085,13.66,13.5,13.66,1925,0
WLTH.US,5,20260102,154000,13.53,13.78,13.52,13.52,1800,0
WLTH.US,5,20260102,154500,13.66,13.66,13.505,13.52,3540,0
WLTH.US,5,20260102,155000,13.66,13.66,13.52,13.65,900,0
WLTH.US,5,20260102,155500,13.52,13.635,13.46,13.46,3267,0
WLTH.US,5,20260102,160000,13.505,13.57,13.47,13.57,4304,0
WLTH.US,5,20260102,160500,13.52,13.58,13.46,13.46,4782,0
WLTH.US,5,20260102,161000,13.46,13.53,13.45,13.5,5074,0
WLTH.US,5,20260102,161500,13.5216,13.55,13.5,13.55,1800,0
WLTH.US,5,20260102,162000,13.5216,13.53,13.505,13.53,2672,0
WLTH.US,5,20260102,162500,13.54,13.545,13.45,13.45,4006,0
WLTH.US,5,20260102,163000,13.45,13.45,13.35,13.42,13330,0
WLTH.US,5,20260102,163500,13.365,13.42,13.3501,13.3501,3019,0
WLTH.US,5,20260102,164000,13.375,13.435,13.35,13.35,4497,0
WLTH.US,5,20260102,164500,13.33,13.33,13.16,13.26,14355,0
WLTH.US,5,20260102,165000,13.21,13.225,13.165,13.165,2960,0
WLTH.US,5,20260102,165500,13.26,13.26,13.16,13.18,2950,0
WLTH.US,5,20260102,170000,13.16,13.21,13.13,13.175,4574,0
WLTH.US,5,20260102,170500,13.185,13.195,13.09,13.09,8307,0
WLTH.US,5,20260102,171000,13.05,13.13,13.05,13.095,7678,0
WLTH.US,5,20260102,171500,13.095,13.18,13.08,13.17,7600,0
WLTH.US,5,20260102,172000,13.185,13.205,13.12,13.185,3355,0
WLTH.US,5,20260102,172500,13.185,13.218,13.13,13.18,2321,0
WLTH.US,5,20260102,173000,13.15,13.195,13.14,13.15,5728,0
WLTH.US,5,20260102,173500,13.13,13.135,13.11,13.13,6895,0
WLTH.US,5,20260102,174000,13.11,13.21,13.11,13.21,6050,0
WLTH.US,5,20260102,174500,13.15,13.17,13.13,13.15,6181,0
WLTH.US,5,20260102,175000,13.15,13.15,13.12,13.15,2475,0
WLTH.US,5,20260102,175500,13.15,13.17,13.11,13.15,5398,0
WLTH.US,5,20260102,180000,13.15,13.18,13.13,13.14,5023,0
WLTH.US,5,20260102,180500,13.15,13.1599,13.13,13.145,4265,0
WLTH.US,5,20260102,181000,13.13,13.225,13.13,13.225,5666,0
WLTH.US,5,20260102,181500,13.225,13.33,13.225,13.29,9180,0
WLTH.US,5,20260102,182000,13.295,13.325,13.295,13.315,4695,0
WLTH.US,5,20260102,182500,13.315,13.315,13.305,13.31,3450,0
WLTH.US,5,20260102,183000,13.31,13.36,13.31,13.35,2548,0
WLTH.US,5,20260102,183500,13.35,13.47,13.35,13.455,15537,0
WLTH.US,5,20260102,184000,13.455,13.46,13.35,13.43,13118,0
WLTH.US,5,20260102,184500,13.44,13.48,13.435,13.45,2340,0
WLTH.US,5,20260102,185000,13.45,13.5,13.45,13.465,16470,0
WLTH.US,5,20260102,185500,13.465,13.475,13.465,13.475,1900,0
WLTH.US,5,20260102,190000,13.475,13.525,13.475,13.49,16795,0
WLTH.US,5,20260102,190500,13.49,13.49,13.44,13.445,14856,0
WLTH.US,5,20260102,191000,13.445,13.445,13.28,13.295,20788,0
WLTH.US,5,20260102,191500,13.295,13.34,13.27,13.325,1926,0
WLTH.US,5,20260102,192000,13.31,13.315,13.29,13.31,3259,0
WLTH.US,5,20260102,192500,13.31,13.315,13.25,13.28,3911,0
WLTH.US,5,20260102,193000,13.26,13.28,13.26,13.28,2410,0
WLTH.US,5,20260102,193500,13.24,13.25,13.18,13.21,6068,0
WLTH.US,5,20260102,194000,13.23,13.23,13.16,13.18,4872,0
WLTH.US,5,20260102,194500,13.16,13.19,13.16,13.19,5770,0
WLTH.US,5,20260102,195000,13.185,13.225,13.15,13.225,6127,0
WLTH.US,5,20260102,195500,13.205,13.25,13.16,13.16,1539,0
WLTH.US,5,20260102,200000,13.215,13.25,13.2,13.2,12776,0
WLTH.US,5,20260102,200500,13.215,13.23,13.19,13.22,5451,0
WLTH.US,5,20260102,201000,13.22,13.24,13.21,13.22,6155,0
WLTH.US,5,20260102,201500,13.21,13.21,13.18,13.18,2404,0
WLTH.US,5,20260102,202000,13.1835,13.21,13.175,13.2,5931,0
WLTH.US,5,20260102,202500,13.21,13.215,13.2,13.2,3010,0
WLTH.US,5,20260102,203000,13.2011,13.23,13.19,13.225,5675,0
WLTH.US,5,20260102,203500,13.225,13.23,13.21,13.21,3200,0
WLTH.US,5,20260102,204000,13.21,13.24,13.2,13.24,4997,0
WLTH.US,5,20260102,204500,13.25,13.27,13.25,13.255,1932,0
WLTH.US,5,20260102,205000,13.255,13.27,13.24,13.24,5334,0
WLTH.US,5,20260102,205500,13.235,13.35,13.23,13.23,6200,0
WLTH.US,5,20260102,210000,13.24,13.3,13.21,13.23,13893,0
WLTH.US,5,20260102,210500,13.23,13.265,13.17,13.265,11311,0
WLTH.US,5,20260102,211000,13.265,13.28,13.2551,13.275,3396,0
WLTH.US,5,20260102,211500,13.25,13.3,13.25,13.275,2190,0
WLTH.US,5,20260102,212000,13.275,13.31,13.25,13.31,7769,0
WLTH.US,5,20260102,212500,13.25,13.28,13.18,13.225,15272,0
WLTH.US,5,20260102,213000,13.225,13.23,13.18,13.19,3572,0
WLTH.US,5,20260102,213500,13.18,13.195,13.18,13.19,8708,0
WLTH.US,5,20260102,214000,13.19,13.215,13.16,13.175,6372,0
WLTH.US,5,20260102,214500,13.175,13.18,13.14,13.16,13338,0
WLTH.US,5,20260102,215000,13.18,13.295,13.1,13.105,28908,0
WLTH.US,5,20260102,215500,13.12,13.23,13.07,13.22,167731,0
WLTH.US,5,20260105,153000,13.355,13.42,13.2,13.21,27298,0
WLTH.US,5,20260105,153500,13.16,13.3325,13.137,13.295,5428,0
WLTH.US,5,20260105,154000,13.2,13.29,13.2,13.29,8400,0
WLTH.US,5,20260105,154500,13.26,13.3,13.23,13.29,3100,0
WLTH.US,5,20260105,155000,13.36,13.665,13.34,13.39,1900,0
WLTH.US,5,20260105,155500,13.665,13.7,13.49,13.52,14028,0
WLTH.US,5,20260105,160000,13.49,13.74,13.41,13.575,1354,0
WLTH.US,5,20260105,160500,13.41,13.7499,13.4,13.5,9878,0
WLTH.US,5,20260105,161000,13.5,13.56,13.495,13.54,1563,0
WLTH.US,5,20260105,161500,13.565,13.565,13.51,13.5375,13746,0
WLTH.US,5,20260105,162000,13.535,13.54,13.5101,13.535,1230,0
WLTH.US,5,20260105,162500,13.535,13.6,13.48,13.57,13951,0
WLTH.US,5,20260105,163000,13.57,13.74,13.57,13.675,4523,0
WLTH.US,5,20260105,163500,13.675,13.74,13.62,13.62,8301,0
WLTH.US,5,20260105,164000,13.64,13.655,13.56,13.6,4222,0
WLTH.US,5,20260105,164500,13.63,13.67,13.63,13.67,1558,0
WLTH.US,5,20260105,165000,13.64,13.69,13.64,13.68,2697,0
WLTH.US,5,20260105,165500,13.65,13.84,13.61,13.84,50083,0
WLTH.US,5,20260105,170000,13.84,13.845,13.69,13.715,6715,0
WLTH.US,5,20260105,170500,13.745,13.765,13.68,13.765,11589,0
WLTH.US,5,20260105,171000,13.765,13.765,13.612,13.635,7932,0
WLTH.US,5,20260105,171500,13.67,13.74,13.66,13.705,21705,0
WLTH.US,5,20260105,172000,13.71,13.715,13.69,13.71,2115,0
WLTH.US,5,20260105,172500,13.7,13.71,13.66,13.7049,2747,0
WLTH.US,5,20260105,173000,13.67,13.7,13.67,13.685,899,0
WLTH.US,5,20260105,173500,13.685,13.7,13.66,13.695,1014,0
WLTH.US,5,20260105,174000,13.66,13.71,13.66,13.7,2410,0
WLTH.US,5,20260105,174500,13.71,13.72,13.65,13.67,22733,0
WLTH.US,5,20260105,175000,13.67,13.67,13.575,13.585,5162,0
WLTH.US,5,20260105,175500,13.63,13.66,13.61,13.64,2100,0
WLTH.US,5,20260105,180000,13.64,13.64,13.58,13.61,11952,0
WLTH.US,5,20260105,180500,13.61,13.62,13.595,13.595,2308,0
WLTH.US,5,20260105,181000,13.595,13.65,13.595,13.65,6629,0
WLTH.US,5,20260105,181500,13.68,13.69,13.62,13.665,1908,0
WLTH.US,5,20260105,182000,13.66,13.66,13.61,13.66,6892,0
WLTH.US,5,20260105,182500,13.66,13.66,13.61,13.65,9809,0
WLTH.US,5,20260105,183000,13.65,13.72,13.63,13.67,31519,0
WLTH.US,5,20260105,183500,13.695,13.7158,13.66,13.69,8338,0
WLTH.US,5,20260105,184000,13.685,13.685,13.61,13.6199,3780,0
WLTH.US,5,20260105,184500,13.595,13.67,13.58,13.66,4966,0
WLTH.US,5,20260105,185000,13.66,13.71,13.62,13.62,8415,0
WLTH.US,5,20260105,185500,13.65,13.68,13.6401,13.67,2400,0
WLTH.US,5,20260105,190000,13.64,13.67,13.64,13.64,2300,0
WLTH.US,5,20260105,190500,13.64,13.65,13.62,13.65,2885,0
WLTH.US,5,20260105,191000,13.635,13.67,13.62,13.64,8208,0
WLTH.US,5,20260105,191500,13.635,13.68,13.62,13.68,4802,0
WLTH.US,5,20260105,192000,13.66,13.67,13.63,13.635,2610,0
WLTH.US,5,20260105,192500,13.66,13.69,13.63,13.66,1960,0
WLTH.US,5,20260105,193000,13.66,13.8,13.63,13.7,9802,0
WLTH.US,5,20260105,193500,13.785,13.785,13.7,13.72,4103,0
WLTH.US,5,20260105,194000,13.71,13.71,13.67,13.69,1117,0
WLTH.US,5,20260105,194500,13.7,13.71,13.67,13.69,3146,0
WLTH.US,5,20260105,195000,13.69,13.785,13.6825,13.695,14942,0
WLTH.US,5,20260105,195500,13.695,13.695,13.67,13.67,4103,0
WLTH.US,5,20260105,200000,13.67,13.67,13.62,13.64,1984,0
WLTH.US,5,20260105,200500,13.65,13.65,13.65,13.65,100,0
WLTH.US,5,20260105,201000,13.65,13.69,13.64,13.65,3468,0
WLTH.US,5,20260105,201500,13.65,13.67,13.65,13.665,2399,0
WLTH.US,5,20260105,202000,13.67,13.67,13.64,13.67,2920,0
WLTH.US,5,20260105,202500,13.67,13.7,13.65,13.665,7085,0
WLTH.US,5,20260105,203000,13.65,13.67,13.63,13.63,6071,0
WLTH.US,5,20260105,203500,13.63,13.68,13.63,13.68,5691,0
WLTH.US,5,20260105,204000,13.665,13.665,13.65,13.66,1575,0
WLTH.US,5,20260105,204500,13.65,13.66,13.58,13.595,20126,0
WLTH.US,5,20260105,205000,13.61,13.61,13.59,13.59,1648,0
WLTH.US,5,20260105,205500,13.61,13.61,13.59,13.6,2061,0
WLTH.US,5,20260105,210000,13.6,13.62,13.59,13.6,5173,0
WLTH.US,5,20260105,210500,13.6,13.64,13.6,13.6399,5041,0
WLTH.US,5,20260105,211000,13.62,13.64,13.6,13.6,1973,0
WLTH.US,5,20260105,211500,13.605,13.605,13.555,13.57,1797,0
WLTH.US,5,20260105,212000,13.58,13.59,13.55,13.57,2446,0
WLTH.US,5,20260105,212500,13.58,13.58,13.55,13.555,2775,0
WLTH.US,5,20260105,213000,13.57,13.62,13.55,13.6,7140,0
WLTH.US,5,20260105,213500,13.6,13.62,13.58,13.59,5070,0
WLTH.US,5,20260105,214000,13.585,13.59,13.56,13.56,4801,0
WLTH.US,5,20260105,214500,13.56,13.56,13.51,13.51,2808,0
WLTH.US,5,20260105,215000,13.54,13.58,13.51,13.51,7893,0
WLTH.US,5,20260105,215500,13.535,13.67,13.48,13.66,204677,0
WLTH.US,5,20260106,153000,13.47,13.551,13.46,13.51,14969,0
WLTH.US,5,20260106,153500,13.7,13.7,13.5,13.53,3521,0
WLTH.US,5,20260106,154000,13.6,13.615,13.46,13.46,4205,0
WLTH.US,5,20260106,154500,13.45,13.5,13.31,13.3643,26333,0
WLTH.US,5,20260106,155000,13.35,13.415,13.35,13.35,31649,0
WLTH.US,5,20260106,155500,13.385,13.455,13.36,13.4,1599,0
WLTH.US,5,20260106,160000,13.4,13.45,13.35,13.36,3251,0
WLTH.US,5,20260106,160500,13.4,13.4,13.35,13.375,8374,0
WLTH.US,5,20260106,161000,13.3999,13.4,13.3,13.3,39138,0
WLTH.US,5,20260106,161500,13.3,13.36,13.25,13.27,79433,0
WLTH.US,5,20260106,162000,13.295,13.35,13.25,13.25,33868,0
WLTH.US,5,20260106,162500,13.28,13.28,13.24,13.26,70262,0
WLTH.US,5,20260106,163000,13.26,13.29,13.2,13.25,52568,0
WLTH.US,5,20260106,163500,13.25,13.295,13.25,13.295,13659,0
WLTH.US,5,20260106,164000,13.29,13.44,13.285,13.4,23984,0
WLTH.US,5,20260106,164500,13.41,13.45,13.4,13.45,18838,0
WLTH.US,5,20260106,165000,13.445,13.4595,13.43,13.43,5050,0
WLTH.US,5,20260106,165500,13.425,13.43,13.4,13.4,4821,0
WLTH.US,5,20260106,170000,13.4,13.41,13.4,13.4045,4539,0
WLTH.US,5,20260106,170500,13.405,13.475,13.4,13.475,40845,0
WLTH.US,5,20260106,171000,13.475,13.5199,13.475,13.5,46451,0
WLTH.US,5,20260106,171500,13.51,13.51,13.5,13.5,23723,0
WLTH.US,5,20260106,172000,13.5,13.51,13.49,13.5,67172,0
WLTH.US,5,20260106,172500,13.5,13.5099,13.5,13.5,10976,0
WLTH.US,5,20260106,173000,13.5,13.52,13.5,13.5,31097,0
WLTH.US,5,20260106,173500,13.505,13.53,13.5,13.51,46434,0
WLTH.US,5,20260106,174000,13.51,13.515,13.5,13.5,10949,0
WLTH.US,5,20260106,174500,13.505,13.55,13.49,13.515,30772,0
WLTH.US,5,20260106,175000,13.515,13.555,13.5,13.555,10071,0
WLTH.US,5,20260106,175500,13.54,13.58,13.52,13.54,7542,0
WLTH.US,5,20260106,180000,13.54,13.57,13.54,13.565,7379,0
WLTH.US,5,20260106,180500,13.56,13.58,13.55,13.56,9672,0
WLTH.US,5,20260106,181000,13.57,13.57,13.5,13.51,26547,0
WLTH.US,5,20260106,181500,13.5,13.525,13.5,13.51,6295,0
WLTH.US,5,20260106,182000,13.51,13.54,13.5,13.5209,12211,0
WLTH.US,5,20260106,182500,13.55,13.6,13.54,13.5615,4658,0
WLTH.US,5,20260106,183000,13.565,13.575,13.54,13.575,3456,0
WLTH.US,5,20260106,183500,13.575,13.6,13.52,13.54,7062,0
WLTH.US,5,20260106,184000,13.52,13.54,13.5,13.52,8731,0
WLTH.US,5,20260106,184500,13.53,13.53,13.5,13.53,2729,0
WLTH.US,5,20260106,185000,13.51,13.555,13.51,13.52,4232,0
WLTH.US,5,20260106,185500,13.54,13.54,13.52,13.53,2011,0
WLTH.US,5,20260106,190000,13.53,13.55,13.51,13.52,10306,0
WLTH.US,5,20260106,190500,13.51,13.53,13.51,13.525,6053,0
WLTH.US,5,20260106,191000,13.525,13.525,13.5,13.515,5656,0
WLTH.US,5,20260106,191500,13.5,13.53,13.5,13.5,9906,0
WLTH.US,5,20260106,192000,13.505,13.505,13.5,13.5,6091,0
WLTH.US,5,20260106,192500,13.5,13.51,13.5,13.505,15898,0
WLTH.US,5,20260106,193000,13.505,13.555,13.5,13.52,11789,0
WLTH.US,5,20260106,193500,13.51,13.51,13.5,13.505,7642,0
WLTH.US,5,20260106,194000,13.5,13.55,13.5,13.52,10041,0
WLTH.US,5,20260106,194500,13.52,13.57,13.51,13.555,48649,0
WLTH.US,5,20260106,195000,13.555,13.58,13.55,13.57,15058,0
WLTH.US,5,20260106,195500,13.57,13.59,13.55,13.55,7684,0
WLTH.US,5,20260106,200000,13.555,13.59,13.55,13.58,17397,0
WLTH.US,5,20260106,200500,13.59,13.59,13.56,13.58,4857,0
WLTH.US,5,20260106,201000,13.56,13.61,13.56,13.6,6340,0
WLTH.US,5,20260106,201500,13.595,13.63,13.59,13.61,2150,0
WLTH.US,5,20260106,202000,13.61,13.65,13.59,13.62,6617,0
WLTH.US,5,20260106,202500,13.6,13.61,13.59,13.6,3868,0
WLTH.US,5,20260106,203000,13.59,13.59,13.55,13.565,6454,0
WLTH.US,5,20260106,203500,13.55,13.59,13.55,13.56,18938,0
WLTH.US,5,20260106,204000,13.56,13.57,13.55,13.56,10135,0
WLTH.US,5,20260106,204500,13.555,13.56,13.545,13.555,32641,0
WLTH.US,5,20260106,205000,13.555,13.555,13.5,13.51,15985,0
WLTH.US,5,20260106,205500,13.51,13.54,13.51,13.52,2475,0
WLTH.US,5,20260106,210000,13.535,13.54,13.5,13.52,8388,0
WLTH.US,5,20260106,210500,13.51,13.51,13.5,13.5,5554,0
WLTH.US,5,20260106,211000,13.5,13.565,13.5,13.535,36107,0
WLTH.US,5,20260106,211500,13.535,13.58,13.52,13.56,7596,0
WLTH.US,5,20260106,212000,13.56,13.57,13.55,13.55,12347,0
WLTH.US,5,20260106,212500,13.555,13.555,13.55,13.55,5836,0
WLTH.US,5,20260106,213000,13.55,13.555,13.55,13.555,3489,0
WLTH.US,5,20260106,213500,13.55,13.56,13.55,13.555,13953,0
WLTH.US,5,20260106,214000,13.555,13.63,13.555,13.61,46445,0
WLTH.US,5,20260106,214500,13.61,13.63,13.6,13.6255,47244,0
WLTH.US,5,20260106,215000,13.64,13.67,13.6,13.6,72129,0
WLTH.US,5,20260106,215500,13.6,13.635,13.6,13.62,83621,0
WLTH.US,5,20260107,153000,13.63,14,13.6,13.65,6137,0
WLTH.US,5,20260107,153500,13.6794,13.75,13.65,13.75,5291,0
WLTH.US,5,20260107,154000,13.725,13.77,13.66,13.71,29274,0
WLTH.US,5,20260107,154500,13.71,13.7525,13.71,13.74,8115,0
WLTH.US,5,20260107,155000,13.778,13.79,13.7538,13.775,1200,0
WLTH.US,5,20260107,155500,13.79,13.8,13.775,13.775,1041,0
WLTH.US,5,20260107,160000,13.7825,13.9,13.775,13.81,8802,0
WLTH.US,5,20260107,160500,13.83,13.95,13.83,13.935,38305,0
WLTH.US,5,20260107,161000,13.935,13.9385,13.85,13.865,17636,0
WLTH.US,5,20260107,161500,13.865,13.9,13.865,13.9,5542,0
WLTH.US,5,20260107,162000,13.8851,13.95,13.885,13.93,15766,0
WLTH.US,5,20260107,162500,13.92,13.95,13.88,13.89,12033,0
WLTH.US,5,20260107,163000,13.89,13.905,13.8533,13.865,14256,0
WLTH.US,5,20260107,163500,13.865,13.91,13.86,13.895,4706,0
WLTH.US,5,20260107,164000,13.89,13.9199,13.8,13.82,129579,0
WLTH.US,5,20260107,164500,13.81,13.82,13.74,13.75,80936,0
WLTH.US,5,20260107,165000,13.75,13.755,13.7,13.71,31283,0
WLTH.US,5,20260107,165500,13.71,13.71,13.7,13.705,38051,0
WLTH.US,5,20260107,170000,13.7,13.71,13.7,13.7,15833,0
WLTH.US,5,20260107,170500,13.7,13.7,13.63,13.65,9898,0
WLTH.US,5,20260107,171000,13.65,13.655,13.65,13.65,10918,0
WLTH.US,5,20260107,171500,13.65,13.655,13.65,13.65,26709,0
WLTH.US,5,20260107,172000,13.65,13.655,13.6,13.6,22519,0
WLTH.US,5,20260107,172500,13.6,13.61,13.6,13.6,7950,0
WLTH.US,5,20260107,173000,13.6,13.605,13.5,13.55,87670,0
WLTH.US,5,20260107,173500,13.55,13.56,13.54,13.56,13946,0
WLTH.US,5,20260107,174000,13.56,13.6,13.55,13.58,10174,0
WLTH.US,5,20260107,174500,13.59,13.59,13.56,13.58,3225,0
WLTH.US,5,20260107,175000,13.56,13.582,13.56,13.56,2694,0
WLTH.US,5,20260107,175500,13.56,13.58,13.56,13.57,2632,0
WLTH.US,5,20260107,180000,13.56,13.69,13.54,13.67,51267,0
WLTH.US,5,20260107,180500,13.684,13.684,13.64,13.64,13644,0
WLTH.US,5,20260107,181000,13.665,13.665,13.625,13.65,5395,0
WLTH.US,5,20260107,181500,13.64,13.64,13.6,13.6,5431,0
WLTH.US,5,20260107,182000,13.6,13.615,13.6,13.6,2449,0
WLTH.US,5,20260107,182500,13.615,13.615,13.57,13.57,3736,0
WLTH.US,5,20260107,183000,13.57,13.59,13.57,13.59,7142,0
WLTH.US,5,20260107,183500,13.59,13.6,13.58,13.58,15295,0
WLTH.US,5,20260107,184000,13.58,13.59,13.56,13.56,8163,0
WLTH.US,5,20260107,184500,13.56,13.565,13.55,13.555,2805,0
WLTH.US,5,20260107,185000,13.55,13.59,13.55,13.575,19988,0
WLTH.US,5,20260107,185500,13.575,13.59,13.575,13.575,8486,0
WLTH.US,5,20260107,190000,13.575,13.592,13.575,13.592,4419,0
WLTH.US,5,20260107,190500,13.5816,13.6,13.58,13.58,7138,0
WLTH.US,5,20260107,191000,13.56,13.59,13.55,13.575,5680,0
WLTH.US,5,20260107,191500,13.575,13.575,13.56,13.575,2489,0
WLTH.US,5,20260107,192000,13.575,13.575,13.56,13.56,1843,0
WLTH.US,5,20260107,192500,13.57,13.57,13.55,13.55,11399,0
WLTH.US,5,20260107,193000,13.55,13.555,13.55,13.555,1605,0
WLTH.US,5,20260107,193500,13.55,13.555,13.55,13.55,7798,0
WLTH.US,5,20260107,194000,13.555,13.56,13.55,13.55,7693,0
WLTH.US,5,20260107,194500,13.55,13.6,13.55,13.577,29208,0
WLTH.US,5,20260107,195000,13.6,13.6,13.595,13.6,5070,0
WLTH.US,5,20260107,195500,13.595,13.6,13.575,13.59,31092,0
WLTH.US,5,20260107,200000,13.575,13.59,13.575,13.5813,2803,0
WLTH.US,5,20260107,200500,13.57,13.59,13.55,13.55,11063,0
WLTH.US,5,20260107,201000,13.55,13.56,13.55,13.55,4416,0
WLTH.US,5,20260107,201500,13.555,13.555,13.55,13.555,3559,0
WLTH.US,5,20260107,202000,13.55,13.555,13.55,13.555,2090,0
WLTH.US,5,20260107,202500,13.555,13.555,13.55,13.555,8627,0
WLTH.US,5,20260107,203000,13.555,13.555,13.55,13.55,3727,0
WLTH.US,5,20260107,203500,13.55,13.555,13.55,13.555,2743,0
WLTH.US,5,20260107,204000,13.55,13.555,13.55,13.55,3574,0
WLTH.US,5,20260107,204500,13.55,13.555,13.55,13.55,6405,0
WLTH.US,5,20260107,205000,13.55,13.555,13.55,13.55,9909,0
WLTH.US,5,20260107,205500,13.55,13.555,13.55,13.5502,12120,0
WLTH.US,5,20260107,210000,13.55,13.56,13.55,13.55,2311,0
WLTH.US,5,20260107,210500,13.55,13.5586,13.55,13.55,9715,0
WLTH.US,5,20260107,211000,13.55,13.555,13.5,13.5,69268,0
WLTH.US,5,20260107,211500,13.5,13.51,13.45,13.5045,47631,0
WLTH.US,5,20260107,212000,13.5,13.515,13.49,13.502,77283,0
WLTH.US,5,20260107,212500,13.502,13.515,13.49,13.5,78953,0
WLTH.US,5,20260107,213000,13.5,13.505,13.46,13.5,92007,0
WLTH.US,5,20260107,213500,13.5,13.525,13.5,13.51,26010,0
WLTH.US,5,20260107,214000,13.52,13.52,13.51,13.51,21236,0
WLTH.US,5,20260107,214500,13.51,13.59,13.51,13.58,48883,0
WLTH.US,5,20260107,215000,13.57,13.58,13.52,13.54,38498,0
WLTH.US,5,20260107,215500,13.535,13.56,13.5,13.5,291722,0
WLTH.US,5,20260108,153000,13.5,13.6506,13.2,13.305,254980,0
WLTH.US,5,20260108,153500,13.33,13.355,13.3,13.31,5809,0
WLTH.US,5,20260108,154000,13.34,13.34,13.2,13.21,35960,0
WLTH.US,5,20260108,154500,13.21,13.255,13.2,13.21,19349,0
WLTH.US,5,20260108,155000,13.22,13.322,13.21,13.285,5052,0
WLTH.US,5,20260108,155500,13.22,13.3,13.22,13.3,3242,0
WLTH.US,5,20260108,160000,13.26,13.35,13.26,13.29,2705,0
WLTH.US,5,20260108,160500,13.3,13.35,13.29,13.31,4276,0
WLTH.US,5,20260108,161000,13.3,13.33,13.3,13.33,1782,0
WLTH.US,5,20260108,161500,13.33,13.33,13.2,13.22,28116,0
WLTH.US,5,20260108,162000,13.22,13.25,13.21,13.235,2745,0
WLTH.US,5,20260108,162500,13.235,13.237,13.21,13.21,3400,0
WLTH.US,5,20260108,163000,13.2499,13.2499,13.21,13.21,4150,0
WLTH.US,5,20260108,163500,13.21,13.23,13.21,13.21,3650,0
WLTH.US,5,20260108,164000,13.23,13.23,13.2,13.205,8835,0
WLTH.US,5,20260108,164500,13.205,13.215,13.2,13.2,5777,0
WLTH.US,5,20260108,165000,13.2,13.21,13.1,13.1,33035,0
WLTH.US,5,20260108,165500,13.1,13.18,13.1,13.16,24112,0
WLTH.US,5,20260108,170000,13.18,13.18,13.1501,13.165,5657,0
WLTH.US,5,20260108,170500,13.165,13.18,13,13.015,54895,0
WLTH.US,5,20260108,171000,13,13.045,13,13.02,125656,0
WLTH.US,5,20260108,171500,13.015,13.06,13.015,13.035,9070,0
WLTH.US,5,20260108,172000,13.025,13.05,13.025,13.03,15048,0
WLTH.US,5,20260108,172500,13.03,13.05,13.03,13.04,7181,0
WLTH.US,5,20260108,173000,13.03,13.03,13.005,13.0087,3453,0
WLTH.US,5,20260108,173500,13,13.01,13,13,6718,0
WLTH.US,5,20260108,174000,13,13.01,13,13.002,23355,0
WLTH.US,5,20260108,174500,13.0055,13.12,13,13.1,27303,0
WLTH.US,5,20260108,175000,13.08,13.08,13.01,13.05,15705,0
WLTH.US,5,20260108,175500,13.035,13.05,13,13,37912,0
WLTH.US,5,20260108,180000,13.015,13.0171,12.84,12.84,39883,0
WLTH.US,5,20260108,180500,12.84,12.9399,12.84,12.92,16240,0
WLTH.US,5,20260108,181000,12.94,13.01,12.92,13,13127,0
WLTH.US,5,20260108,181500,13.03,13.03,13,13.015,1722,0
WLTH.US,5,20260108,182000,13.015,13.0299,12.99,13.0299,14705,0
WLTH.US,5,20260108,182500,13.005,13.005,12.97,12.99,6545,0
WLTH.US,5,20260108,183000,12.9825,13.01,12.95,12.995,3460,0
WLTH.US,5,20260108,183500,12.99,12.99,12.99,12.99,615,0
WLTH.US,5,20260108,184000,12.975,12.975,12.93,12.95,3620,0
WLTH.US,5,20260108,184500,12.93,12.93,12.93,12.93,4430,0
WLTH.US,5,20260108,185000,12.93,12.93,12.9,12.9,1359,0
WLTH.US,5,20260108,185500,12.88,12.9178,12.88,12.885,1122,0
WLTH.US,5,20260108,190000,12.87,12.87,12.85,12.85,1874,0
WLTH.US,5,20260108,190500,12.85,12.874,12.85,12.85,5348,0
WLTH.US,5,20260108,191000,12.85,13,12.8417,12.97,13616,0
WLTH.US,5,20260108,191500,12.97,12.982,12.97,12.982,760,0
WLTH.US,5,20260108,192000,12.97,12.97,12.94,12.95,2010,0
WLTH.US,5,20260108,192500,12.93,12.93,12.93,12.93,1610,0
WLTH.US,5,20260108,193000,12.93,12.93,12.93,12.93,1000,0
WLTH.US,5,20260108,193500,12.95,12.95,12.92,12.93,700,0
WLTH.US,5,20260108,194000,12.92,12.92,12.9,12.915,3471,0
WLTH.US,5,20260108,194500,12.9399,12.9399,12.905,12.905,8020,0
WLTH.US,5,20260108,195000,12.9158,12.96,12.902,12.92,14666,0
WLTH.US,5,20260108,195500,12.915,12.915,12.885,12.89,2980,0
WLTH.US,5,20260108,200000,12.9,12.9,12.89,12.9,400,0
WLTH.US,5,20260108,200500,12.9,12.9,12.9,12.9,740,0
WLTH.US,5,20260108,201000,12.9,12.92,12.9,12.92,467,0
WLTH.US,5,20260108,201500,12.88,12.885,12.865,12.87,8993,0
WLTH.US,5,20260108,202000,12.87,12.89,12.85,12.89,3792,0
WLTH.US,5,20260108,202500,12.87,12.87,12.845,12.845,3550,0
WLTH.US,5,20260108,203000,12.85,12.85,12.8351,12.85,700,0
WLTH.US,5,20260108,203500,12.83,12.86,12.83,12.86,3922,0
WLTH.US,5,20260108,204000,12.865,12.87,12.85,12.852,4022,0
WLTH.US,5,20260108,204500,12.85,12.87,12.85,12.87,4748,0
WLTH.US,5,20260108,205000,12.8784,12.95,12.875,12.92,7830,0
WLTH.US,5,20260108,205500,12.915,12.92,12.905,12.92,1936,0
WLTH.US,5,20260108,210000,12.91,12.92,12.875,12.91,24254,0
WLTH.US,5,20260108,210500,12.91,13.0099,12.9,13.0099,12668,0
WLTH.US,5,20260108,211000,13.0035,13.0057,12.9569,12.9569,3282,0
WLTH.US,5,20260108,211500,12.97,13.01,12.97,13,7903,0
WLTH.US,5,20260108,212000,13.01,13.01,12.995,12.995,700,0
WLTH.US,5,20260108,212500,12.995,13.01,12.9889,12.995,1350,0
WLTH.US,5,20260108,213000,12.995,13.04,12.98,12.99,52836,0
WLTH.US,5,20260108,213500,12.99,13.01,12.99,12.99,2533,0
WLTH.US,5,20260108,214000,12.9916,13,12.97,12.98,8333,0
WLTH.US,5,20260108,214500,12.985,12.995,12.97,12.97,10742,0
WLTH.US,5,20260108,215000,12.995,13.005,12.94,12.94,32390,0
WLTH.US,5,20260108,215500,12.94,12.985,12.89,12.94,152182,0
