<TICKER>,<PER>,<DATE>,<TIME>,<OPEN>,<HIGH>,<LOW>,<CLOSE>,<VOL>,<OPENINT>
YBST.US,5,20251217,153500,25.379,25.38,25.373,25.3799,2000,0
YBST.US,5,20251217,154500,25.2,25.2,25.2,25.2,100,0
YBST.US,5,20251217,161500,25.1973,25.1973,25.1973,25.1973,100,0
YBST.US,5,20251217,163500,25.21,25.21,25.21,25.21,200,0
YBST.US,5,20251217,171000,25.0391,25.0391,25.0391,25.0391,3000,0
YBST.US,5,20251217,172500,24.8987,24.906,24.8987,24.906,200,0
YBST.US,5,20251217,173500,24.89,24.89,24.89,24.89,200,0
YBST.US,5,20251217,174000,24.88,24.88,24.88,24.88,100,0
YBST.US,5,20251217,182000,24.96,24.96,24.96,24.96,100,0
YBST.US,5,20251217,183500,24.9596,24.9596,24.9596,24.9596,360,0
YBST.US,5,20251217,184000,24.94,24.97,24.94,24.97,600,0
YBST.US,5,20251217,190000,24.93,24.93,24.93,24.93,100,0
YBST.US,5,20251217,191500,24.9,24.9,24.88,24.88,300,0
YBST.US,5,20251217,200000,24.7791,24.7791,24.7791,24.7791,160,0
YBST.US,5,20251217,203000,24.73,24.73,24.73,24.73,100,0
YBST.US,5,20251217,203500,24.7,24.7,24.7,24.7,100,0
YBST.US,5,20251217,204500,24.7095,24.7095,24.7095,24.7095,200,0
YBST.US,5,20251217,210500,24.7,24.7,24.7,24.7,100,0
YBST.US,5,20251217,212000,24.71,24.72,24.71,24.72,1300,0
YBST.US,5,20251217,212500,24.71,24.73,24.69,24.69,1471,0
YBST.US,5,20251217,213000,24.67,24.68,24.67,24.68,200,0
YBST.US,5,20251217,213500,24.67,24.67,24.67,24.67,100,0
YBST.US,5,20251217,214500,24.66,24.66,24.66,24.66,100,0
YBST.US,5,20251217,215500,24.645,24.645,24.64,24.64,600,0
YBST.US,5,20251218,153000,24.94,25.0328,24.94,25.0328,205,0
YBST.US,5,20251218,153500,25.025,25.025,25.025,25.025,200,0
YBST.US,5,20251218,154000,24.893,24.97,24.893,24.97,2493,0
YBST.US,5,20251218,154500,24.8766,24.8766,24.8766,24.8766,100,0
YBST.US,5,20251218,155000,24.89,24.95,24.89,24.9132,834,0
YBST.US,5,20251218,160000,24.9273,24.94,24.9273,24.94,200,0
YBST.US,5,20251218,160500,24.92,24.92,24.91,24.91,1327,0
YBST.US,5,20251218,164000,25.08,25.08,25.08,25.08,100,0
YBST.US,5,20251218,165500,25.01,25.01,25.01,25.01,100,0
YBST.US,5,20251218,170000,24.98,24.98,24.98,24.98,100,0
YBST.US,5,20251218,170500,24.9451,24.9451,24.9451,24.9451,100,0
YBST.US,5,20251218,171000,24.98,24.98,24.945,24.9534,511,0
YBST.US,5,20251218,171500,24.95,24.95,24.95,24.95,100,0
YBST.US,5,20251218,172500,24.91,24.93,24.9,24.9,1100,0
YBST.US,5,20251218,180000,24.94,24.94,24.92,24.92,200,0
YBST.US,5,20251218,181000,24.84,24.85,24.84,24.85,200,0
YBST.US,5,20251218,190500,24.91,24.91,24.91,24.91,100,0
YBST.US,5,20251218,193000,24.92,24.92,24.92,24.92,100,0
YBST.US,5,20251218,194000,24.93,24.93,24.93,24.93,173,0
YBST.US,5,20251218,195000,24.9,24.9,24.9,24.9,272,0
YBST.US,5,20251218,200000,24.89,24.89,24.88,24.88,200,0
YBST.US,5,20251218,200500,24.86,24.86,24.86,24.86,200,0
YBST.US,5,20251218,201500,24.84,24.84,24.805,24.805,300,0
YBST.US,5,20251218,202500,24.83,24.83,24.83,24.83,100,0
YBST.US,5,20251218,204500,24.77,24.77,24.77,24.77,100,0
YBST.US,5,20251218,205500,24.74,24.75,24.74,24.75,1200,0
YBST.US,5,20251218,210000,24.76,24.76,24.76,24.76,100,0
YBST.US,5,20251218,211000,24.82,24.86,24.7883,24.7883,1099,0
YBST.US,5,20251218,211500,24.84,24.84,24.79,24.79,200,0
YBST.US,5,20251218,213000,24.83,24.83,24.83,24.83,100,0
YBST.US,5,20251218,214500,24.84,24.84,24.81,24.81,600,0
YBST.US,5,20251219,153000,24.94,24.94,24.94,24.94,475,0
YBST.US,5,20251219,153500,25.005,25.005,24.95,24.95,495,0
YBST.US,5,20251219,154000,25.04,25.04,24.995,24.995,500,0
YBST.US,5,20251219,155000,25.0348,25.0775,25.0348,25.055,419,0
YBST.US,5,20251219,155500,25.068,25.12,25.068,25.12,651,0
YBST.US,5,20251219,160500,25.1,25.1,25.09,25.09,251,0
YBST.US,5,20251219,161000,25.089,25.089,25.089,25.089,251,0
YBST.US,5,20251219,161500,25.08,25.08,25.08,25.08,100,0
YBST.US,5,20251219,162500,25.08,25.09,25.07,25.07,400,0
YBST.US,5,20251219,165000,25.09,25.09,25.08,25.085,494,0
YBST.US,5,20251219,171500,25.1886,25.1886,25.1886,25.1886,196,0
YBST.US,5,20251219,173000,25.23,25.23,25.23,25.23,100,0
YBST.US,5,20251219,173500,25.22,25.23,25.22,25.23,200,0
YBST.US,5,20251219,175000,25.19,25.19,25.16,25.16,200,0
YBST.US,5,20251219,175500,25.14,25.14,25.14,25.14,200,0
YBST.US,5,20251219,180000,25.16,25.16,25.16,25.16,100,0
YBST.US,5,20251219,182000,25.2,25.23,25.2,25.23,355,0
YBST.US,5,20251219,182500,25.21,25.21,25.21,25.21,1000,0
YBST.US,5,20251219,183000,25.215,25.215,25.21,25.21,1200,0
YBST.US,5,20251219,184000,25.143,25.143,25.143,25.143,200,0
YBST.US,5,20251219,185000,25.2,25.23,25.1999,25.23,2000,0
YBST.US,5,20251219,185500,25.21,25.23,25.1899,25.19,12500,0
YBST.US,5,20251219,190000,25.19,25.19,25.1866,25.19,700,0
YBST.US,5,20251219,192000,25.2399,25.24,25.225,25.225,500,0
YBST.US,5,20251219,192500,25.24,25.24,25.206,25.206,500,0
YBST.US,5,20251219,193000,25.19,25.24,25.19,25.24,200,0
YBST.US,5,20251219,194000,25.2099,25.21,25.19,25.19,805,0
YBST.US,5,20251219,194500,25.2,25.2,25.1789,25.1789,996,0
YBST.US,5,20251219,195000,25.21,25.21,25.2099,25.2099,400,0
YBST.US,5,20251219,195500,25.22,25.25,25.1945,25.2099,7704,0
YBST.US,5,20251219,200000,25.23,25.23,25.23,25.23,100,0
YBST.US,5,20251219,201000,25.26,25.28,25.2599,25.2799,800,0
YBST.US,5,20251219,201500,25.28,25.28,25.2766,25.2766,600,0
YBST.US,5,20251219,202000,25.28,25.29,25.2799,25.2899,600,0
YBST.US,5,20251219,202500,25.29,25.29,25.29,25.29,100,0
YBST.US,5,20251219,203500,25.2999,25.31,25.2999,25.2999,900,0
YBST.US,5,20251219,204000,25.29,25.29,25.2899,25.2899,400,0
YBST.US,5,20251219,204500,25.2721,25.29,25.2721,25.29,200,0
YBST.US,5,20251219,205000,25.29,25.29,25.265,25.265,200,0
YBST.US,5,20251219,205500,25.2616,25.29,25.2616,25.29,200,0
YBST.US,5,20251219,210000,25.265,25.2684,25.265,25.2684,200,0
YBST.US,5,20251219,210500,25.289,25.289,25.2799,25.2799,500,0
YBST.US,5,20251219,211000,25.27,25.27,25.2699,25.2699,400,0
YBST.US,5,20251219,212000,25.2927,25.31,25.2927,25.3097,900,0
YBST.US,5,20251219,213000,25.31,25.32,25.31,25.32,300,0
YBST.US,5,20251219,214000,25.32,25.35,25.3199,25.3299,1600,0
YBST.US,5,20251219,214500,25.3313,25.34,25.3313,25.34,200,0
YBST.US,5,20251219,215500,25.36,25.36,25.35,25.35,400,0
YBST.US,5,20251222,153000,25.18,25.18,25.0688,25.0688,739,0
YBST.US,5,20251222,153500,25.0982,25.099,25.0982,25.099,1050,0
YBST.US,5,20251222,154500,25.159,25.17,25.159,25.1694,300,0
YBST.US,5,20251222,155500,25.1565,25.1565,25.15,25.15,200,0
YBST.US,5,20251222,160500,25.21,25.21,25.2099,25.2099,200,0
YBST.US,5,20251222,161500,25.2,25.22,25.165,25.21,2497,0
YBST.US,5,20251222,162500,25.19,25.2,25.19,25.1944,850,0
YBST.US,5,20251222,163000,25.19,25.19,25.19,25.19,118,0
YBST.US,5,20251222,163500,25.19,25.19,25.19,25.19,100,0
YBST.US,5,20251222,170000,25.14,25.1593,25.14,25.1593,500,0
YBST.US,5,20251222,173500,25.145,25.145,25.145,25.145,100,0
YBST.US,5,20251222,180500,25.14,25.14,25.14,25.14,100,0
YBST.US,5,20251222,185000,25.12,25.12,25.12,25.12,100,0
YBST.US,5,20251222,191500,25.0487,25.0487,25.0487,25.0487,1000,0
YBST.US,5,20251222,200000,25.056,25.089,25.056,25.089,800,0
YBST.US,5,20251222,201000,25.0352,25.0352,25.03,25.03,200,0
YBST.US,5,20251222,203500,25.09,25.09,25.085,25.085,200,0
YBST.US,5,20251222,210500,25.06,25.08,25.06,25.08,1000,0
YBST.US,5,20251222,214000,25.07,25.07,25.0695,25.0695,200,0
YBST.US,5,20251222,215000,25.0599,25.08,25.0599,25.06,1260,0
YBST.US,5,20251223,153000,24.905,24.905,24.8985,24.8985,400,0
YBST.US,5,20251223,153500,24.84,24.84,24.84,24.84,725,0
YBST.US,5,20251223,154000,24.8851,24.8851,24.75,24.75,639,0
YBST.US,5,20251223,155500,24.85,24.85,24.8495,24.8495,200,0
YBST.US,5,20251223,160500,24.7144,24.7144,24.7144,24.7144,160,0
YBST.US,5,20251223,163000,24.77,24.77,24.77,24.77,100,0
YBST.US,5,20251223,163500,24.84,24.85,24.8351,24.8351,400,0
YBST.US,5,20251223,164000,24.8727,24.8727,24.8727,24.8727,160,0
YBST.US,5,20251223,164500,24.8601,24.8601,24.8194,24.8194,1500,0
YBST.US,5,20251223,172500,24.8216,24.8216,24.73,24.8,3772,0
YBST.US,5,20251223,180500,24.91,24.95,24.9096,24.9096,704,0
YBST.US,5,20251223,182000,24.89,24.89,24.89,24.89,100,0
YBST.US,5,20251223,183500,24.88,24.88,24.8469,24.8469,300,0
YBST.US,5,20251223,184000,24.8312,24.8312,24.8312,24.8312,200,0
YBST.US,5,20251223,191000,24.82,24.82,24.8,24.8,200,0
YBST.US,5,20251223,191500,24.8299,24.8299,24.8299,24.8299,100,0
YBST.US,5,20251223,194000,24.81,24.81,24.81,24.81,100,0
YBST.US,5,20251223,205500,24.83,24.83,24.82,24.82,439,0
YBST.US,5,20251223,213000,24.825,24.825,24.825,24.825,100,0
YBST.US,5,20251223,214000,24.878,24.878,24.878,24.878,100,0
YBST.US,5,20251224,153000,24.86,24.86,24.8595,24.8595,303,0
YBST.US,5,20251224,153500,24.85,24.85,24.68,24.68,1552,0
YBST.US,5,20251224,154000,24.72,24.72,24.72,24.72,100,0
YBST.US,5,20251224,155000,24.6812,24.6812,24.6812,24.6812,100,0
YBST.US,5,20251224,155500,24.6999,24.6999,24.6999,24.6999,160,0
YBST.US,5,20251224,162000,24.72,24.72,24.69,24.69,412,0
YBST.US,5,20251224,163500,24.73,24.73,24.73,24.73,100,0
YBST.US,5,20251224,173000,24.74,24.76,24.74,24.76,200,0
YBST.US,5,20251224,174500,24.7616,24.7616,24.7616,24.7616,200,0
YBST.US,5,20251224,175500,24.77,24.78,24.77,24.78,300,0
YBST.US,5,20251224,180000,24.79,24.79,24.7899,24.7899,200,0
YBST.US,5,20251224,180500,24.82,24.855,24.82,24.85,3200,0
YBST.US,5,20251224,181000,24.85,24.85,24.85,24.85,2000,0
YBST.US,5,20251224,181500,24.86,24.86,24.8599,24.8599,2152,0
YBST.US,5,20251224,182500,24.86,24.86,24.86,24.86,100,0
YBST.US,5,20251224,183500,24.86,24.86,24.8566,24.8566,400,0
YBST.US,5,20251224,184000,24.87,24.87,24.86,24.865,1100,0
YBST.US,5,20251224,184500,24.9,24.9,24.9,24.9,400,0
YBST.US,5,20251224,190000,24.86,24.865,24.86,24.86,3300,0
YBST.US,5,20251226,153000,24.7,24.7022,24.61,24.7022,1200,0
YBST.US,5,20251226,154000,24.61,24.61,24.54,24.54,840,0
YBST.US,5,20251226,154500,24.555,24.564,24.555,24.564,400,0
YBST.US,5,20251226,155000,24.52,24.52,24.5199,24.5199,200,0
YBST.US,5,20251226,155500,24.52,24.53,24.52,24.52,12000,0
YBST.US,5,20251226,161000,24.434,24.45,24.414,24.4262,523,0
YBST.US,5,20251226,161500,24.48,24.48,24.4799,24.4799,200,0
YBST.US,5,20251226,162500,24.4899,24.52,24.4899,24.52,400,0
YBST.US,5,20251226,163000,24.53,24.5399,24.5284,24.5284,3660,0
YBST.US,5,20251226,163500,24.4901,24.4901,24.4901,24.4901,506,0
YBST.US,5,20251226,164500,24.51,24.545,24.51,24.5327,1313,0
YBST.US,5,20251226,165000,24.52,24.5399,24.52,24.5399,436,0
YBST.US,5,20251226,171500,24.5532,24.5532,24.5532,24.5532,500,0
YBST.US,5,20251226,172000,24.56,24.56,24.56,24.56,100,0
YBST.US,5,20251226,173000,24.5697,24.57,24.5697,24.57,342,0
YBST.US,5,20251226,173500,24.59,24.69,24.5899,24.5999,1613,0
YBST.US,5,20251226,174000,24.62,24.62,24.62,24.62,160,0
YBST.US,5,20251226,180000,24.615,24.615,24.615,24.615,100,0
YBST.US,5,20251226,180500,24.58,24.58,24.58,24.58,100,0
YBST.US,5,20251226,185000,24.7,24.7,24.5249,24.5249,8360,0
YBST.US,5,20251226,190500,24.62,24.66,24.62,24.66,200,0
YBST.US,5,20251226,191000,24.6232,24.63,24.6232,24.63,200,0
YBST.US,5,20251226,194000,24.62,24.62,24.62,24.62,203,0
YBST.US,5,20251226,200000,24.62,24.64,24.62,24.64,300,0
YBST.US,5,20251226,201000,24.6244,24.6244,24.6244,24.6244,100,0
YBST.US,5,20251226,202500,24.56,24.56,24.56,24.56,200,0
YBST.US,5,20251226,203000,24.56,24.56,24.56,24.56,100,0
YBST.US,5,20251226,203500,24.57,24.57,24.57,24.57,100,0
YBST.US,5,20251226,204000,24.57,24.57,24.55,24.55,225,0
YBST.US,5,20251226,204500,24.57,24.57,24.57,24.57,100,0
YBST.US,5,20251226,205000,24.57,24.57,24.57,24.57,200,0
YBST.US,5,20251226,210000,24.59,24.59,24.53,24.53,200,0
YBST.US,5,20251226,210500,24.475,24.52,24.475,24.52,283,0
YBST.US,5,20251226,211000,24.52,24.53,24.52,24.53,200,0
YBST.US,5,20251226,211500,24.52,24.52,24.52,24.52,350,0
YBST.US,5,20251226,212000,24.52,24.52,24.52,24.52,100,0
YBST.US,5,20251226,213000,24.54,24.55,24.5,24.55,300,0
YBST.US,5,20251226,213500,24.55,24.55,24.55,24.55,100,0
YBST.US,5,20251226,215500,24.52,24.52,24.52,24.52,100,0
YBST.US,5,20251229,153000,23.78,23.78,23.78,23.78,283,0
YBST.US,5,20251229,160500,23.81,23.81,23.81,23.81,100,0
YBST.US,5,20251229,161500,23.7705,23.7705,23.7705,23.7705,105,0
YBST.US,5,20251229,162000,23.785,23.785,23.75,23.7849,1330,0
YBST.US,5,20251229,164000,23.7864,23.7864,23.7864,23.7864,160,0
YBST.US,5,20251229,164500,23.8,23.8,23.8,23.8,100,0
YBST.US,5,20251229,170500,23.8,23.8,23.7999,23.7999,200,0
YBST.US,5,20251229,171000,23.78,23.78,23.78,23.78,100,0
YBST.US,5,20251229,172500,23.79,23.79,23.79,23.79,100,0
YBST.US,5,20251229,173500,23.81,23.81,23.81,23.81,100,0
YBST.US,5,20251229,174500,23.79,23.79,23.79,23.79,100,0
YBST.US,5,20251229,175500,23.835,23.835,23.835,23.835,100,0
YBST.US,5,20251229,180500,23.78,23.78,23.78,23.78,100,0
YBST.US,5,20251229,181000,23.77,23.78,23.77,23.7777,600,0
YBST.US,5,20251229,184500,23.75,23.75,23.75,23.75,100,0
YBST.US,5,20251229,185500,23.77,23.77,23.77,23.77,100,0
YBST.US,5,20251229,190500,23.76,23.76,23.76,23.76,100,0
YBST.US,5,20251229,194000,23.75,23.76,23.75,23.76,200,0
YBST.US,5,20251229,195000,23.73,23.73,23.73,23.73,100,0
YBST.US,5,20251229,200000,23.72,23.72,23.72,23.72,100,0
YBST.US,5,20251229,200500,23.72,23.82,23.72,23.74,1824,0
YBST.US,5,20251229,201000,23.73,23.765,23.73,23.73,300,0
YBST.US,5,20251229,202500,23.74,23.74,23.74,23.74,100,0
YBST.US,5,20251229,203500,23.75,23.75,23.75,23.75,100,0
YBST.US,5,20251229,204500,23.74,23.74,23.74,23.74,100,0
YBST.US,5,20251229,205500,23.79,23.79,23.79,23.79,100,0
YBST.US,5,20251229,211000,23.79,23.79,23.79,23.79,100,0
YBST.US,5,20251229,211500,23.81,23.81,23.81,23.81,100,0
YBST.US,5,20251229,212000,23.845,23.845,23.845,23.845,100,0
YBST.US,5,20251229,212500,23.8,23.8,23.8,23.8,100,0
YBST.US,5,20251229,213500,23.78,23.78,23.78,23.78,100,0
YBST.US,5,20251229,214000,23.77,23.77,23.77,23.77,100,0
YBST.US,5,20251230,153500,23.544,23.544,23.5,23.5001,6194,0
YBST.US,5,20251230,154000,23.49,23.4901,23.47,23.4901,1298,0
YBST.US,5,20251230,154500,23.5,23.5,23.5,23.5,100,0
YBST.US,5,20251230,155000,23.56,23.56,23.56,23.56,100,0
YBST.US,5,20251230,155500,23.6468,23.6468,23.6468,23.6468,260,0
YBST.US,5,20251230,160500,23.53,23.5525,23.53,23.5525,200,0
YBST.US,5,20251230,161000,23.53,23.5301,23.51,23.5301,2554,0
YBST.US,5,20251230,161500,23.56,23.56,23.56,23.56,100,0
YBST.US,5,20251230,163000,23.57,23.5902,23.56,23.56,300,0
YBST.US,5,20251230,163500,23.59,23.5901,23.57,23.57,800,0
YBST.US,5,20251230,164000,23.59,23.65,23.59,23.65,200,0
YBST.US,5,20251230,165500,23.65,23.65,23.65,23.65,100,0
YBST.US,5,20251230,170500,23.65,23.65,23.64,23.64,400,0
YBST.US,5,20251230,171000,23.66,23.66,23.66,23.66,100,0
YBST.US,5,20251230,172000,23.71,23.71,23.68,23.7,831,0
YBST.US,5,20251230,172500,23.69,23.69,23.68,23.69,800,0
YBST.US,5,20251230,173000,23.7,23.7597,23.7,23.7597,300,0
YBST.US,5,20251230,173500,23.7,23.7,23.7,23.7,100,0
YBST.US,5,20251230,174000,23.65,23.65,23.65,23.65,100,0
YBST.US,5,20251230,175500,23.66,23.66,23.66,23.66,100,0
YBST.US,5,20251230,184500,23.6455,23.6455,23.6455,23.6455,150,0
YBST.US,5,20251230,195500,23.64,23.65,23.615,23.65,460,0
YBST.US,5,20251230,205000,23.608,23.608,23.58,23.5801,411,0
YBST.US,5,20251230,211500,23.54,23.5893,23.54,23.5893,218,0
YBST.US,5,20251230,215500,23.53,23.53,23.53,23.53,100,0
YBST.US,5,20251231,153000,23.45,23.474,23.45,23.474,232,0
YBST.US,5,20251231,155500,23.47,23.47,23.47,23.47,250,0
YBST.US,5,20251231,160500,23.37,23.37,23.37,23.37,100,0
YBST.US,5,20251231,161500,23.3872,23.3872,23.32,23.36,11184,0
YBST.US,5,20251231,162000,23.357,23.365,23.357,23.365,372,0
YBST.US,5,20251231,163000,23.4,23.4,23.4,23.4,100,0
YBST.US,5,20251231,164000,23.37,23.3938,23.37,23.3938,200,0
YBST.US,5,20251231,164500,23.38,23.38,23.38,23.38,100,0
YBST.US,5,20251231,170500,23.375,23.375,23.375,23.375,100,0
YBST.US,5,20251231,171000,23.3973,23.3973,23.3973,23.3973,100,0
YBST.US,5,20251231,172500,23.42,23.42,23.4096,23.4096,200,0
YBST.US,5,20251231,173500,23.4175,23.4175,23.395,23.395,200,0
YBST.US,5,20251231,180000,23.4391,23.4391,23.3957,23.3957,310,0
YBST.US,5,20251231,181000,23.35,23.4,23.29,23.3,8686,0
YBST.US,5,20251231,181500,23.4,23.4,23.39,23.39,1300,0
YBST.US,5,20251231,182000,23.35,23.35,23.35,23.35,5984,0
YBST.US,5,20251231,191500,23.42,23.42,23.42,23.42,100,0
YBST.US,5,20251231,203000,23.3,23.3,23.3,23.3,100,0
YBST.US,5,20251231,204500,23.265,23.265,23.265,23.265,123,0
YBST.US,5,20251231,212500,23.18,23.18,23.18,23.18,100,0
YBST.US,5,20260102,154000,23.3444,23.41,23.3444,23.41,760,0
YBST.US,5,20260102,154500,23.37,23.371,23.34,23.34,4019,0
YBST.US,5,20260102,155000,23.4801,23.49,23.4,23.49,3094,0
YBST.US,5,20260102,155500,23.46,23.46,23.44,23.44,500,0
YBST.US,5,20260102,160000,23.47,23.47,23.44,23.44,1116,0
YBST.US,5,20260102,160500,23.51,23.51,23.475,23.475,308,0
YBST.US,5,20260102,161000,23.439,23.439,23.4265,23.4265,2050,0
YBST.US,5,20260102,162000,23.3467,23.3467,23.3467,23.3467,150,0
YBST.US,5,20260102,163500,23.565,23.565,23.565,23.565,100,0
YBST.US,5,20260102,170500,23.3822,23.3822,23.3822,23.3822,500,0
YBST.US,5,20260102,171500,23.4795,23.4795,23.4795,23.4795,423,0
YBST.US,5,20260102,172000,23.57,23.57,23.57,23.57,100,0
YBST.US,5,20260102,175500,23.5299,23.5299,23.5299,23.5299,140,0
YBST.US,5,20260102,181500,23.65,23.68,23.625,23.65,1730,0
YBST.US,5,20260102,183000,23.7,23.79,23.6999,23.79,700,0
YBST.US,5,20260102,184000,23.6171,23.6171,23.6171,23.6171,184,0
YBST.US,5,20260102,185500,23.65,23.65,23.65,23.65,200,0
YBST.US,5,20260102,190500,23.6012,23.6012,23.6012,23.6012,195,0
YBST.US,5,20260102,194500,23.5364,23.5364,23.5364,23.5364,233,0
YBST.US,5,20260102,210000,23.74,23.74,23.7,23.7,200,0
YBST.US,5,20260102,212000,23.7,23.7,23.7,23.7,200,0
YBST.US,5,20260105,153000,24.02,24.02,24.02,24.02,256,0
YBST.US,5,20260105,153500,23.6,23.6,23.6,23.6,160,0
YBST.US,5,20260105,154000,23.649,23.649,23.649,23.649,174,0
YBST.US,5,20260105,160500,23.6499,23.6499,23.6499,23.6499,500,0
YBST.US,5,20260105,181500,23.75,23.75,23.7194,23.7194,410,0
YBST.US,5,20260105,182500,23.74,23.74,23.7399,23.7399,400,0
YBST.US,5,20260105,191500,23.67,23.67,23.67,23.67,250,0
YBST.US,5,20260105,201500,23.6897,23.6897,23.6897,23.6897,295,0
YBST.US,5,20260106,153000,23.7087,23.7087,23.7087,23.7087,155,0
YBST.US,5,20260106,154000,23.7,23.7,23.7,23.7,100,0
YBST.US,5,20260106,154500,23.7099,23.7099,23.7,23.7,990,0
YBST.US,5,20260106,155500,23.66,23.66,23.66,23.66,100,0
YBST.US,5,20260106,161000,23.66,23.66,23.66,23.66,100,0
YBST.US,5,20260106,161500,23.6599,23.6599,23.6599,23.6599,250,0
YBST.US,5,20260106,163500,23.659,23.66,23.659,23.66,500,0
YBST.US,5,20260106,164000,23.65,23.65,23.65,23.65,357,0
YBST.US,5,20260106,165000,23.6,23.6,23.6,23.6,500,0
YBST.US,5,20260106,165500,23.55,23.55,23.53,23.54,600,0
YBST.US,5,20260106,173500,23.54,23.54,23.54,23.54,500,0
YBST.US,5,20260106,174500,23.5099,23.5099,23.5099,23.5099,500,0
YBST.US,5,20260106,180000,23.445,23.445,23.445,23.445,219,0
YBST.US,5,20260106,182500,23.455,23.455,23.453,23.453,360,0
YBST.US,5,20260106,190000,23.43,23.43,23.43,23.43,100,0
YBST.US,5,20260106,203500,23.45,23.45,23.45,23.45,200,0
YBST.US,5,20260106,204000,23.4501,23.4501,23.4501,23.4501,200,0
YBST.US,5,20260106,210000,23.4703,23.4703,23.4703,23.4703,103,0
YBST.US,5,20260107,153000,23.55,23.55,23.455,23.455,260,0
YBST.US,5,20260107,154000,23.535,23.535,23.535,23.535,848,0
YBST.US,5,20260107,154500,23.4924,23.4924,23.4924,23.4924,157,0
YBST.US,5,20260107,162500,23.49,23.49,23.49,23.49,100,0
YBST.US,5,20260107,164000,23.52,23.52,23.52,23.52,100,0
YBST.US,5,20260107,164500,23.54,23.54,23.54,23.54,100,0
YBST.US,5,20260107,170500,23.5799,23.5799,23.5799,23.5799,200,0
YBST.US,5,20260107,193500,23.58,23.58,23.58,23.58,100,0
YBST.US,5,20260107,195000,23.596,23.596,23.5548,23.5548,300,0
YBST.US,5,20260107,200000,23.56,23.56,23.53,23.53,200,0
YBST.US,5,20260107,200500,23.524,23.524,23.524,23.524,149,0
YBST.US,5,20260107,201500,23.51,23.52,23.51,23.52,200,0
YBST.US,5,20260107,210500,23.5582,23.5582,23.5582,23.5582,510,0
YBST.US,5,20260107,212000,23.56,23.56,23.56,23.56,100,0
YBST.US,5,20260107,214000,23.5,23.5,23.5,23.5,200,0
YBST.US,5,20260107,215500,23.5,23.5,23.5,23.5,100,0
YBST.US,5,20260108,163000,23.55,23.55,23.5499,23.5499,400,0
YBST.US,5,20260108,175500,23.484,23.484,23.484,23.484,500,0
YBST.US,5,20260108,184000,23.52,23.52,23.52,23.52,100,0
YBST.US,5,20260108,191000,23.5213,23.5213,23.51,23.51,200,0
YBST.US,5,20260108,201500,23.47,23.475,23.47,23.475,200,0
YBST.US,5,20260108,214500,23.47,23.47,23.47,23.47,100,0
