<TICKER>,<PER>,<DATE>,<TIME>,<OPEN>,<HIGH>,<LOW>,<CLOSE>,<VOL>,<OPENINT>
YI.US,5,20250813,153000,6.63,6.63,6.62,6.62,333,0
YI.US,5,20250813,154000,6.6586,6.6586,6.62,6.62,496,0
YI.US,5,20250813,154500,6.6586,6.6586,6.62,6.62,226,0
YI.US,5,20250813,155500,6.51,6.555,6.41,6.5376,6887,0
YI.US,5,20250813,160500,6.4101,6.459,6.41,6.459,2399,0
YI.US,5,20250813,162000,6.4602,6.4602,6.46,6.46,200,0
YI.US,5,20250813,164000,6.3,6.3,6.3,6.3,100,0
YI.US,5,20250813,164500,6.3188,6.3188,6.3188,6.3188,149,0
YI.US,5,20250813,170000,6.2801,6.35,6.28,6.28,1500,0
YI.US,5,20250813,171000,6.3,6.3,6.3,6.3,100,0
YI.US,5,20250813,175500,6.3963,6.3963,6.3963,6.3963,122,0
YI.US,5,20250813,192000,6.4,6.465,6.4,6.4488,912,0
YI.US,5,20250813,195000,6.465,6.465,6.3301,6.3301,600,0
YI.US,5,20250813,201500,6.35,6.36,6.3,6.33,2463,0
YI.US,5,20250813,202000,6.3,6.435,6.3,6.435,2100,0
YI.US,5,20250813,205000,6.55,6.55,6.55,6.55,100,0
YI.US,5,20250813,205500,6.55,6.55,6.55,6.55,250,0
YI.US,5,20250813,210000,6.55,6.55,6.55,6.55,288,0
YI.US,5,20250813,211500,6.48,6.48,6.435,6.435,549,0
YI.US,5,20250813,212500,6.3,6.3,6.3,6.3,200,0
YI.US,5,20250813,213500,6.3,6.3,6.3,6.3,350,0
YI.US,5,20250813,214500,6.435,6.435,6.33,6.33,824,0
YI.US,5,20250813,215500,6.33,6.3925,6.23,6.3,1167,0
YI.US,5,20250814,153000,6.34,6.34,6.2334,6.2334,344,0
YI.US,5,20250814,164500,6.608,6.608,6.608,6.608,400,0
YI.US,5,20250814,165000,6.3501,6.3501,6.301,6.301,500,0
YI.US,5,20250814,165500,6.608,6.608,6.3,6.3,820,0
YI.US,5,20250814,170000,6.31,6.65,6.3,6.3002,1600,0
YI.US,5,20250814,170500,6.3135,6.3135,6.3135,6.3135,490,0
YI.US,5,20250814,172000,6.35,6.35,6.35,6.35,225,0
YI.US,5,20250814,172500,6.475,6.475,6.425,6.425,600,0
YI.US,5,20250814,174000,6.425,6.425,6.35,6.4047,3244,0
YI.US,5,20250814,175000,6.385,6.385,6.3001,6.38,1200,0
YI.US,5,20250814,175500,6.38,6.45,6.38,6.45,1851,0
YI.US,5,20250814,181000,6.38,6.45,6.38,6.45,1963,0
YI.US,5,20250814,184000,6.45,6.45,6.45,6.45,200,0
YI.US,5,20250814,191000,6.44,6.53,6.44,6.53,2607,0
YI.US,5,20250814,200500,6.5,6.5,6.41,6.45,2996,0
YI.US,5,20250814,215500,6.5679,6.5798,6.55,6.5699,1299,0
YI.US,5,20250815,160500,6.525,6.525,6.525,6.525,100,0
YI.US,5,20250815,161000,6.54,6.54,6.54,6.54,100,0
YI.US,5,20250815,162500,6.5394,6.5394,6.5394,6.5394,100,0
YI.US,5,20250815,163000,6.5349,6.5349,6.5349,6.5349,162,0
YI.US,5,20250815,170000,6.54,6.54,6.54,6.54,100,0
YI.US,5,20250815,180000,6.55,6.55,6.55,6.55,300,0
YI.US,5,20250815,185500,6.55,6.59,6.505,6.59,6099,0
YI.US,5,20250815,190000,6.535,6.535,6.535,6.535,100,0
YI.US,5,20250815,190500,6.54,6.54,6.54,6.54,300,0
YI.US,5,20250815,193000,6.505,6.53,6.47,6.475,11861,0
YI.US,5,20250815,193500,6.475,6.475,6.475,6.475,200,0
YI.US,5,20250815,194000,6.49,6.49,6.49,6.49,200,0
YI.US,5,20250815,201000,6.475,6.5,6.475,6.475,3250,0
YI.US,5,20250815,203500,6.59,6.59,6.59,6.59,200,0
YI.US,5,20250815,204500,6.55,6.55,6.501,6.501,985,0
YI.US,5,20250815,210000,6.6,6.6,6.6,6.6,100,0
YI.US,5,20250815,211000,6.6,6.6,6.6,6.6,5518,0
YI.US,5,20250815,215000,6.71,6.71,6.71,6.71,100,0
YI.US,5,20250815,215500,6.763,6.763,6.74,6.75,980,0
YI.US,5,20250818,153000,6.75,6.75,6.75,6.75,163,0
YI.US,5,20250818,165500,6.4381,6.4381,6.4381,6.4381,615,0
YI.US,5,20250818,172000,6.64,6.64,6.64,6.64,200,0
YI.US,5,20250818,172500,6.6224,6.6224,6.6224,6.6224,150,0
YI.US,5,20250818,173000,6.6041,6.6041,6.6041,6.6041,150,0
YI.US,5,20250818,180500,6.7355,6.7355,6.687,6.687,750,0
YI.US,5,20250818,185500,6.72,6.75,6.72,6.75,2075,0
YI.US,5,20250818,191000,6.7318,6.7633,6.7318,6.7633,200,0
YI.US,5,20250818,195000,6.885,6.885,6.885,6.885,100,0
YI.US,5,20250818,204000,6.95,6.95,6.95,6.95,100,0
YI.US,5,20250818,204500,6.98,7,6.98,7,1550,0
YI.US,5,20250818,215500,7.14,7.15,7.14,7.15,300,0
YI.US,5,20250819,173000,6.955,6.955,6.955,6.955,200,0
YI.US,5,20250819,173500,6.9,6.9,6.9,6.9,180,0
YI.US,5,20250819,182500,7.02,7.02,7.02,7.02,449,0
YI.US,5,20250819,183000,7.05,7.05,7.05,7.05,500,0
YI.US,5,20250819,183500,7.05,7.1,7.05,7.1,885,0
YI.US,5,20250819,184000,7.145,7.17,7.145,7.15,1069,0
YI.US,5,20250819,184500,7.145,7.1686,7.145,7.1686,200,0
YI.US,5,20250819,185000,7.14,7.14,7.14,7.14,100,0
YI.US,5,20250819,190000,7.14,7.169,7.11,7.11,700,0
YI.US,5,20250819,190500,7.135,7.135,7.135,7.135,200,0
YI.US,5,20250819,191500,7.1,7.1,7.1,7.1,300,0
YI.US,5,20250819,193500,7.135,7.135,7.135,7.135,200,0
YI.US,5,20250819,200000,7.107,7.107,7.107,7.107,100,0
YI.US,5,20250819,201500,7.1,7.1,7.1,7.1,400,0
YI.US,5,20250819,204500,7.08,7.11,7.05,7.085,800,0
YI.US,5,20250819,205000,7.09,7.09,7.085,7.085,1200,0
YI.US,5,20250819,212000,7.1007,7.1007,7.1007,7.1007,690,0
YI.US,5,20250819,212500,7.1,7.15,7.1,7.15,329,0
YI.US,5,20250819,213000,7.1,7.15,7.085,7.085,823,0
YI.US,5,20250819,214000,7,7,7,7,100,0
YI.US,5,20250819,215000,7.15,7.15,7.15,7.15,150,0
YI.US,5,20250819,215500,7.17,7.17,7,7,541,0
YI.US,5,20250820,155000,6.925,6.925,6.925,6.925,100,0
YI.US,5,20250820,161000,6.92,6.92,6.92,6.92,100,0
YI.US,5,20250820,162000,7,7,7,7,243,0
YI.US,5,20250820,172500,6.9,6.9,6.9,6.9,100,0
YI.US,5,20250820,182000,7.1,7.17,7.09,7.17,2900,0
YI.US,5,20250820,193000,7.1037,7.21,7.1037,7.21,2244,0
YI.US,5,20250820,194000,7.1,7.21,7.1,7.21,2300,0
YI.US,5,20250820,194500,7.125,7.22,7.1,7.125,2300,0
YI.US,5,20250820,195000,7.115,7.12,7.115,7.12,400,0
YI.US,5,20250820,201500,7.085,7.085,7.085,7.085,100,0
YI.US,5,20250820,202000,7.085,7.11,7.085,7.11,200,0
YI.US,5,20250820,202500,7.11,7.12,7.11,7.12,2228,0
YI.US,5,20250820,205000,7.2,7.23,7.2,7.23,2400,0
YI.US,5,20250820,210000,7.34,7.34,7.33,7.33,300,0
YI.US,5,20250820,211000,7.34,7.4674,7.34,7.4,3000,0
YI.US,5,20250820,211500,7.31,7.31,7.3,7.3,300,0
YI.US,5,20250820,215000,7.35,7.35,7.34,7.34,200,0
YI.US,5,20250820,215500,7.33,7.34,7.33,7.34,200,0
YI.US,5,20250821,170500,7.1324,7.44,7.1324,7.44,6984,0
YI.US,5,20250821,182000,7.25,7.25,7.25,7.25,1000,0
YI.US,5,20250821,183000,7.13,7.1301,7.1,7.1101,4992,0
YI.US,5,20250821,184000,7.0216,7.0216,7.0216,7.0216,1000,0
YI.US,5,20250821,190000,7.02,7.05,7,7.05,2159,0
YI.US,5,20250821,204000,7.125,7.125,7.125,7.125,200,0
YI.US,5,20250822,181500,7.115,7.115,7.115,7.115,160,0
YI.US,5,20250822,184000,6.88,6.88,6.83,6.84,1582,0
YI.US,5,20250822,192000,6.94,6.94,6.6,6.6,5772,0
YI.US,5,20250822,211500,6.975,6.975,6.975,6.975,150,0
YI.US,5,20250825,153000,6.8,6.8,6.8,6.8,512,0
YI.US,5,20250825,153500,6.87,6.87,6.87,6.87,100,0
YI.US,5,20250825,154000,7,7,7,7,100,0
YI.US,5,20250825,155500,6.93,6.93,6.93,6.93,100,0
YI.US,5,20250825,161000,6.81,6.81,6.81,6.81,200,0
YI.US,5,20250825,162500,6.8424,6.8424,6.82,6.82,464,0
YI.US,5,20250825,170500,6.9,6.9,6.9,6.9,118,0
YI.US,5,20250825,214500,7,7,7,7,149,0
YI.US,5,20250825,215500,7.08,7.08,7.08,7.08,200,0
YI.US,5,20250826,170000,6.9016,6.9016,6.9016,6.9016,996,0
YI.US,5,20250826,173000,6.88,6.89,6.88,6.88,3671,0
YI.US,5,20250826,181000,6.7,6.7,6.7,6.7,400,0
YI.US,5,20250826,215500,7,7,7,7,112,0
YI.US,5,20250828,212000,6.76,6.76,6.76,6.76,167,0
YI.US,5,20250828,215500,7.07,7.07,7.07,7.07,120,0
YI.US,5,20250829,153000,6.9,6.9,6.9,6.9,551,0
YI.US,5,20250829,155000,6.7471,6.7471,6.7471,6.7471,1000,0
YI.US,5,20250829,155500,6.7101,6.7101,6.66,6.7002,5949,0
YI.US,5,20250829,161000,6.87,6.87,6.67,6.67,778,0
YI.US,5,20250829,161500,6.6,6.6,6.24,6.24,1768,0
YI.US,5,20250829,163500,6.3044,6.3044,6.3044,6.3044,290,0
YI.US,5,20250829,164000,6.4975,6.4975,6.4975,6.4975,1000,0
YI.US,5,20250829,165500,6.556,6.556,6.4,6.556,1326,0
YI.US,5,20250829,170000,6.25,6.25,6.21,6.21,1600,0
YI.US,5,20250829,170500,6.21,6.21,6.21,6.21,300,0
YI.US,5,20250829,171000,6.2,6.2,6.1,6.1,704,0
YI.US,5,20250829,171500,6.11,6.11,6.11,6.11,499,0
YI.US,5,20250829,172500,6.11,6.11,6.11,6.11,181,0
YI.US,5,20250829,183500,6.6,6.6,6.6,6.6,350,0
YI.US,5,20250829,184500,6.552,6.89,6.552,6.89,2168,0
YI.US,5,20250829,190500,6.6,6.6,6.3,6.519,15000,0
YI.US,5,20250829,191500,6.3562,6.3562,6.3562,6.3562,300,0
YI.US,5,20250829,201000,6.15,6.15,6.15,6.15,100,0
YI.US,5,20250829,202000,6.15,6.15,6.15,6.15,1500,0
YI.US,5,20250829,210500,6.436,6.436,6.1001,6.1001,1500,0
YI.US,5,20250829,214000,6.1,6.11,6.1,6.1,800,0
YI.US,5,20250829,215000,6.1125,6.59,6.1125,6.58,3317,0
YI.US,5,20250829,215500,6.59,6.59,6.42,6.43,800,0
YI.US,5,20250902,153000,6.2,6.2,6.2,6.2,503,0
YI.US,5,20250902,153500,6.84,6.88,6.81,6.88,2198,0
YI.US,5,20250902,154000,6.5,6.5,6.5,6.5,450,0
YI.US,5,20250902,160000,6.5,6.5,6.49,6.49,1716,0
YI.US,5,20250902,162500,6.5,6.5,6.5,6.5,2180,0
YI.US,5,20250902,163500,6.5436,6.5436,6.5436,6.5436,500,0
YI.US,5,20250902,171000,6.5533,6.5533,6.55,6.55,700,0
YI.US,5,20250902,171500,6.5436,6.5436,6.5,6.5,1291,0
YI.US,5,20250902,172000,6.6387,6.6387,6.5,6.5,2509,0
YI.US,5,20250902,174000,6.3001,6.3151,6.22,6.3,2437,0
YI.US,5,20250902,175000,6.49,6.49,6.2,6.4117,8935,0
YI.US,5,20250902,180500,6.265,6.2651,6.25,6.25,1513,0
YI.US,5,20250902,184000,6.23,6.24,6.2004,6.2004,2857,0
YI.US,5,20250902,184500,6.25,6.25,6.25,6.25,199,0
YI.US,5,20250902,185500,6.21,6.21,6.2,6.2,3934,0
YI.US,5,20250902,190500,6.15,6.15,6.15,6.15,100,0
YI.US,5,20250902,192000,6.2,6.2,6.2,6.2,279,0
YI.US,5,20250902,194000,6.2,6.2001,6.15,6.15,800,0
YI.US,5,20250902,194500,6.15,6.15,6.15,6.15,1800,0
YI.US,5,20250902,201000,6.3856,6.3856,6.3856,6.3856,400,0
YI.US,5,20250902,203500,6.21,6.21,6.21,6.21,100,0
YI.US,5,20250902,205500,6.2553,6.2553,6.2553,6.2553,488,0
YI.US,5,20250902,210000,6.277,6.4726,6.26,6.4726,1500,0
YI.US,5,20250902,211000,6.26,6.26,6.26,6.26,100,0
YI.US,5,20250902,211500,6.4784,6.4784,6.4784,6.4784,1000,0
YI.US,5,20250902,213500,6.26,6.515,6.26,6.515,2000,0
YI.US,5,20250902,214500,6.25,6.25,6.15,6.15,317,0
YI.US,5,20250903,153000,6.35,6.6,6.35,6.6,424,0
YI.US,5,20250903,153500,6.5726,6.5726,6.35,6.35,2462,0
YI.US,5,20250903,155000,6.1,6.1001,6.1,6.1001,300,0
YI.US,5,20250903,161000,6.1702,6.1702,6.13,6.13,580,0
YI.US,5,20250903,162000,6.4276,6.4276,6.4276,6.4276,589,0
YI.US,5,20250903,181500,6.474,6.474,6.3546,6.3546,1000,0
YI.US,5,20250903,182000,6.1,6.18,6.1,6.18,451,0
YI.US,5,20250903,182500,6.49,6.49,6.4276,6.4276,1150,0
YI.US,5,20250903,184500,6.135,6.14,6.1,6.1,860,0
YI.US,5,20250903,190500,6.26,6.26,6.26,6.26,544,0
YI.US,5,20250903,191000,6.2344,6.2344,6.2344,6.2344,500,0
YI.US,5,20250903,192000,6.26,6.26,6.1,6.2168,500,0
YI.US,5,20250903,202000,6.1,6.1001,6.1,6.1001,200,0
YI.US,5,20250903,202500,6.08,6.08,6.08,6.08,100,0
YI.US,5,20250903,203500,6.0901,6.1338,6.07,6.1338,2231,0
YI.US,5,20250903,211500,6.2,6.2,6.2,6.2,112,0
YI.US,5,20250903,213500,6.2,6.2,6.02,6.02,2535,0
YI.US,5,20250903,214500,5.95,5.95,5.95,5.95,100,0
YI.US,5,20250903,215500,5.91,6.05,5.91,6.025,1219,0
YI.US,5,20250904,155000,6,6,6,6,100,0
YI.US,5,20250904,155500,5.91,5.91,5.91,5.91,100,0
YI.US,5,20250904,172000,5.91,5.955,5.91,5.955,600,0
YI.US,5,20250904,172500,5.9,5.9001,5.9,5.9001,21599,0
YI.US,5,20250904,180500,5.9,5.9,5.9,5.9,200,0
YI.US,5,20250904,181000,5.87,5.87,5.77,5.77,309,0
YI.US,5,20250904,183500,5.7701,5.7701,5.77,5.77,546,0
YI.US,5,20250904,200500,5.78,5.7801,5.78,5.7801,400,0
YI.US,5,20250904,203000,5.756,5.756,5.756,5.756,227,0
YI.US,5,20250904,203500,6.05,6.05,5.7,5.7,1600,0
YI.US,5,20250904,205500,5.886,5.886,5.51,5.5102,3384,0
YI.US,5,20250904,211500,5.61,5.61,5.61,5.61,299,0
YI.US,5,20250904,212000,5.6101,5.6101,5.51,5.61,678,0
YI.US,5,20250904,212500,5.52,5.52,5.52,5.52,100,0
YI.US,5,20250904,213000,5.53,5.53,5.53,5.53,500,0
YI.US,5,20250904,213500,5.5783,5.5783,5.5783,5.5783,100,0
YI.US,5,20250904,214000,5.35,5.3501,5.35,5.35,490,0
YI.US,5,20250904,215000,5.5,5.5,5.42,5.42,820,0
YI.US,5,20250904,215500,5.45,5.51,5.45,5.51,400,0
YI.US,5,20250905,153000,5.51,5.51,5.51,5.51,560,0
YI.US,5,20250905,153500,5.51,5.51,5.51,5.51,298,0
YI.US,5,20250905,154000,5.79,5.79,5.79,5.79,2086,0
YI.US,5,20250905,160000,5.75,5.75,5.7,5.7,260,0
YI.US,5,20250905,160500,5.6203,5.6203,5.6203,5.6203,2198,0
YI.US,5,20250905,161500,5.51,5.51,5.51,5.51,200,0
YI.US,5,20250905,163000,5.52,5.5259,5.52,5.5259,200,0
YI.US,5,20250905,163500,5.62,5.62,5.5221,5.5354,500,0
YI.US,5,20250905,164500,5.51,5.54,5.51,5.51,1471,0
YI.US,5,20250905,165000,5.522,5.522,5.522,5.522,100,0
YI.US,5,20250905,170500,5.6486,5.6486,5.6486,5.6486,200,0
YI.US,5,20250905,175500,5.58,5.58,5.56,5.56,300,0
YI.US,5,20250905,180000,5.6,5.6,5.57,5.57,1000,0
YI.US,5,20250905,180500,5.56,5.56,5.56,5.56,100,0
YI.US,5,20250905,184500,5.6235,5.65,5.6235,5.65,7403,0
YI.US,5,20250905,191000,5.84,5.84,5.83,5.83,250,0
YI.US,5,20250905,191500,5.83,5.83,5.815,5.815,250,0
YI.US,5,20250905,192000,5.81,5.81,5.81,5.81,282,0
YI.US,5,20250905,192500,5.81,5.81,5.81,5.81,132,0
YI.US,5,20250905,194500,5.84,5.84,5.84,5.84,400,0
YI.US,5,20250905,195000,5.83,5.83,5.83,5.83,350,0
YI.US,5,20250905,212500,5.7604,5.77,5.7604,5.77,1000,0
YI.US,5,20250905,215500,5.77,5.77,5.705,5.705,2730,0
YI.US,5,20250908,153000,5.65,5.65,5.55,5.55,525,0
YI.US,5,20250908,153500,5.65,5.65,5.65,5.65,500,0
YI.US,5,20250908,155500,5.66,5.66,5.66,5.66,1113,0
YI.US,5,20250908,200500,5.82,5.82,5.82,5.82,701,0
YI.US,5,20250908,210500,5.82,5.82,5.82,5.82,148,0
YI.US,5,20250908,215000,5.75,5.75,5.75,5.75,512,0
YI.US,5,20250909,153000,5.6,5.6,5.6,5.6,104,0
YI.US,5,20250909,164000,5.8,5.9199,5.8,5.81,1612,0
YI.US,5,20250909,173500,5.87,5.87,5.87,5.87,195,0
YI.US,5,20250909,191000,5.92,5.92,5.92,5.92,100,0
YI.US,5,20250910,154500,6.135,6.135,6.135,6.135,1000,0
YI.US,5,20250910,155000,5.88,5.88,5.88,5.88,100,0
YI.US,5,20250910,161500,5.99,5.99,5.99,5.99,132,0
YI.US,5,20250910,164000,5.88,5.88,5.88,5.88,100,0
YI.US,5,20250910,170000,6.0112,6.0112,5.88,5.88,200,0
YI.US,5,20250910,180500,6.0079,6.0079,6.0079,6.0079,100,0
YI.US,5,20250910,183000,6,6,5.88,5.88,200,0
YI.US,5,20250910,195000,5.9,5.9,5.9,5.9,100,0
YI.US,5,20250910,195500,5.89,5.89,5.88,5.88,7568,0
YI.US,5,20250910,200000,6.005,6.005,6.005,6.005,300,0
YI.US,5,20250910,201000,5.88,5.88,5.88,5.88,100,0
YI.US,5,20250910,202500,5.89,5.89,5.89,5.89,200,0
YI.US,5,20250910,204000,5.9092,5.9092,5.88,5.88,300,0
YI.US,5,20250910,205000,5.88,5.88,5.88,5.88,100,0
YI.US,5,20250910,215500,6.05,6.05,5.965,6.0364,400,0
YI.US,5,20250911,154500,5.88,5.88,5.88,5.88,240,0
YI.US,5,20250911,160500,6.47,6.47,6.05,6.12,420,0
YI.US,5,20250911,161500,6.03,6.03,5.89,5.89,2801,0
YI.US,5,20250911,162000,6.11,6.63,5.9,5.9,1275,0
YI.US,5,20250911,162500,6.05,6.05,6,6,1150,0
YI.US,5,20250911,172000,6.04,6.04,5.5101,5.5101,3015,0
YI.US,5,20250911,183500,5.83,5.83,5.83,5.83,100,0
YI.US,5,20250911,184000,5.8,5.8,5.8,5.8,100,0
YI.US,5,20250911,185000,5.83,5.83,5.8,5.8,1000,0
YI.US,5,20250911,191000,5.8,5.8,5.8,5.8,200,0
YI.US,5,20250911,201500,5.66,5.73,5.66,5.73,1000,0
YI.US,5,20250911,205000,5.7,5.7,5.7,5.7,200,0
YI.US,5,20250911,205500,5.7989,5.7989,5.71,5.71,1200,0
YI.US,5,20250911,211000,5.71,5.71,5.71,5.71,300,0
YI.US,5,20250911,213000,5.7,5.7,5.7,5.7,200,0
YI.US,5,20250911,214000,5.71,5.71,5.71,5.71,200,0
YI.US,5,20250911,215500,5.7,5.79,5.7,5.79,800,0
YI.US,5,20250912,153000,5.67,5.67,5.67,5.67,148,0
YI.US,5,20250912,155000,5.85,5.99,5.85,5.99,956,0
YI.US,5,20250912,155500,6,6,6,6,1000,0
YI.US,5,20250912,160000,6,6,6,6,744,0
YI.US,5,20250912,161000,5.8,5.8,5.8,5.8,100,0
YI.US,5,20250912,161500,5.71,5.71,5.71,5.71,100,0
YI.US,5,20250912,171500,5.73,5.73,5.73,5.73,110,0
YI.US,5,20250912,172500,5.8,5.8,5.8,5.8,100,0
YI.US,5,20250912,184500,5.825,6,5.825,6,2740,0
YI.US,5,20250912,185000,5.85,5.85,5.85,5.85,710,0
YI.US,5,20250912,192500,5.86,5.86,5.85,5.85,200,0
YI.US,5,20250912,194500,5.945,6.08,5.945,6.08,500,0
YI.US,5,20250912,195500,5.86,5.86,5.86,5.86,100,0
YI.US,5,20250912,200500,5.9391,5.9391,5.9391,5.9391,100,0
YI.US,5,20250912,201500,5.85,5.85,5.85,5.85,300,0
YI.US,5,20250912,204500,5.86,5.91,5.86,5.91,900,0
YI.US,5,20250912,205000,5.86,5.86,5.86,5.86,230,0
YI.US,5,20250912,205500,5.83,5.83,5.83,5.83,100,0
YI.US,5,20250912,210000,5.83,5.92,5.8,5.8,8038,0
YI.US,5,20250912,210500,5.81,5.81,5.81,5.81,100,0
YI.US,5,20250912,212500,5.93,5.93,5.93,5.93,100,0
YI.US,5,20250912,213000,5.93,5.93,5.93,5.93,100,0
YI.US,5,20250912,213500,5.98,5.98,5.98,5.98,100,0
YI.US,5,20250912,214500,5.96,5.96,5.96,5.96,100,0
YI.US,5,20250912,215500,5.8,5.92,5.75,5.92,720,0
YI.US,5,20250915,153000,6.3,6.3,6.3,6.3,320,0
YI.US,5,20250915,153500,6.2,6.2,6.2,6.2,155,0
YI.US,5,20250915,154000,6.05,6.05,5.92,5.92,526,0
YI.US,5,20250915,154500,5.9624,5.9624,5.9624,5.9624,100,0
YI.US,5,20250915,155000,5.92,5.93,5.91,5.93,1159,0
YI.US,5,20250915,155500,6.1418,6.1418,6.1418,6.1418,431,0
YI.US,5,20250915,160000,5.9302,5.9302,5.9302,5.9302,300,0
YI.US,5,20250915,160500,6.105,6.105,6.105,6.105,199,0
YI.US,5,20250915,161500,6.11,6.11,6.11,6.11,103,0
YI.US,5,20250915,162000,6.145,6.3699,5.9201,6.14,1050,0
YI.US,5,20250915,162500,5.982,6.3699,5.8255,5.8255,3254,0
YI.US,5,20250915,163000,6.095,6.095,6.095,6.095,100,0
YI.US,5,20250915,163500,5.89,5.98,5.89,5.98,1370,0
YI.US,5,20250915,164000,5.8017,5.97,5.8017,5.885,411,0
YI.US,5,20250915,164500,5.8806,5.91,5.8806,5.91,200,0
YI.US,5,20250915,171500,5.92,5.92,5.92,5.92,100,0
YI.US,5,20250915,173500,5.86,5.86,5.86,5.86,100,0
YI.US,5,20250915,174000,5.87,6.32,5.82,6.32,1982,0
YI.US,5,20250915,174500,5.83,5.83,5.83,5.83,356,0
YI.US,5,20250915,175000,5.86,5.86,5.86,5.86,150,0
YI.US,5,20250915,180000,6.32,6.32,6.32,6.32,279,0
YI.US,5,20250915,180500,5.8832,6.3199,5.8832,6.3199,1379,0
YI.US,5,20250915,181000,6.2242,6.2242,5.95,5.95,600,0
YI.US,5,20250915,181500,6.2163,6.2163,6.2163,6.2163,250,0
YI.US,5,20250915,182500,6.035,6.035,6.035,6.035,249,0
YI.US,5,20250915,183000,5.85,6.02,5.83,6.02,1350,0
YI.US,5,20250915,184500,5.86,5.86,5.86,5.86,100,0
YI.US,5,20250915,190500,5.8632,5.8632,5.8632,5.8632,852,0
YI.US,5,20250915,191500,5.86,5.86,5.86,5.86,110,0
YI.US,5,20250915,192000,5.92,5.92,5.92,5.92,220,0
YI.US,5,20250915,193500,5.82,5.82,5.82,5.82,100,0
YI.US,5,20250915,200000,5.925,5.925,5.925,5.925,298,0
YI.US,5,20250915,201000,5.98,5.98,5.98,5.98,150,0
YI.US,5,20250915,210500,5.9199,5.92,5.9199,5.92,300,0
YI.US,5,20250915,212000,5.91,5.91,5.91,5.91,406,0
YI.US,5,20250915,215000,5.86,5.92,5.86,5.92,300,0
YI.US,5,20250915,215500,5.92,5.92,5.9,5.92,798,0
YI.US,5,20250916,153000,5.79,5.8,5.79,5.8,1331,0
YI.US,5,20250916,154000,5.8,5.8,5.65,5.65,1195,0
YI.US,5,20250916,160500,5.66,5.6765,5.66,5.6765,1100,0
YI.US,5,20250916,161000,5.68,5.68,5.68,5.68,872,0
YI.US,5,20250916,162000,5.71,5.76,5.71,5.75,825,0
YI.US,5,20250916,162500,5.7101,5.7653,5.7101,5.7101,700,0
YI.US,5,20250916,164000,5.71,5.71,5.71,5.71,475,0
YI.US,5,20250916,165500,5.74,5.8,5.74,5.8,2064,0
YI.US,5,20250916,171500,5.78,5.78,5.78,5.78,122,0
YI.US,5,20250916,172000,5.8,6.0036,5.8,6.0036,600,0
YI.US,5,20250916,180000,5.76,5.76,5.72,5.72,3267,0
YI.US,5,20250916,184500,6,6,6,6,915,0
YI.US,5,20250916,211500,5.97,5.99,5.97,5.99,349,0
YI.US,5,20250916,215500,6.101,6.101,6.026,6.026,699,0
YI.US,5,20250917,153000,5.7,5.8,5.68,5.8,3772,0
YI.US,5,20250917,162000,5.98,5.98,5.98,5.98,326,0
YI.US,5,20250917,162500,5.98,5.98,5.82,5.82,605,0
YI.US,5,20250917,163000,5.8,5.8,5.8,5.8,110,0
YI.US,5,20250917,170000,5.89,5.9,5.82,5.82,12069,0
YI.US,5,20250917,170500,5.82,5.82,5.4,5.41,5249,0
YI.US,5,20250917,174500,5.68,5.68,5.68,5.68,100,0
YI.US,5,20250917,175000,5.75,5.75,5.75,5.75,150,0
YI.US,5,20250917,175500,5.778,5.78,5.752,5.77,1300,0
YI.US,5,20250917,184500,5.6488,5.6488,5.6488,5.6488,100,0
YI.US,5,20250917,191000,5.65,5.65,5.65,5.65,100,0
YI.US,5,20250917,213500,5.7,5.7,5.7,5.7,443,0
YI.US,5,20250917,214500,5.68,5.7,5.68,5.7,1757,0
YI.US,5,20250917,215000,5.7,5.715,5.7,5.7,4950,0
YI.US,5,20250917,215500,5.7,5.7023,5.65,5.68,7370,0
YI.US,5,20250918,153500,5.51,5.6,5.51,5.6,200,0
YI.US,5,20250918,154000,5.64,5.64,5.64,5.64,187,0
YI.US,5,20250918,154500,5.65,5.65,5.65,5.65,200,0
YI.US,5,20250918,160000,5.72,5.7202,5.72,5.7202,1200,0
YI.US,5,20250918,160500,5.69,5.69,5.69,5.69,1053,0
YI.US,5,20250918,161500,5.65,5.65,5.65,5.65,155,0
YI.US,5,20250918,162000,5.6614,5.6614,5.6614,5.6614,107,0
YI.US,5,20250918,163500,5.65,5.65,5.65,5.65,2042,0
YI.US,5,20250918,165000,5.63,5.63,5.63,5.63,215,0
YI.US,5,20250918,172500,5.58,5.58,5.58,5.58,727,0
YI.US,5,20250918,174000,5.58,5.58,5.58,5.58,400,0
YI.US,5,20250918,180500,5.6,5.6,5.6,5.6,100,0
YI.US,5,20250918,182000,5.45,5.45,5.45,5.45,100,0
YI.US,5,20250918,183000,5.45,5.5,5.45,5.5,492,0
YI.US,5,20250918,184500,5.45,5.45,5.45,5.45,100,0
YI.US,5,20250918,191000,5.4599,5.4599,5.4599,5.4599,100,0
YI.US,5,20250918,192500,5.405,5.405,5.405,5.405,200,0
YI.US,5,20250918,200500,5.38,5.38,5.38,5.38,100,0
YI.US,5,20250918,202000,5.4,5.4,5.4,5.4,200,0
YI.US,5,20250918,215500,5.4,5.43,5.4,5.4185,1670,0
YI.US,5,20250919,153000,5.38,5.4,5.38,5.4,210,0
YI.US,5,20250919,154000,5.53,5.53,5.53,5.53,100,0
YI.US,5,20250919,154500,5.4,5.4,5.4,5.4,200,0
YI.US,5,20250919,160000,5.4,5.4,5.4,5.4,112,0
YI.US,5,20250919,161000,5.4,5.4,5.4,5.4,3019,0
YI.US,5,20250919,161500,5.4,5.41,5.4,5.4,6024,0
YI.US,5,20250919,162000,5.37,5.37,5.34,5.34,1480,0
YI.US,5,20250919,163500,5.26,5.26,5.26,5.26,200,0
YI.US,5,20250919,164500,5.27,5.27,5.26,5.265,300,0
YI.US,5,20250919,170500,5.27,5.27,5.26,5.26,400,0
YI.US,5,20250919,172000,5.27,5.27,5.22,5.22,1075,0
YI.US,5,20250919,184000,5.2923,5.2923,5.2923,5.2923,200,0
YI.US,5,20250919,190500,5.29,5.29,5.29,5.29,100,0
YI.US,5,20250919,194500,5.29,5.29,5.29,5.29,200,0
YI.US,5,20250919,200000,5.31,5.36,5.29,5.29,2336,0
YI.US,5,20250919,200500,5.2916,5.2916,5.2916,5.2916,628,0
YI.US,5,20250919,202000,5.29,5.29,5.29,5.29,100,0
YI.US,5,20250919,203000,5.37,5.45,5.37,5.45,1185,0
YI.US,5,20250919,203500,5.22,5.29,5.22,5.29,2469,0
YI.US,5,20250919,204500,5.25,5.25,5.25,5.25,200,0
YI.US,5,20250919,210500,5.25,5.25,5.25,5.25,300,0
YI.US,5,20250919,213000,5.26,5.26,5.22,5.22,1100,0
YI.US,5,20250919,214500,5.265,5.265,5.26,5.26,200,0
YI.US,5,20250919,215000,5.23,5.25,5.22,5.235,4326,0
YI.US,5,20250919,215500,5.22,5.235,5.22,5.235,800,0
YI.US,5,20250922,153000,5.11,5.11,5.11,5.11,1245,0
YI.US,5,20250922,153500,5.01,5.05,4.8,4.8643,46695,0
YI.US,5,20250922,154000,4.84,4.99,4.8,4.94,3523,0
YI.US,5,20250922,154500,4.92,5,4.92,5,600,0
YI.US,5,20250922,155000,5.1,5.1,5.05,5.05,350,0
YI.US,5,20250922,162000,5.1,5.1,5.1,5.1,100,0
YI.US,5,20250922,163000,5.1,5.1,5.1,5.1,301,0
YI.US,5,20250922,163500,5.1,5.1,5.1,5.1,100,0
YI.US,5,20250922,164000,5.085,5.1,5.08,5.1,1242,0
YI.US,5,20250922,164500,5.1,5.1,5.1,5.1,100,0
YI.US,5,20250922,170000,5.15,5.15,5.15,5.15,151,0
YI.US,5,20250922,172000,5.1999,5.205,5.1999,5.205,525,0
YI.US,5,20250922,175500,5.205,5.205,5.205,5.205,500,0
YI.US,5,20250922,180500,5.2,5.2,5.2,5.2,218,0
YI.US,5,20250922,185500,5.24,5.24,5.24,5.24,607,0
YI.US,5,20250922,192000,5.23,5.23,5.23,5.23,107,0
YI.US,5,20250922,193000,5.17,5.17,5.12,5.13,1033,0
YI.US,5,20250922,194000,5.11,5.12,5.11,5.12,1500,0
YI.US,5,20250922,200000,5.1,5.1,5.1,5.1,289,0
YI.US,5,20250922,201000,5.1,5.1,5.1,5.1,300,0
YI.US,5,20250922,201500,5.1,5.1,5.1,5.1,1907,0
YI.US,5,20250922,203000,5.1,5.1,5.1,5.1,100,0
YI.US,5,20250922,203500,5.1,5.1,5.1,5.1,300,0
YI.US,5,20250922,204500,5.08,5.08,5.08,5.08,200,0
YI.US,5,20250922,205000,5.01,5.01,5.01,5.01,383,0
YI.US,5,20250922,205500,5,5,5,5,300,0
YI.US,5,20250922,210000,5,5,5,5,1700,0
YI.US,5,20250922,211000,5,5,5,5,3152,0
YI.US,5,20250922,212500,5,5,5,5,100,0
YI.US,5,20250922,214500,5,5,4.92,4.92,200,0
YI.US,5,20250922,215000,4.91,4.91,4.91,4.91,200,0
YI.US,5,20250922,215500,4.96,4.96,4.91,4.91,3153,0
YI.US,5,20250923,153000,4.86,4.86,4.86,4.86,255,0
YI.US,5,20250923,154000,4.8311,4.8311,4.8311,4.8311,131,0
YI.US,5,20250923,155000,4.87,4.87,4.85,4.85,200,0
YI.US,5,20250923,155500,4.88,4.88,4.83,4.87,500,0
YI.US,5,20250923,160500,4.87,4.87,4.87,4.87,1525,0
YI.US,5,20250923,164000,4.97,4.97,4.97,4.97,100,0
YI.US,5,20250923,170000,4.83,4.83,4.83,4.83,200,0
YI.US,5,20250923,174000,4.995,4.995,4.995,4.995,120,0
YI.US,5,20250923,181000,4.83,4.83,4.83,4.83,319,0
YI.US,5,20250923,182500,4.83,4.83,4.83,4.83,200,0
YI.US,5,20250923,183000,4.83,4.83,4.83,4.83,100,0
YI.US,5,20250923,183500,4.81,4.81,4.81,4.81,400,0
YI.US,5,20250923,184000,4.83,4.83,4.83,4.83,100,0
YI.US,5,20250923,185000,4.81,4.81,4.81,4.81,400,0
YI.US,5,20250923,185500,4.81,4.83,4.8,4.8,3066,0
YI.US,5,20250923,190000,4.8,4.8399,4.8,4.82,1729,0
YI.US,5,20250923,190500,4.8,4.8,4.8,4.8,300,0
YI.US,5,20250923,191000,4.81,4.81,4.81,4.81,1100,0
YI.US,5,20250923,192000,4.81,4.81,4.81,4.81,449,0
YI.US,5,20250923,194500,4.82,4.82,4.82,4.82,100,0
YI.US,5,20250923,195500,4.82,4.82,4.82,4.82,100,0
YI.US,5,20250923,202500,4.81,4.81,4.81,4.81,369,0
YI.US,5,20250923,205000,4.81,4.81,4.81,4.81,100,0
YI.US,5,20250923,205500,4.94,4.94,4.81,4.81,200,0
YI.US,5,20250923,210000,4.81,4.81,4.81,4.81,200,0
YI.US,5,20250923,212000,4.81,4.81,4.81,4.81,1922,0
YI.US,5,20250923,212500,4.81,4.81,4.81,4.81,300,0
YI.US,5,20250923,213500,4.82,4.83,4.81,4.81,2467,0
YI.US,5,20250923,214000,4.81,4.81,4.81,4.81,250,0
YI.US,5,20250923,215000,4.83,4.83,4.81,4.81,226,0
YI.US,5,20250923,215500,4.85,4.85,4.83,4.83,200,0
YI.US,5,20250924,153000,4.82,4.82,4.82,4.82,547,0
YI.US,5,20250924,155000,4.935,4.935,4.935,4.935,100,0
YI.US,5,20250924,164000,4.89,4.89,4.89,4.89,100,0
YI.US,5,20250924,182000,4.82,4.82,4.8,4.8,1128,0
YI.US,5,20250924,183500,4.8,4.8,4.8,4.8,100,0
YI.US,5,20250924,184000,4.81,4.81,4.81,4.81,100,0
YI.US,5,20250924,185000,4.81,4.81,4.81,4.81,100,0
YI.US,5,20250924,190000,4.81,4.81,4.8,4.8,502,0
YI.US,5,20250924,193500,4.8,4.8,4.78,4.78,1035,0
YI.US,5,20250924,194000,4.75,4.75,4.75,4.75,100,0
YI.US,5,20250924,195000,4.77,4.78,4.77,4.78,500,0
YI.US,5,20250924,200000,4.75,4.75,4.75,4.75,200,0
YI.US,5,20250924,200500,4.75,4.75,4.75,4.75,300,0
YI.US,5,20250924,205500,4.8,4.81,4.76,4.8,700,0
YI.US,5,20250924,210000,4.818,4.88,4.7,4.87,9717,0
YI.US,5,20250924,210500,4.8,4.8,4.8,4.8,215,0
YI.US,5,20250924,214000,4.94,4.94,4.91,4.91,300,0
YI.US,5,20250924,215000,4.93,4.93,4.93,4.93,198,0
YI.US,5,20250924,215500,4.88,4.88,4.88,4.88,200,0
YI.US,5,20250925,162500,4.94,4.94,4.94,4.94,100,0
YI.US,5,20250925,164000,4.88,4.88,4.7,4.7,7639,0
YI.US,5,20250925,164500,4.68,4.68,4.68,4.68,300,0
YI.US,5,20250925,165000,4.69,4.69,4.68,4.68,709,0
YI.US,5,20250925,171500,4.845,4.845,4.845,4.845,111,0
YI.US,5,20250925,190500,4.76,4.76,4.76,4.76,100,0
YI.US,5,20250925,202500,4.75,4.75,4.75,4.75,100,0
YI.US,5,20250925,210000,4.7,4.7,4.7,4.7,200,0
YI.US,5,20250925,210500,4.7,4.725,4.7,4.725,300,0
YI.US,5,20250925,211000,4.7,4.7,4.7,4.7,200,0
YI.US,5,20250925,211500,4.73,4.76,4.7,4.76,5804,0
YI.US,5,20250925,213500,4.75,4.79,4.75,4.75,300,0
YI.US,5,20250925,214500,4.8,4.8,4.8,4.8,14456,0
YI.US,5,20250925,215500,4.8224,4.8224,4.8224,4.8224,200,0
YI.US,5,20250926,154000,4.83,4.83,4.83,4.83,101,0
YI.US,5,20250926,160500,4.81,4.82,4.8,4.8,1294,0
YI.US,5,20250926,161000,4.68,4.69,4.68,4.69,615,0
YI.US,5,20250926,163500,4.69,4.69,4.68,4.68,255,0
YI.US,5,20250926,164000,4.68,4.68,4.68,4.68,100,0
YI.US,5,20250926,165000,4.71,4.71,4.71,4.71,100,0
YI.US,5,20250926,175000,4.7222,4.7222,4.71,4.71,868,0
YI.US,5,20250926,180500,4.7,4.7,4.7,4.7,608,0
YI.US,5,20250926,181500,4.7,4.7,4.7,4.7,100,0
YI.US,5,20250926,212500,4.71,4.74,4.71,4.74,300,0
YI.US,5,20250926,215000,4.73,4.73,4.73,4.73,500,0
YI.US,5,20250926,215500,4.71,4.71,4.71,4.71,200,0
YI.US,5,20250929,153000,4.71,4.71,4.71,4.71,215,0
YI.US,5,20250929,193000,4.7608,4.7608,4.7608,4.7608,179,0
YI.US,5,20250929,193500,4.72,4.72,4.72,4.72,100,0
YI.US,5,20250929,194500,4.72,4.72,4.72,4.72,875,0
YI.US,5,20250929,195500,4.72,4.72,4.72,4.72,100,0
YI.US,5,20250929,200000,4.71,4.71,4.71,4.71,464,0
YI.US,5,20250929,204000,4.71,4.71,4.71,4.71,941,0
YI.US,5,20250929,205000,4.71,4.71,4.7,4.7,1166,0
YI.US,5,20250929,210500,4.68,4.715,4.68,4.68,423,0
YI.US,5,20250929,211000,4.68,4.68,4.68,4.68,257,0
YI.US,5,20250929,212000,4.68,4.68,4.68,4.68,400,0
YI.US,5,20250929,213000,4.68,4.68,4.68,4.68,300,0
YI.US,5,20250929,213500,4.65,4.65,4.65,4.65,200,0
YI.US,5,20250929,214000,4.65,4.65,4.65,4.65,175,0
YI.US,5,20250929,215000,4.67,4.67,4.67,4.67,100,0
YI.US,5,20250929,215500,4.67,4.67,4.67,4.67,320,0
YI.US,5,20250930,160000,4.79,4.8799,4.79,4.8799,4866,0
YI.US,5,20250930,161500,4.69,4.73,4.4,4.495,5854,0
YI.US,5,20250930,163000,4.64,4.64,4.64,4.64,100,0
YI.US,5,20250930,164500,4.8259,4.8259,4.8259,4.8259,1000,0
YI.US,5,20250930,174000,4.57,4.57,4.47,4.4704,1202,0
YI.US,5,20250930,175500,4.51,4.51,4.51,4.51,700,0
YI.US,5,20250930,183500,4.5,4.5,4.5,4.5,250,0
YI.US,5,20250930,185000,4.5,4.55,4.5,4.55,550,0
YI.US,5,20250930,190000,4.55,4.55,4.55,4.55,200,0
YI.US,5,20250930,195500,4.57,4.57,4.55,4.55,2725,0
YI.US,5,20250930,201000,4.55,4.55,4.55,4.55,500,0
YI.US,5,20250930,211500,4.65,4.65,4.65,4.65,100,0
YI.US,5,20250930,213500,4.58,4.58,4.58,4.58,200,0
YI.US,5,20250930,214000,4.55,4.55,4.55,4.55,300,0
YI.US,5,20251001,165000,4.7,4.7,4.7,4.7,350,0
YI.US,5,20251001,183500,4.7,4.7,4.7,4.7,400,0
YI.US,5,20251001,192500,4.6936,4.6936,4.6936,4.6936,100,0
YI.US,5,20251001,205000,4.6982,4.6982,4.6982,4.6982,100,0
YI.US,5,20251001,210000,4.71,4.71,4.6,4.6,5673,0
YI.US,5,20251001,211000,4.6,4.61,4.6,4.61,1309,0
YI.US,5,20251002,153000,4.595,4.595,4.595,4.595,300,0
YI.US,5,20251002,164500,4.6035,4.6035,4.6035,4.6035,100,0
YI.US,5,20251002,165000,4.577,4.577,4.577,4.577,500,0
YI.US,5,20251002,200000,4.58,4.58,4.58,4.58,449,0
YI.US,5,20251002,211000,4.58,4.58,4.58,4.58,214,0
YI.US,5,20251002,211500,4.7,4.76,4.69,4.74,2037,0
YI.US,5,20251002,214000,4.62,4.62,4.605,4.605,200,0
YI.US,5,20251003,153000,4.58,4.671,4.58,4.671,2174,0
YI.US,5,20251003,154500,4.55,4.55,4.54,4.55,786,0
YI.US,5,20251003,160000,4.51,4.5101,4.51,4.5101,8655,0
YI.US,5,20251003,171000,4.53,4.53,4.53,4.53,600,0
YI.US,5,20251003,173000,4.52,4.55,4.52,4.55,667,0
YI.US,5,20251003,180500,4.55,4.55,4.55,4.55,100,0
YI.US,5,20251003,182000,4.59,4.59,4.59,4.59,800,0
YI.US,5,20251003,184000,4.55,4.55,4.55,4.55,100,0
YI.US,5,20251003,185500,4.52,4.52,4.52,4.52,562,0
YI.US,5,20251003,201500,4.6035,4.6035,4.6035,4.6035,1000,0
YI.US,5,20251003,203000,4.52,4.52,4.52,4.52,220,0
YI.US,5,20251003,205500,4.52,4.52,4.52,4.52,100,0
YI.US,5,20251003,215000,4.5549,4.5549,4.52,4.52,400,0
YI.US,5,20251003,215500,4.53,4.53,4.49,4.4993,2838,0
YI.US,5,20251006,153000,4.49,4.4994,4.48,4.48,2092,0
YI.US,5,20251006,154000,4.5,4.5,4.5,4.5,120,0
YI.US,5,20251006,154500,4.5,4.5,4.5,4.5,333,0
YI.US,5,20251006,171500,4.5052,4.5052,4.5052,4.5052,325,0
YI.US,5,20251006,172000,4.509,4.509,4.509,4.509,675,0
YI.US,5,20251006,174000,4.52,4.52,4.52,4.52,100,0
YI.US,5,20251006,180000,4.52,4.52,4.52,4.52,444,0
YI.US,5,20251006,183500,4.5598,4.5598,4.5598,4.5598,100,0
YI.US,5,20251006,195000,4.57,4.57,4.57,4.57,2000,0
YI.US,5,20251007,153000,4.53,4.555,4.53,4.555,1200,0
YI.US,5,20251007,153500,4.54,4.58,4.54,4.58,1232,0
YI.US,5,20251007,154500,4.567,4.57,4.567,4.57,1680,0
YI.US,5,20251007,155000,4.56,4.6,4.56,4.58,5353,0
YI.US,5,20251007,160000,4.75,4.75,4.75,4.75,1187,0
YI.US,5,20251007,162000,4.865,4.865,4.865,4.865,100,0
YI.US,5,20251007,164500,4.82,4.89,4.82,4.87,4358,0
YI.US,5,20251007,165500,4.87,4.89,4.87,4.87,1600,0
YI.US,5,20251007,173000,4.88,4.92,4.88,4.92,1310,0
YI.US,5,20251007,174000,4.94,4.94,4.8776,4.8776,400,0
YI.US,5,20251007,175000,4.875,4.94,4.875,4.94,200,0
YI.US,5,20251007,175500,4.8,4.8,4.8,4.8,111,0
YI.US,5,20251007,180000,4.8224,4.8224,4.8224,4.8224,400,0
YI.US,5,20251007,182500,4.93,4.93,4.93,4.93,100,0
YI.US,5,20251007,183000,4.87,4.87,4.87,4.87,500,0
YI.US,5,20251007,192500,4.9239,4.9239,4.9239,4.9239,200,0
YI.US,5,20251007,205500,4.87,4.88,4.87,4.88,300,0
YI.US,5,20251007,211500,4.97,4.97,4.97,4.97,503,0
YI.US,5,20251007,212000,4.8816,4.89,4.88,4.8801,1344,0
YI.US,5,20251007,213500,4.84,4.97,4.84,4.9695,5421,0
YI.US,5,20251007,215000,4.7115,4.7115,4.7115,4.7115,517,0
YI.US,5,20251008,153000,4.66,4.66,4.66,4.66,1488,0
YI.US,5,20251008,161500,4.75,4.75,4.75,4.75,500,0
YI.US,5,20251008,163000,4.65,4.65,4.65,4.65,100,0
YI.US,5,20251008,173500,4.8495,4.8495,4.8495,4.8495,480,0
YI.US,5,20251008,174500,4.65,4.65,4.65,4.65,764,0
YI.US,5,20251008,191000,4.7391,4.7391,4.7391,4.7391,100,0
YI.US,5,20251008,194000,4.66,4.82,4.66,4.81,3242,0
YI.US,5,20251008,194500,4.81,4.81,4.81,4.81,100,0
YI.US,5,20251008,195000,4.73,4.74,4.73,4.74,300,0
YI.US,5,20251008,195500,4.76,4.76,4.76,4.76,100,0
YI.US,5,20251008,201000,4.7,4.71,4.65,4.6509,5877,0
YI.US,5,20251008,212000,4.74,4.74,4.74,4.74,300,0
YI.US,5,20251008,213000,4.75,4.75,4.75,4.75,200,0
YI.US,5,20251008,215500,4.79,4.79,4.79,4.79,100,0
YI.US,5,20251009,153000,4.73,4.73,4.73,4.73,120,0
YI.US,5,20251009,155000,4.8,4.8,4.6718,4.6718,300,0
YI.US,5,20251009,164000,4.79,4.79,4.79,4.79,595,0
YI.US,5,20251009,212000,4.8,4.8,4.8,4.8,1200,0
YI.US,5,20251010,153000,4.8,4.8,4.8,4.8,124,0
YI.US,5,20251010,173500,4.72,4.72,4.41,4.4301,6095,0
YI.US,5,20251010,175000,4.4532,4.4532,4.4532,4.4532,200,0
YI.US,5,20251010,184500,4.46,4.46,4.45,4.45,200,0
YI.US,5,20251010,202000,4.45,4.57,4.35,4.35,5494,0
YI.US,5,20251010,214000,4.3835,4.3835,4.3835,4.3835,400,0
YI.US,5,20251013,155000,4.4,4.42,4.35,4.42,835,0
YI.US,5,20251013,161500,4.42,4.86,4.36,4.86,4521,0
YI.US,5,20251013,162000,4.6,4.86,4.47,4.78,2047,0
YI.US,5,20251013,162500,4.5,4.77,4.41,4.42,9198,0
YI.US,5,20251013,163000,4.41,4.41,4.4,4.4,200,0
YI.US,5,20251013,182000,4.4,4.4,4.4,4.4,100,0
YI.US,5,20251013,183500,4.4,4.4,4.4,4.4,100,0
YI.US,5,20251013,185000,4.4,4.4,4.4,4.4,100,0
YI.US,5,20251013,190000,4.4,4.4,4.4,4.4,100,0
YI.US,5,20251013,191500,4.4,4.4,4.4,4.4,202,0
YI.US,5,20251013,215500,4.43,4.43,4.43,4.43,100,0
YI.US,5,20251014,153500,4.31,4.31,4.31,4.31,308,0
YI.US,5,20251014,154500,4.35,4.35,4.31,4.31,262,0
YI.US,5,20251014,163000,4.31,4.3811,4.3,4.3811,975,0
YI.US,5,20251014,174500,4.29,4.29,4.29,4.29,500,0
YI.US,5,20251014,181000,4.3657,4.3657,4.3657,4.3657,650,0
YI.US,5,20251014,190500,4.285,4.285,4.285,4.285,200,0
YI.US,5,20251014,195500,4.285,4.285,4.285,4.285,100,0
YI.US,5,20251014,201500,4.3,4.3,4.3,4.3,240,0
YI.US,5,20251014,215000,4.3,4.3,4.3,4.3,900,0
YI.US,5,20251014,215500,4.285,4.35,4.285,4.35,950,0
YI.US,5,20251015,162000,4.26,4.26,4.26,4.26,100,0
YI.US,5,20251015,163000,4.25,4.25,4.25,4.25,100,0
YI.US,5,20251015,164000,4.225,4.25,4.225,4.25,671,0
YI.US,5,20251015,172000,4.28,4.28,4.26,4.26,201,0
YI.US,5,20251015,172500,4.3,4.3,4.29,4.29,600,0
YI.US,5,20251015,173000,4.27,4.27,4.27,4.27,411,0
YI.US,5,20251015,185500,4.4631,4.4631,4.4631,4.4631,3000,0
YI.US,5,20251015,215000,4.3128,4.3128,4.3128,4.3128,3650,0
YI.US,5,20251016,170500,4.2601,4.2601,4.2601,4.2601,500,0
YI.US,5,20251016,172000,4.375,4.375,4.26,4.26,500,0
YI.US,5,20251016,181000,4.26,4.26,4.26,4.26,100,0
YI.US,5,20251016,182000,4.26,4.26,4.26,4.26,100,0
YI.US,5,20251016,215500,4.36,4.4,4.36,4.4,202,0
YI.US,5,20251017,153000,4.38,4.38,4.38,4.38,152,0
YI.US,5,20251017,161000,4.385,4.385,4.385,4.385,100,0
YI.US,5,20251017,172500,4.4,4.4,4.4,4.4,250,0
YI.US,5,20251017,180000,4.407,4.407,4.407,4.407,209,0
YI.US,5,20251017,210000,4.4,4.4,4.2301,4.36,6134,0
YI.US,5,20251017,215500,4.4,4.4,4.26,4.26,641,0
YI.US,5,20251020,161000,4.28,4.28,4.28,4.28,198,0
YI.US,5,20251020,175500,4.231,4.35,4.231,4.35,725,0
YI.US,5,20251020,183500,4.44,4.45,4.44,4.44,2469,0
YI.US,5,20251020,185000,4.345,4.345,4.345,4.345,300,0
YI.US,5,20251020,185500,4.345,4.345,4.3271,4.345,1200,0
YI.US,5,20251020,195000,4.3282,4.3282,4.3282,4.3282,210,0
YI.US,5,20251020,201500,4.4499,4.4499,4.4499,4.4499,200,0
YI.US,5,20251020,203000,4.28,4.28,4.28,4.28,1240,0
YI.US,5,20251020,203500,4.2881,4.2881,4.2881,4.2881,230,0
YI.US,5,20251020,204000,4.3295,4.3295,4.3295,4.3295,237,0
YI.US,5,20251020,205500,4.305,4.305,4.305,4.305,233,0
YI.US,5,20251020,215500,4.36,4.4,4.36,4.4,200,0
YI.US,5,20251021,162000,4.38,4.38,4.38,4.38,200,0
YI.US,5,20251021,164000,4.4,4.4,4.4,4.4,187,0
YI.US,5,20251021,164500,4.4,4.78,4.4,4.45,552,0
YI.US,5,20251021,173500,4.41,4.41,4.25,4.25,5911,0
YI.US,5,20251021,180500,4.6536,4.6536,4.6536,4.6536,200,0
YI.US,5,20251021,214000,4.27,4.32,4.27,4.32,731,0
YI.US,5,20251021,215500,4.536,4.536,4.536,4.536,500,0
YI.US,5,20251022,162000,4.52,4.52,4.52,4.52,100,0
YI.US,5,20251022,171500,4.48,4.48,4.47,4.48,791,0
YI.US,5,20251022,183500,4.4788,4.4788,4.4788,4.4788,200,0
YI.US,5,20251022,192000,4.48,4.48,4.48,4.48,100,0
YI.US,5,20251022,202500,4.42,4.425,4.42,4.425,1002,0
YI.US,5,20251022,203000,4.425,4.4985,4.425,4.4985,308,0
YI.US,5,20251022,214500,4.49,4.65,4.45,4.63,6759,0
YI.US,5,20251022,215500,4.53,4.53,4.53,4.53,100,0
YI.US,5,20251023,163500,4.475,4.475,4.475,4.475,126,0
YI.US,5,20251023,172500,4.5,4.5,4.5,4.5,288,0
YI.US,5,20251023,175000,4.48,4.48,4.48,4.48,200,0
YI.US,5,20251023,190500,4.5565,4.5565,4.5565,4.5565,290,0
YI.US,5,20251023,192000,4.515,4.515,4.515,4.515,132,0
YI.US,5,20251023,210000,4.48,4.48,4.48,4.48,344,0
YI.US,5,20251023,210500,4.5,4.51,4.48,4.48,903,0
YI.US,5,20251023,211000,4.5,4.58,4.49,4.58,900,0
YI.US,5,20251023,211500,4.5,4.53,4.5,4.53,596,0
YI.US,5,20251023,214000,4.5,4.5,4.5,4.5,500,0
YI.US,5,20251023,215500,4.5485,4.5485,4.45,4.45,300,0
YI.US,5,20251024,153000,4.39,4.39,4.39,4.39,131,0
YI.US,5,20251024,154500,4.39,4.39,4.39,4.39,100,0
YI.US,5,20251024,155000,4.3802,4.3802,4.3802,4.3802,300,0
YI.US,5,20251024,195000,4.5,4.5,4.5,4.5,100,0
YI.US,5,20251024,202500,4.5,4.5,4.5,4.5,200,0
YI.US,5,20251024,203000,4.45,4.45,4.45,4.45,581,0
YI.US,5,20251024,205500,4.5,4.5,4.5,4.5,400,0
YI.US,5,20251024,210000,4.5,4.58,4.5,4.53,5041,0
YI.US,5,20251024,211000,4.47,4.47,4.45,4.45,1200,0
YI.US,5,20251024,211500,4.45,4.45,4.45,4.45,500,0
YI.US,5,20251024,214000,4.46,4.46,4.43,4.43,400,0
YI.US,5,20251024,215500,4.45,4.48,4.45,4.48,618,0
YI.US,5,20251027,143000,4.42,4.42,4.42,4.42,375,0
YI.US,5,20251027,143500,4.55,4.55,4.55,4.55,300,0
YI.US,5,20251027,152000,4.485,4.55,4.45,4.54,5291,0
YI.US,5,20251027,152500,4.44,4.46,4.44,4.46,200,0
YI.US,5,20251027,160500,4.495,4.495,4.495,4.495,200,0
YI.US,5,20251027,162000,4.5001,4.5001,4.5001,4.5001,150,0
YI.US,5,20251027,164000,4.52,4.52,4.52,4.52,500,0
YI.US,5,20251027,164500,4.5201,4.58,4.5201,4.58,1377,0
YI.US,5,20251027,165500,4.6077,4.6077,4.6077,4.6077,2200,0
YI.US,5,20251027,183000,4.61,4.61,4.61,4.61,430,0
YI.US,5,20251027,203000,4.6,4.6,4.6,4.6,100,0
YI.US,5,20251027,205500,4.54,4.54,4.54,4.54,100,0
YI.US,5,20251028,144000,4.585,4.585,4.585,4.585,358,0
YI.US,5,20251028,145000,4.58,4.59,4.58,4.59,1400,0
YI.US,5,20251028,145500,4.58,4.58,4.58,4.58,252,0
YI.US,5,20251028,154000,4.55,4.565,4.55,4.55,3400,0
YI.US,5,20251028,162500,4.535,4.55,4.535,4.55,1522,0
YI.US,5,20251028,172000,4.5797,4.5797,4.5797,4.5797,268,0
YI.US,5,20251028,175000,4.5582,4.5582,4.55,4.55,301,0
YI.US,5,20251028,180500,4.565,4.565,4.565,4.565,385,0
YI.US,5,20251028,181000,4.56,4.56,4.56,4.56,100,0
YI.US,5,20251028,181500,4.58,4.58,4.565,4.565,558,0
YI.US,5,20251028,182000,4.55,4.55,4.55,4.55,324,0
YI.US,5,20251028,184500,4.57,4.57,4.57,4.57,100,0
YI.US,5,20251028,191000,4.5293,4.5293,4.5293,4.5293,2019,0
YI.US,5,20251028,200500,4.52,4.52,4.5,4.5,5943,0
YI.US,5,20251028,201500,4.5,4.5,4.46,4.46,557,0
YI.US,5,20251029,145500,4.56,4.56,4.56,4.56,100,0
YI.US,5,20251029,150000,4.45,4.45,4.45,4.45,125,0
YI.US,5,20251029,152000,4.55,4.55,4.55,4.55,368,0
YI.US,5,20251029,153500,4.45,4.45,4.45,4.45,200,0
YI.US,5,20251029,161500,4.445,4.445,4.39,4.3901,800,0
YI.US,5,20251029,172500,4.51,4.51,4.51,4.51,350,0
YI.US,5,20251029,173000,4.51,4.51,4.51,4.51,380,0
YI.US,5,20251029,174000,4.53,4.53,4.53,4.53,150,0
YI.US,5,20251029,194000,4.48,4.48,4.48,4.48,331,0
YI.US,5,20251029,205500,4.53,4.53,4.52,4.52,893,0
YI.US,5,20251030,144000,4.495,4.495,4.495,4.495,200,0
YI.US,5,20251030,150000,4.4585,4.4585,4.4585,4.4585,100,0
YI.US,5,20251030,155500,4.4701,4.4701,4.4701,4.4701,1037,0
YI.US,5,20251030,170000,4.5,4.5075,4.5,4.5075,1738,0
YI.US,5,20251030,172500,4.5036,4.5036,4.5036,4.5036,900,0
YI.US,5,20251030,174000,4.51,4.51,4.51,4.51,105,0
YI.US,5,20251030,175000,4.47,4.47,4.47,4.47,320,0
YI.US,5,20251030,180000,4.47,4.47,4.47,4.47,300,0
YI.US,5,20251030,181000,4.48,4.48,4.48,4.48,572,0
YI.US,5,20251030,185000,4.505,4.505,4.48,4.48,498,0
YI.US,5,20251030,185500,4.48,4.48,4.48,4.48,129,0
YI.US,5,20251030,192000,4.46,4.46,4.45,4.45,1200,0
YI.US,5,20251030,193000,4.42,4.42,4.41,4.42,700,0
YI.US,5,20251030,193500,4.365,4.365,4.365,4.365,325,0
YI.US,5,20251030,194000,4.39,4.39,4.39,4.39,100,0
YI.US,5,20251030,195000,4.3401,4.3401,4.3401,4.3401,1000,0
YI.US,5,20251030,204500,4.3401,4.3401,4.3401,4.3401,705,0
YI.US,5,20251030,205500,4.3897,4.39,4.3897,4.39,600,0
YI.US,5,20251031,192500,4.37,4.37,4.37,4.37,200,0
YI.US,5,20251031,193000,4.395,4.395,4.395,4.395,100,0
YI.US,5,20251031,205500,4.37,4.37,4.37,4.37,117,0
YI.US,5,20251103,153000,4.35,4.35,4.35,4.35,215,0
YI.US,5,20251103,154000,4.34,4.35,4.3,4.3,1627,0
YI.US,5,20251103,164500,4.26,4.26,4.2,4.2,3000,0
YI.US,5,20251103,165000,4.26,4.29,4.2,4.2,2805,0
YI.US,5,20251103,170500,4.2456,4.2456,4.2456,4.2456,200,0
YI.US,5,20251103,171500,4.2649,4.2649,4.2649,4.2649,320,0
YI.US,5,20251103,175000,4.2502,4.2506,4.2501,4.2501,1527,0
YI.US,5,20251103,194500,4.3568,4.3568,4.3568,4.3568,302,0
YI.US,5,20251104,161500,4.2854,4.2854,4.2854,4.2854,238,0
YI.US,5,20251104,175500,4.25,4.25,4.25,4.25,100,0
YI.US,5,20251104,213000,4.38,4.38,4.34,4.34,600,0
YI.US,5,20251104,214500,4.38,4.38,4.38,4.38,100,0
YI.US,5,20251104,215500,4.4,4.4,4.4,4.4,103,0
YI.US,5,20251105,162000,4.3247,4.3247,4.3247,4.3247,420,0
YI.US,5,20251105,162500,4.34,4.34,4.34,4.34,646,0
YI.US,5,20251105,171500,4.43,4.43,4.43,4.43,100,0
YI.US,5,20251105,181500,4.366,4.366,4.366,4.366,150,0
YI.US,5,20251105,193000,4.4099,4.4099,4.4099,4.4099,300,0
YI.US,5,20251105,215000,4.3572,4.3572,4.32,4.32,1316,0
YI.US,5,20251105,215500,4.35,4.35,4.35,4.35,1000,0
YI.US,5,20251106,153000,4.32,4.32,4.32,4.32,601,0
YI.US,5,20251106,172500,4.33,4.33,4.3201,4.3201,411,0
YI.US,5,20251106,184500,4.32,4.335,4.32,4.32,420,0
YI.US,5,20251106,210500,4.34,4.35,4.34,4.3499,621,0
YI.US,5,20251106,214000,4.345,4.35,4.345,4.345,424,0
YI.US,5,20251106,215000,4.34,4.34,4.33,4.33,500,0
YI.US,5,20251106,215500,4.29,4.29,4.29,4.29,100,0
YI.US,5,20251107,160000,4.2623,4.2623,4.2623,4.2623,300,0
YI.US,5,20251107,175000,4.26,4.26,4.26,4.26,200,0
YI.US,5,20251107,193500,4.19,4.225,3.93,3.96,3994,0
YI.US,5,20251107,211500,4.18,4.18,4.18,4.18,200,0
YI.US,5,20251110,193000,4.0026,4.0026,4.0026,4.0026,200,0
YI.US,5,20251110,194000,4.0002,4.0002,3.85,3.85,1000,0
YI.US,5,20251110,204000,4.1,4.1,3.9662,4.005,1133,0
YI.US,5,20251110,214500,4.08,4.08,4.08,4.08,200,0
YI.US,5,20251110,215000,4.0703,4.0703,4.0703,4.0703,120,0
YI.US,5,20251110,215500,4.1104,4.1104,4.1104,4.1104,120,0
YI.US,5,20251111,162500,4.14,4.14,4.14,4.14,500,0
YI.US,5,20251111,163500,4.13,4.13,4.13,4.13,101,0
YI.US,5,20251111,171000,4.0801,4.165,4.0801,4.165,1000,0
YI.US,5,20251111,172000,4.09,4.09,4.08,4.08,574,0
YI.US,5,20251111,173000,4.1176,4.1176,4.1176,4.1176,215,0
YI.US,5,20251111,173500,4.08,4.08,4.08,4.08,120,0
YI.US,5,20251111,174500,4.0616,4.0616,4.0616,4.0616,386,0
YI.US,5,20251111,193500,4.1101,4.1101,4.1101,4.1101,100,0
YI.US,5,20251111,215000,4.09,4.09,4.09,4.09,100,0
YI.US,5,20251112,153000,4.03,4.03,4.03,4.03,420,0
YI.US,5,20251112,164500,4.05,4.05,4.05,4.05,2600,0
YI.US,5,20251112,165000,4.01,4.01,3.88,3.88,5935,0
YI.US,5,20251112,165500,3.8662,3.8856,3.8662,3.8856,5161,0
YI.US,5,20251112,171500,3.94,3.94,3.92,3.92,300,0
YI.US,5,20251112,172000,3.92,3.92,3.92,3.92,100,0
YI.US,5,20251112,173000,3.92,3.9494,3.92,3.9494,743,0
YI.US,5,20251112,202000,4.01,4.01,4.01,4.01,1000,0
YI.US,5,20251112,214000,4.02,4.02,4.02,4.02,700,0
YI.US,5,20251112,214500,3.97,4.05,3.97,4.05,700,0
YI.US,5,20251112,215500,3.99,4.0817,3.99,4.0817,327,0
YI.US,5,20251113,153000,4.08,4.08,4.08,4.08,102,0
YI.US,5,20251113,155000,4.17,4.18,4.17,4.18,200,0
YI.US,5,20251113,162000,3.99,3.99,3.99,3.99,100,0
YI.US,5,20251113,182500,4.03,4.03,4.03,4.03,1000,0
YI.US,5,20251113,183000,4.05,4.0645,4.05,4.0645,518,0
YI.US,5,20251113,184500,4.07,4.07,4.07,4.07,100,0
YI.US,5,20251113,205500,4.07,4.07,4.05,4.05,1278,0
YI.US,5,20251114,153000,3.97,3.97,3.97,3.97,151,0
YI.US,5,20251114,154000,4.04,4.09,4.04,4.09,300,0
YI.US,5,20251114,154500,3.995,3.995,3.995,3.995,200,0
YI.US,5,20251114,160000,3.91,3.91,3.72,3.89,2931,0
YI.US,5,20251114,160500,3.69,3.69,3.69,3.69,400,0
YI.US,5,20251114,161000,3.7,3.7,3.7,3.7,100,0
YI.US,5,20251114,161500,3.9,3.9,3.9,3.9,120,0
YI.US,5,20251114,163000,3.9,3.9,3.9,3.9,120,0
YI.US,5,20251114,163500,3.9737,3.9737,3.9737,3.9737,150,0
YI.US,5,20251114,164000,3.9,3.9,3.9,3.9,1000,0
YI.US,5,20251114,171500,3.945,3.945,3.945,3.945,624,0
YI.US,5,20251114,175000,3.945,3.945,3.945,3.945,100,0
YI.US,5,20251114,175500,3.945,3.945,3.945,3.945,100,0
YI.US,5,20251114,180500,3.945,3.99,3.945,3.99,693,0
YI.US,5,20251114,181000,3.99,3.99,3.99,3.99,200,0
YI.US,5,20251114,182000,3.99,3.99,3.99,3.99,200,0
YI.US,5,20251114,182500,3.99,3.99,3.99,3.99,100,0
YI.US,5,20251114,185000,3.99,3.99,3.99,3.99,100,0
YI.US,5,20251114,192500,3.99,4.0789,3.99,4.0789,200,0
YI.US,5,20251117,153000,3.9,3.9,3.9,3.9,245,0
YI.US,5,20251117,160500,3.86,3.86,3.86,3.86,100,0
YI.US,5,20251117,161000,3.85,3.85,3.85,3.85,319,0
YI.US,5,20251117,161500,3.86,3.9,3.83,3.86,4140,0
YI.US,5,20251117,162000,3.8,3.88,3.8,3.88,300,0
YI.US,5,20251117,162500,3.96,3.96,3.8,3.8,320,0
YI.US,5,20251117,164500,3.8678,3.94,3.8678,3.94,472,0
YI.US,5,20251117,190500,3.89,3.89,3.89,3.89,404,0
YI.US,5,20251117,195000,3.87,3.87,3.87,3.87,262,0
YI.US,5,20251117,195500,3.895,3.8982,3.87,3.8982,714,0
YI.US,5,20251117,202000,3.88,3.88,3.88,3.88,100,0
YI.US,5,20251117,204000,3.885,3.885,3.885,3.885,500,0
YI.US,5,20251118,153000,3.81,3.81,3.81,3.81,100,0
YI.US,5,20251118,160500,3.8242,3.8242,3.8242,3.8242,300,0
YI.US,5,20251118,163000,3.81,3.81,3.81,3.81,200,0
YI.US,5,20251118,171000,3.9,3.9,3.9,3.9,100,0
YI.US,5,20251119,153000,3.85,3.85,3.85,3.85,172,0
YI.US,5,20251119,153500,3.88,3.9,3.88,3.9,300,0
YI.US,5,20251119,210000,3.82,3.82,3.82,3.82,324,0
YI.US,5,20251119,210500,3.81,3.81,3.81,3.81,100,0
YI.US,5,20251119,215000,3.8294,3.8294,3.8294,3.8294,400,0
YI.US,5,20251119,215500,3.8,3.8,3.8,3.8,100,0
YI.US,5,20251120,173000,3.6,3.695,3.6,3.695,404,0
YI.US,5,20251120,174500,3.71,3.71,3.71,3.71,100,0
YI.US,5,20251120,191000,3.679,3.679,3.679,3.679,100,0
YI.US,5,20251120,201500,3.7,3.7052,3.6,3.607,7980,0
YI.US,5,20251120,202500,3.69,3.69,3.69,3.69,100,0
YI.US,5,20251121,161000,3.7,3.7,3.7,3.7,349,0
YI.US,5,20251121,161500,3.69,3.7,3.69,3.7,946,0
YI.US,5,20251121,181500,3.692,3.692,3.692,3.692,200,0
YI.US,5,20251121,184500,3.692,3.692,3.692,3.692,200,0
YI.US,5,20251121,193500,3.5946,3.5946,3.5946,3.5946,222,0
YI.US,5,20251121,215500,3.66,3.66,3.66,3.66,300,0
YI.US,5,20251124,155500,3.532,3.532,3.51,3.52,8267,0
YI.US,5,20251124,161000,3.5019,3.5126,3.5019,3.5126,765,0
YI.US,5,20251124,162500,3.5,3.5,3.5,3.5,200,0
YI.US,5,20251124,163000,3.53,3.53,3.53,3.53,1209,0
YI.US,5,20251124,172000,3.53,3.53,3.31,3.32,1607,0
YI.US,5,20251124,181500,3.4105,3.4105,3.4105,3.4105,100,0
YI.US,5,20251124,190000,3.332,3.34,3.28,3.28,5149,0
YI.US,5,20251124,190500,3.28,3.28,3.26,3.2798,2062,0
YI.US,5,20251124,191000,3.25,3.2696,3.25,3.2696,1330,0
YI.US,5,20251124,191500,3.19,3.19,3.19,3.19,100,0
YI.US,5,20251124,192000,3.28,3.28,3.28,3.28,500,0
YI.US,5,20251124,192500,3.28,3.28,3.28,3.28,430,0
YI.US,5,20251124,194000,3.26,3.28,3.26,3.28,600,0
YI.US,5,20251124,194500,3.335,3.335,3.33,3.33,607,0
YI.US,5,20251124,203000,3.44,3.44,3.28,3.28,200,0
YI.US,5,20251124,203500,3.44,3.45,3.44,3.44,300,0
YI.US,5,20251124,211000,3.5,3.5,3.5,3.5,200,0
YI.US,5,20251124,212500,3.47,3.47,3.39,3.39,300,0
YI.US,5,20251124,213500,3.48,3.5,3.385,3.5,1241,0
YI.US,5,20251124,214000,3.5,3.5,3.395,3.49,1100,0
YI.US,5,20251124,215000,3.49,3.5,3.42,3.5,1300,0
YI.US,5,20251124,215500,3.5,3.51,3.5,3.5,700,0
YI.US,5,20251125,153000,3.47,3.5,3.27,3.27,3626,0
YI.US,5,20251125,153500,3.385,3.48,3.385,3.46,1600,0
YI.US,5,20251125,154000,3.5,3.5,3.5,3.5,100,0
YI.US,5,20251125,154500,3.5,3.5,3.5,3.5,500,0
YI.US,5,20251125,155500,3.5,3.5,3.5,3.5,860,0
YI.US,5,20251125,161000,3.51,3.51,3.5,3.5,200,0
YI.US,5,20251125,162000,3.5,3.5,3.5,3.5,100,0
YI.US,5,20251125,163500,3.51,3.51,3.51,3.51,200,0
YI.US,5,20251125,165000,3.5,3.5,3.5,3.5,100,0
YI.US,5,20251125,173000,3.5,3.5,3.49,3.49,200,0
YI.US,5,20251125,173500,3.5,3.51,3.5,3.51,440,0
YI.US,5,20251125,174000,3.5,3.5,3.5,3.5,100,0
YI.US,5,20251125,182000,3.5,3.5,3.5,3.5,400,0
YI.US,5,20251125,185000,3.5,3.5,3.5,3.5,100,0
YI.US,5,20251125,193500,3.5,3.5,3.5,3.5,100,0
YI.US,5,20251125,194500,3.5,3.5,3.5,3.5,1000,0
YI.US,5,20251125,215000,3.5,3.5,3.5,3.5,400,0
YI.US,5,20251125,215500,3.5,3.5,3.49,3.5,600,0
YI.US,5,20251126,153500,3.5,3.5,3.5,3.5,100,0
YI.US,5,20251126,154500,3.508,3.508,3.508,3.508,200,0
YI.US,5,20251126,155000,3.56,3.6,3.55,3.55,3672,0
YI.US,5,20251126,160000,3.8,3.8,3.8,3.8,100,0
YI.US,5,20251126,160500,3.7061,3.7061,3.52,3.52,1325,0
YI.US,5,20251126,161500,3.5,3.5,3.5,3.5,200,0
YI.US,5,20251126,162000,3.5,3.5,3.5,3.5,200,0
YI.US,5,20251126,162500,3.51,3.51,3.5,3.5,200,0
YI.US,5,20251126,163500,3.53,3.64,3.53,3.53,1300,0
YI.US,5,20251126,165000,3.65,3.69,3.65,3.69,800,0
YI.US,5,20251126,171000,3.6763,3.74,3.6,3.66,4719,0
YI.US,5,20251126,174500,3.61,3.61,3.602,3.602,200,0
YI.US,5,20251126,175000,3.602,3.63,3.6,3.63,1600,0
YI.US,5,20251126,180500,3.605,3.605,3.6,3.6,600,0
YI.US,5,20251126,181500,3.63,3.63,3.63,3.63,100,0
YI.US,5,20251126,183000,3.65,3.65,3.65,3.65,100,0
YI.US,5,20251126,183500,3.67,3.67,3.67,3.67,100,0
YI.US,5,20251126,191500,3.6799,3.6799,3.6799,3.6799,300,0
YI.US,5,20251126,200500,3.63,3.645,3.62,3.62,1016,0
YI.US,5,20251126,202000,3.635,3.635,3.635,3.635,100,0
YI.US,5,20251126,202500,3.66,3.68,3.66,3.68,239,0
YI.US,5,20251126,203000,3.68,3.7,3.68,3.7,1312,0
YI.US,5,20251126,204000,3.92,3.92,3.92,3.92,100,0
YI.US,5,20251126,210000,3.805,3.805,3.8,3.8,500,0
YI.US,5,20251126,211500,3.8,3.8,3.7,3.7,2488,0
YI.US,5,20251126,212000,3.681,3.681,3.64,3.64,3015,0
YI.US,5,20251126,212500,3.63,3.63,3.6,3.625,21706,0
YI.US,5,20251126,213000,3.63,3.63,3.63,3.63,100,0
YI.US,5,20251126,213500,3.64,3.64,3.64,3.64,100,0
YI.US,5,20251126,214500,3.63,3.63,3.6,3.6,1098,0
YI.US,5,20251126,215000,3.625,3.64,3.62,3.64,500,0
YI.US,5,20251126,215500,3.63,3.63,3.63,3.63,970,0
YI.US,5,20251128,154000,4.01,4.01,4.01,4.01,100,0
YI.US,5,20251128,163500,3.71,3.71,3.7,3.7,500,0
YI.US,5,20251128,165000,3.7,3.7,3.7,3.7,400,0
YI.US,5,20251128,170000,3.75,3.75,3.75,3.75,104,0
YI.US,5,20251128,171000,3.78,3.78,3.78,3.78,499,0
YI.US,5,20251128,182000,3.76,3.76,3.76,3.76,1383,0
YI.US,5,20251128,184000,3.95,3.95,3.95,3.95,100,0
YI.US,5,20251128,185000,3.77,3.84,3.76,3.84,431,0
YI.US,5,20251128,185500,3.75,3.84,3.7,3.71,1750,0
YI.US,5,20251201,153000,3.66,3.85,3.62,3.85,1375,0
YI.US,5,20251201,155000,3.6534,3.6534,3.6534,3.6534,1000,0
YI.US,5,20251201,160000,3.6498,3.6498,3.6498,3.6498,1000,0
YI.US,5,20251201,162000,3.725,3.725,3.6,3.6,400,0
YI.US,5,20251201,165000,3.8,3.8499,3.8,3.8498,1264,0
YI.US,5,20251201,175000,3.74,3.74,3.74,3.74,400,0
YI.US,5,20251201,184000,3.6999,3.6999,3.6999,3.6999,1000,0
YI.US,5,20251201,184500,3.7,3.75,3.63,3.7499,3650,0
YI.US,5,20251201,203000,3.75,3.81,3.75,3.75,1031,0
YI.US,5,20251201,215500,3.77,3.81,3.75,3.77,1956,0
YI.US,5,20251202,170500,3.9,3.9,3.85,3.85,800,0
YI.US,5,20251202,173000,3.89,3.89,3.87,3.87,600,0
YI.US,5,20251202,175000,3.85,3.85,3.85,3.85,100,0
YI.US,5,20251202,183000,3.82,3.82,3.82,3.82,100,0
YI.US,5,20251202,185500,3.79,3.79,3.79,3.79,500,0
YI.US,5,20251202,191000,3.75,3.87,3.75,3.87,2387,0
YI.US,5,20251202,192500,3.83,3.83,3.83,3.83,100,0
YI.US,5,20251202,203000,3.77,3.77,3.77,3.77,100,0
YI.US,5,20251202,203500,3.77,3.77,3.77,3.77,500,0
YI.US,5,20251202,205500,3.77,3.77,3.77,3.77,100,0
YI.US,5,20251202,211000,3.76,3.76,3.76,3.76,400,0
YI.US,5,20251202,212000,3.75,3.75,3.75,3.75,1238,0
YI.US,5,20251203,154500,3.7759,3.7759,3.7759,3.7759,300,0
YI.US,5,20251203,174500,3.78,3.78,3.78,3.78,1400,0
YI.US,5,20251203,184000,3.8,3.8,3.8,3.8,200,0
YI.US,5,20251203,190000,3.8,3.8,3.79,3.79,550,0
YI.US,5,20251203,203000,3.7801,3.7801,3.7801,3.7801,297,0
YI.US,5,20251203,211000,3.78,3.78,3.78,3.78,300,0
YI.US,5,20251203,215000,3.77,3.78,3.77,3.78,500,0
YI.US,5,20251204,153000,3.6,3.75,3.6,3.75,7603,0
YI.US,5,20251204,154500,3.76,3.76,3.76,3.76,400,0
YI.US,5,20251204,161500,3.76,3.76,3.76,3.76,100,0
YI.US,5,20251204,163500,3.76,3.76,3.75,3.75,600,0
YI.US,5,20251204,164000,3.76,3.76,3.75,3.75,343,0
YI.US,5,20251204,190000,3.88,3.88,3.88,3.88,1844,0
YI.US,5,20251204,214500,3.876,3.876,3.876,3.876,200,0
YI.US,5,20251204,215000,3.7757,3.79,3.77,3.77,400,0
YI.US,5,20251204,215500,3.77,3.77,3.77,3.77,531,0
YI.US,5,20251205,162000,3.77,3.77,3.77,3.77,104,0
YI.US,5,20251205,162500,3.7699,3.7699,3.7699,3.7699,300,0
YI.US,5,20251205,163000,3.7699,3.77,3.7699,3.77,596,0
YI.US,5,20251205,195000,3.77,3.77,3.77,3.77,100,0
YI.US,5,20251205,200000,3.7637,3.7637,3.76,3.76,200,0
YI.US,5,20251205,214000,3.75,3.75,3.75,3.75,300,0
YI.US,5,20251205,215500,3.75,3.76,3.75,3.76,419,0
YI.US,5,20251208,155000,3.9,3.9,3.81,3.9,602,0
YI.US,5,20251208,155500,3.95,3.95,3.95,3.95,200,0
YI.US,5,20251208,164000,3.8,3.8,3.8,3.8,200,0
YI.US,5,20251208,165000,3.8229,3.8229,3.8229,3.8229,140,0
YI.US,5,20251208,202500,3.9,3.9,3.9,3.9,500,0
YI.US,5,20251209,153500,3.82,3.82,3.81,3.81,598,0
YI.US,5,20251209,175500,3.8,3.8,3.8,3.8,306,0
YI.US,5,20251209,183500,3.8,3.8,3.8,3.8,257,0
YI.US,5,20251209,192000,3.8,3.8,3.75,3.75,1711,0
YI.US,5,20251209,192500,3.6002,3.6002,3.32,3.44,4397,0
YI.US,5,20251209,193000,3.55,3.55,3.55,3.55,400,0
YI.US,5,20251209,193500,3.55,3.55,3.525,3.54,300,0
YI.US,5,20251209,194500,3.58,3.58,3.58,3.58,150,0
YI.US,5,20251209,200000,3.52,3.52,3.46,3.46,500,0
YI.US,5,20251209,201000,3.58,3.58,3.58,3.58,200,0
YI.US,5,20251209,204000,3.6,3.6,3.58,3.58,400,0
YI.US,5,20251209,205000,3.62,3.62,3.62,3.62,200,0
YI.US,5,20251209,205500,3.68,3.78,3.68,3.78,200,0
YI.US,5,20251209,212500,3.58,3.58,3.55,3.55,350,0
YI.US,5,20251209,213500,3.6,3.6,3.6,3.6,200,0
YI.US,5,20251209,214500,3.6,3.6,3.6,3.6,200,0
YI.US,5,20251209,215500,3.5,3.7497,3.48,3.61,723,0
YI.US,5,20251210,184500,3.86,3.86,3.86,3.86,350,0
YI.US,5,20251210,190000,3.83,3.83,3.83,3.83,175,0
YI.US,5,20251210,193000,3.68,3.68,3.68,3.68,300,0
YI.US,5,20251210,203500,3.76,3.78,3.68,3.68,2300,0
YI.US,5,20251210,210000,3.8,3.8,3.79,3.8,658,0
YI.US,5,20251210,210500,3.75,3.75,3.75,3.75,100,0
YI.US,5,20251210,212000,3.94,3.94,3.94,3.94,200,0
YI.US,5,20251210,213500,3.76,3.79,3.76,3.79,246,0
YI.US,5,20251210,215000,3.8,3.8,3.8,3.8,100,0
YI.US,5,20251210,215500,3.86,3.86,3.86,3.86,120,0
YI.US,5,20251211,153000,3.75,3.76,3.7,3.7,6700,0
YI.US,5,20251211,160000,3.69,3.72,3.69,3.72,5486,0
YI.US,5,20251211,160500,3.69,3.73,3.69,3.73,4600,0
YI.US,5,20251211,161000,3.74,3.74,3.7266,3.7266,820,0
YI.US,5,20251211,162500,3.73,3.73,3.69,3.69,1945,0
YI.US,5,20251211,165500,3.66,3.66,3.66,3.66,300,0
YI.US,5,20251211,173000,3.65,3.65,3.65,3.65,300,0
YI.US,5,20251211,174500,3.66,3.66,3.66,3.66,100,0
YI.US,5,20251211,212000,3.66,3.7,3.66,3.7,380,0
YI.US,5,20251211,214000,3.705,3.705,3.66,3.66,1149,0
YI.US,5,20251211,215000,3.75,3.84,3.705,3.84,2455,0
YI.US,5,20251211,215500,3.745,3.84,3.74,3.74,1210,0
YI.US,5,20251212,153000,3.65,3.65,3.65,3.65,200,0
YI.US,5,20251212,170500,3.6402,3.6402,3.64,3.64,500,0
YI.US,5,20251212,182500,3.61,3.61,3.6,3.6,1860,0
YI.US,5,20251212,184500,3.63,3.63,3.63,3.63,500,0
YI.US,5,20251212,192500,3.6,3.61,3.6,3.6,870,0
YI.US,5,20251212,204500,3.6,3.6,3.6,3.6,1000,0
YI.US,5,20251212,210500,3.64,3.64,3.64,3.64,500,0
YI.US,5,20251212,212500,3.6,3.6,3.6,3.6,759,0
YI.US,5,20251212,213000,3.6,3.6,3.6,3.6,1962,0
YI.US,5,20251212,213500,3.6171,3.6171,3.6171,3.6171,2550,0
YI.US,5,20251212,214000,3.6,3.6,3.6,3.6,617,0
YI.US,5,20251212,214500,3.6,3.6,3.6,3.6,2210,0
YI.US,5,20251212,215000,3.6,3.6,3.6,3.6,622,0
YI.US,5,20251212,215500,3.63,3.63,3.595,3.61,11702,0
YI.US,5,20251215,184000,3.56,3.56,3.56,3.56,100,0
YI.US,5,20251215,202000,3.6,3.6,3.6,3.6,100,0
YI.US,5,20251215,203500,3.6299,3.6299,3.6,3.6,300,0
YI.US,5,20251215,204500,3.61,3.61,3.61,3.61,100,0
YI.US,5,20251215,211000,3.6102,3.6102,3.6,3.6,5915,0
YI.US,5,20251215,211500,3.6,3.6,3.6,3.6,1120,0
YI.US,5,20251215,213000,3.6,3.6,3.6,3.6,330,0
YI.US,5,20251215,213500,3.6,3.6,3.6,3.6,100,0
YI.US,5,20251215,214500,3.6002,3.6002,3.6,3.6,2760,0
YI.US,5,20251215,215000,3.6,3.6,3.6,3.6,1313,0
YI.US,5,20251215,215500,3.54,3.54,3.54,3.54,100,0
YI.US,5,20251216,153000,3.52,3.52,3.52,3.52,204,0
YI.US,5,20251216,153500,3.51,3.51,3.51,3.51,200,0
YI.US,5,20251216,154000,3.51,3.51,3.51,3.51,140,0
YI.US,5,20251216,154500,3.5,3.5,3.5,3.5,390,0
YI.US,5,20251216,160500,3.46,3.46,3.42,3.42,417,0
YI.US,5,20251216,162000,3.42,3.42,3.42,3.42,215,0
YI.US,5,20251216,194000,3.36,3.4198,3.36,3.4198,450,0
YI.US,5,20251217,193500,3.53,3.53,3.52,3.52,300,0
YI.US,5,20251218,162000,3.72,3.72,3.5792,3.5792,1000,0
YI.US,5,20251218,170500,3.75,3.75,3.75,3.75,355,0
YI.US,5,20251218,172500,3.74,3.74,3.74,3.74,100,0
YI.US,5,20251218,173000,3.7934,3.7934,3.7934,3.7934,291,0
YI.US,5,20251218,175500,3.75,3.75,3.75,3.75,1265,0
YI.US,5,20251218,181500,3.7381,3.7381,3.7381,3.7381,100,0
YI.US,5,20251218,183000,3.6678,3.6678,3.6678,3.6678,109,0
YI.US,5,20251219,153000,3.65,3.65,3.65,3.65,155,0
YI.US,5,20251219,165000,3.67,3.67,3.67,3.67,100,0
YI.US,5,20251219,213500,3.65,3.65,3.65,3.65,110,0
YI.US,5,20251219,214000,3.68,3.6934,3.68,3.6934,300,0
YI.US,5,20251222,172500,3.51,3.51,3.445,3.445,2212,0
YI.US,5,20251222,173000,3.5,3.5,3.445,3.445,410,0
YI.US,5,20251222,173500,3.32,3.4,3.32,3.4,215,0
YI.US,5,20251222,175000,3.5,3.5,3.5,3.5,250,0
YI.US,5,20251222,175500,3.3525,3.385,3.19,3.3,9443,0
YI.US,5,20251222,180000,3.3,3.3,2.9701,3.1,4216,0
YI.US,5,20251222,180500,2.8,3.11,2.8,3.11,3582,0
YI.US,5,20251222,181000,3.1,3.1,3.1,3.1,232,0
YI.US,5,20251222,182500,3.04,3.04,3.04,3.04,100,0
YI.US,5,20251222,183000,3.05,3.05,3.03,3.03,1403,0
YI.US,5,20251222,183500,3.05,3.05,3.02,3.02,2323,0
YI.US,5,20251222,185000,3.15,3.15,3.15,3.15,100,0
YI.US,5,20251222,191000,3.09,3.09,3.09,3.09,100,0
YI.US,5,20251222,192500,3.115,3.21,3.115,3.21,744,0
YI.US,5,20251222,193000,3.18,3.18,3.18,3.18,415,0
YI.US,5,20251222,193500,3.15,3.15,3.15,3.15,100,0
YI.US,5,20251222,195000,3.15,3.15,3.15,3.15,100,0
YI.US,5,20251222,195500,3.16,3.175,3.16,3.175,4955,0
YI.US,5,20251222,200000,3.17,3.18,3.17,3.18,700,0
YI.US,5,20251222,200500,3.175,3.175,3.16,3.16,494,0
YI.US,5,20251222,202500,3.2,3.2,3.2,3.2,100,0
YI.US,5,20251222,210500,3.2,3.2,3.2,3.2,100,0
YI.US,5,20251222,212000,3.25,3.33,3.235,3.33,1800,0
YI.US,5,20251222,212500,3.2133,3.26,3.2133,3.26,600,0
YI.US,5,20251222,213000,3.275,3.275,3.16,3.18,3034,0
YI.US,5,20251222,213500,3.16,3.16,3.16,3.16,398,0
YI.US,5,20251222,215000,3.18,3.18,3.18,3.18,1067,0
YI.US,5,20251222,215500,3.18,3.2,3.1584,3.17,2117,0
YI.US,5,20251223,153000,3.16,3.16,3.16,3.16,450,0
YI.US,5,20251223,160000,3.2304,3.27,3.2304,3.27,2500,0
YI.US,5,20251223,184000,3.19,3.19,3.19,3.19,100,0
YI.US,5,20251223,202000,3.16,3.16,3.16,3.16,174,0
YI.US,5,20251223,204000,3.07,3.07,3.07,3.07,336,0
YI.US,5,20251223,205000,3.03,3.03,3.03,3.03,400,0
YI.US,5,20251223,210500,3.03,3.03,3.03,3.03,336,0
YI.US,5,20251223,212000,3.03,3.03,3.03,3.03,432,0
YI.US,5,20251223,213500,3.02,3.02,3.02,3.02,280,0
YI.US,5,20251223,214500,3,3,3,3,324,0
YI.US,5,20251223,215000,3.01,3.01,3,3,216,0
YI.US,5,20251223,215500,3,3.005,2.98,2.98,716,0
YI.US,5,20251224,162000,3.1,3.1,3,3,1731,0
YI.US,5,20251224,162500,2.99,3.03,2.99,3.03,700,0
YI.US,5,20251224,172000,3.088,3.088,3.088,3.088,100,0
YI.US,5,20251226,153000,3.08,3.08,3.08,3.08,203,0
YI.US,5,20251226,161000,2.955,3.09,2.955,2.99,2566,0
YI.US,5,20251226,162500,3,3,3,3,100,0
YI.US,5,20251226,164000,3,3.04,2.99,3.02,2962,0
YI.US,5,20251226,164500,2.99,3,2.99,3,700,0
YI.US,5,20251226,170000,2.93,3.03,2.93,3.03,1950,0
YI.US,5,20251226,170500,2.96,2.96,2.96,2.96,100,0
YI.US,5,20251226,172000,2.96,2.96,2.96,2.96,100,0
YI.US,5,20251226,173500,2.96,2.96,2.96,2.96,100,0
YI.US,5,20251226,174500,3.025,3.025,2.97,2.98,400,0
YI.US,5,20251226,175000,2.96,2.96,2.96,2.96,100,0
YI.US,5,20251226,180000,2.96,2.96,2.96,2.96,100,0
YI.US,5,20251226,181500,2.97,2.97,2.97,2.97,300,0
YI.US,5,20251226,194000,2.98,2.98,2.98,2.98,100,0
YI.US,5,20251226,200500,2.994,2.994,2.97,2.98,952,0
YI.US,5,20251226,201000,3.03,3.03,3.03,3.03,150,0
YI.US,5,20251226,201500,2.98,2.98,2.97,2.97,200,0
YI.US,5,20251226,202500,3.03,3.03,2.97,2.97,439,0
YI.US,5,20251226,204000,2.97,2.97,2.97,2.97,100,0
YI.US,5,20251226,212000,3.024,3.024,3.024,3.024,100,0
YI.US,5,20251226,215000,3.05,3.05,2.97,2.97,300,0
YI.US,5,20251226,215500,3.07,3.08,3.05,3.08,500,0
YI.US,5,20251229,153000,2.98,2.99,2.97,2.97,461,0
YI.US,5,20251229,153500,3,3,2.97,2.97,2266,0
YI.US,5,20251229,154000,2.9706,2.9783,2.97,2.97,2065,0
YI.US,5,20251229,154500,2.9,3,2.9,3,4308,0
YI.US,5,20251229,155500,2.91,2.91,2.91,2.91,500,0
YI.US,5,20251229,161000,2.91,2.91,2.91,2.91,600,0
YI.US,5,20251229,162000,3.1185,3.1185,2.92,2.96,948,0
YI.US,5,20251229,163000,2.93,2.93,2.92,2.92,571,0
YI.US,5,20251229,164500,2.92,2.92,2.92,2.92,265,0
YI.US,5,20251229,170000,2.92,2.96,2.92,2.96,1020,0
YI.US,5,20251229,170500,2.91,2.91,2.91,2.91,2100,0
YI.US,5,20251229,173000,2.97,2.97,2.935,2.97,600,0
YI.US,5,20251229,173500,2.89,2.89,2.89,2.89,200,0
YI.US,5,20251229,174500,2.89,2.89,2.89,2.89,220,0
YI.US,5,20251229,175000,2.89,2.89,2.89,2.89,530,0
YI.US,5,20251229,180500,2.89,2.89,2.89,2.89,100,0
YI.US,5,20251229,181000,2.89,2.89,2.89,2.89,100,0
YI.US,5,20251229,181500,2.92,2.92,2.92,2.92,100,0
YI.US,5,20251229,182000,2.91,2.91,2.91,2.91,100,0
YI.US,5,20251229,190500,2.933,2.94,2.933,2.94,606,0
YI.US,5,20251229,191500,2.9,2.9001,2.9,2.9001,1000,0
YI.US,5,20251229,192000,2.9,2.9,2.9,2.9,100,0
YI.US,5,20251229,192500,2.9,2.9001,2.9,2.9001,2100,0
YI.US,5,20251229,193500,2.9,2.9,2.9,2.9,100,0
YI.US,5,20251229,195500,2.89,2.9,2.89,2.89,870,0
YI.US,5,20251229,203000,2.92,2.92,2.92,2.92,1765,0
YI.US,5,20251229,204500,2.89,2.89,2.89,2.89,400,0
YI.US,5,20251229,210000,2.89,2.89,2.89,2.89,200,0
YI.US,5,20251229,215000,2.89,2.89,2.89,2.89,200,0
YI.US,5,20251229,215500,2.86,2.88,2.86,2.86,852,0
YI.US,5,20251230,154500,2.85,2.85,2.85,2.85,200,0
YI.US,5,20251230,155000,2.85,2.86,2.84,2.84,1659,0
YI.US,5,20251230,160000,2.82,2.82,2.82,2.82,100,0
YI.US,5,20251230,161000,2.81,2.81,2.81,2.81,500,0
YI.US,5,20251230,161500,2.8,2.8275,2.8,2.8,1685,0
YI.US,5,20251230,162000,2.8,2.8,2.8,2.8,711,0
YI.US,5,20251230,162500,2.8,2.8,2.8,2.8,800,0
YI.US,5,20251230,163000,2.78,2.79,2.78,2.79,500,0
YI.US,5,20251230,163500,2.7944,2.81,2.77,2.77,1685,0
YI.US,5,20251230,164000,2.77,2.795,2.77,2.795,964,0
YI.US,5,20251230,164500,2.78,2.78,2.78,2.78,182,0
YI.US,5,20251230,165000,2.79,2.79,2.77,2.77,1982,0
YI.US,5,20251230,172000,2.75,2.75,2.7,2.7,578,0
YI.US,5,20251230,172500,2.69,2.69,2.69,2.69,200,0
YI.US,5,20251230,174500,2.7398,2.7398,2.7398,2.7398,603,0
YI.US,5,20251230,181000,2.74,2.74,2.74,2.74,500,0
YI.US,5,20251230,183500,2.75,2.75,2.72,2.72,900,0
YI.US,5,20251230,195500,2.7,2.7,2.7,2.7,250,0
YI.US,5,20251230,200000,2.69,2.69,2.69,2.69,345,0
YI.US,5,20251230,202500,2.65,2.65,2.65,2.65,200,0
YI.US,5,20251230,203500,2.65,2.65,2.65,2.65,100,0
YI.US,5,20251230,204000,2.65,2.65,2.65,2.65,319,0
YI.US,5,20251230,204500,2.65,2.6886,2.65,2.6886,700,0
YI.US,5,20251230,210000,2.65,2.65,2.65,2.65,100,0
YI.US,5,20251230,210500,2.65,2.65,2.65,2.65,100,0
YI.US,5,20251230,211500,2.65,2.65,2.65,2.65,100,0
YI.US,5,20251230,212000,2.65,2.65,2.65,2.65,273,0
YI.US,5,20251230,213000,2.66,2.66,2.63,2.65,686,0
YI.US,5,20251230,213500,2.65,2.65,2.65,2.65,200,0
YI.US,5,20251230,214000,2.65,2.65,2.65,2.65,200,0
YI.US,5,20251230,214500,2.65,2.65,2.65,2.65,400,0
YI.US,5,20251230,215500,2.63,2.63,2.63,2.63,401,0
YI.US,5,20251231,153000,2.64,2.64,2.64,2.64,602,0
YI.US,5,20251231,155500,2.67,2.67,2.66,2.66,200,0
YI.US,5,20251231,160500,2.66,2.66,2.66,2.66,325,0
YI.US,5,20251231,161000,2.6,2.6,2.6,2.6,300,0
YI.US,5,20251231,161500,2.6,2.6001,2.59,2.59,3767,0
YI.US,5,20251231,162000,2.5482,2.555,2.5482,2.555,960,0
YI.US,5,20251231,163000,2.61,2.61,2.61,2.61,100,0
YI.US,5,20251231,163500,2.53,2.56,2.53,2.56,600,0
YI.US,5,20251231,171000,2.52,2.52,2.52,2.52,500,0
YI.US,5,20251231,172500,2.54,2.54,2.54,2.54,300,0
YI.US,5,20251231,182500,2.5599,2.56,2.5599,2.56,700,0
YI.US,5,20251231,193000,2.52,2.52,2.52,2.52,100,0
YI.US,5,20251231,204000,2.52,2.5201,2.52,2.5201,498,0
YI.US,5,20251231,210500,2.51,2.51,2.51,2.51,484,0
YI.US,5,20251231,211500,2.5,2.5001,2.5,2.5,1761,0
YI.US,5,20251231,215000,2.51,2.51,2.51,2.51,100,0
YI.US,5,20251231,215500,2.53,2.56,2.53,2.56,403,0
YI.US,5,20260102,153000,2.5,2.5,2.48,2.5,987,0
YI.US,5,20260102,153500,2.6499,2.6499,2.6499,2.6499,800,0
YI.US,5,20260102,154000,2.64,2.64,2.64,2.64,100,0
YI.US,5,20260102,161500,2.62,2.63,2.61,2.61,2690,0
YI.US,5,20260102,162000,2.6,2.6,2.6,2.6,100,0
YI.US,5,20260102,162500,2.6,2.6,2.6,2.6,400,0
YI.US,5,20260102,165500,2.55,2.55,2.55,2.55,493,0
YI.US,5,20260102,174000,2.61,2.61,2.6,2.6,300,0
YI.US,5,20260102,174500,2.62,2.65,2.62,2.63,810,0
YI.US,5,20260102,181000,2.64,2.85,2.63,2.67,2205,0
YI.US,5,20260102,181500,2.66,2.66,2.66,2.66,500,0
YI.US,5,20260102,183000,2.67,2.67,2.66,2.66,341,0
YI.US,5,20260102,183500,2.66,2.66,2.66,2.66,241,0
YI.US,5,20260102,200500,2.65,2.65,2.65,2.65,100,0
YI.US,5,20260102,205000,2.66,2.66,2.66,2.66,500,0
YI.US,5,20260102,210500,2.67,2.67,2.67,2.67,200,0
YI.US,5,20260102,212000,2.67,2.67,2.67,2.67,400,0
YI.US,5,20260102,212500,2.67,2.67,2.67,2.67,300,0
YI.US,5,20260102,213000,2.67,2.67,2.67,2.67,100,0
YI.US,5,20260102,214000,2.66,2.68,2.66,2.67,1200,0
YI.US,5,20260102,215000,2.7,2.74,2.7,2.74,1000,0
YI.US,5,20260102,215500,2.74,2.8,2.73,2.76,1749,0
YI.US,5,20260105,153000,2.73,2.73,2.73,2.73,142,0
YI.US,5,20260105,183500,2.675,2.675,2.675,2.675,200,0
YI.US,5,20260105,184500,2.74,2.76,2.74,2.75,400,0
YI.US,5,20260105,192500,2.7,2.78,2.7,2.78,200,0
YI.US,5,20260105,194500,2.78,2.78,2.78,2.78,287,0
YI.US,5,20260105,200000,2.8,2.8,2.78,2.78,1000,0
YI.US,5,20260105,201000,2.705,2.705,2.705,2.705,500,0
YI.US,5,20260105,201500,2.705,2.705,2.705,2.705,400,0
YI.US,5,20260105,202500,2.6867,2.6867,2.6867,2.6867,234,0
YI.US,5,20260105,203000,2.705,2.705,2.705,2.705,300,0
YI.US,5,20260105,204000,2.78,2.78,2.78,2.78,500,0
YI.US,5,20260105,204500,2.6951,2.6951,2.6101,2.6101,1000,0
YI.US,5,20260105,210500,2.611,2.611,2.6105,2.6105,550,0
YI.US,5,20260105,212500,2.77,2.77,2.77,2.77,200,0
YI.US,5,20260105,213000,2.76,2.78,2.76,2.78,400,0
YI.US,5,20260105,213500,2.79,2.79,2.79,2.79,200,0
YI.US,5,20260105,214000,2.84,2.84,2.84,2.84,100,0
YI.US,5,20260105,215000,2.84,2.85,2.725,2.85,2114,0
YI.US,5,20260105,215500,2.755,2.85,2.755,2.755,1512,0
YI.US,5,20260106,153000,2.82,2.86,2.63,2.63,5259,0
YI.US,5,20260106,153500,2.79,2.86,2.7601,2.7601,4728,0
YI.US,5,20260106,154000,2.79,2.79,2.77,2.77,2565,0
YI.US,5,20260106,154500,2.785,2.85,2.7606,2.7606,1492,0
YI.US,5,20260106,160000,2.77,2.77,2.76,2.76,1400,0
YI.US,5,20260106,160500,2.78,2.79,2.75,2.79,300,0
YI.US,5,20260106,163500,2.74,2.785,2.74,2.785,1100,0
YI.US,5,20260106,165000,2.74,2.74,2.74,2.74,100,0
YI.US,5,20260106,165500,2.72,2.72,2.7,2.7,1033,0
YI.US,5,20260106,172500,2.711,2.7111,2.71,2.71,400,0
YI.US,5,20260106,173500,2.71,2.72,2.71,2.72,3090,0
YI.US,5,20260106,174500,2.72,2.72,2.72,2.72,100,0
YI.US,5,20260106,180500,2.72,2.72,2.72,2.72,500,0
YI.US,5,20260106,181000,2.76,2.76,2.7,2.7,1808,0
YI.US,5,20260106,182000,2.71,2.7153,2.71,2.7153,500,0
YI.US,5,20260106,183500,2.715,2.715,2.715,2.715,100,0
YI.US,5,20260106,184500,2.71,2.72,2.62,2.72,821,0
YI.US,5,20260106,192500,2.65,2.65,2.65,2.65,235,0
YI.US,5,20260106,195500,2.625,2.625,2.625,2.625,100,0
YI.US,5,20260106,200000,2.6002,2.6002,2.6001,2.6001,500,0
YI.US,5,20260106,202000,2.6199,2.62,2.61,2.62,1800,0
YI.US,5,20260106,202500,2.8,2.8,2.7,2.7862,3000,0
YI.US,5,20260106,203000,2.7863,2.82,2.75,2.8199,5752,0
YI.US,5,20260106,203500,2.82,2.82,2.7,2.8013,6302,0
YI.US,5,20260106,204000,2.7,2.83,2.7,2.83,5320,0
YI.US,5,20260106,204500,2.7263,2.82,2.7263,2.82,2482,0
YI.US,5,20260106,205000,2.81,2.81,2.81,2.81,1000,0
YI.US,5,20260106,205500,2.82,2.82,2.82,2.82,1547,0
YI.US,5,20260106,210500,2.825,2.835,2.825,2.835,300,0
YI.US,5,20260106,211000,2.84,2.85,2.84,2.85,929,0
YI.US,5,20260106,211500,3,3,3,3,150,0
YI.US,5,20260106,213500,2.8717,2.8717,2.83,2.84,5628,0
YI.US,5,20260106,214000,2.8401,2.8401,2.75,2.8,8276,0
YI.US,5,20260106,214500,2.7999,2.87,2.79,2.87,2100,0
YI.US,5,20260106,215000,2.89,2.91,2.88,2.91,500,0
YI.US,5,20260106,215500,2.94,2.94,2.94,2.94,154,0
YI.US,5,20260107,154000,2.89,2.89,2.85,2.85,400,0
YI.US,5,20260107,154500,2.86,2.86,2.86,2.86,100,0
YI.US,5,20260107,162500,2.77,2.77,2.77,2.77,200,0
YI.US,5,20260107,163500,2.6667,2.6667,2.6667,2.6667,100,0
YI.US,5,20260107,171000,2.81,2.81,2.81,2.81,100,0
YI.US,5,20260107,171500,2.745,2.745,2.745,2.745,100,0
YI.US,5,20260107,172000,2.745,2.745,2.745,2.745,100,0
YI.US,5,20260107,173000,2.745,2.745,2.745,2.745,100,0
YI.US,5,20260107,174500,2.7861,2.7861,2.7861,2.7861,100,0
YI.US,5,20260107,175000,2.8,2.8,2.8,2.8,300,0
YI.US,5,20260107,184000,2.88,2.9,2.87,2.87,1112,0
YI.US,5,20260107,184500,2.9,2.91,2.9,2.91,300,0
YI.US,5,20260107,185000,2.91,2.91,2.91,2.91,1500,0
YI.US,5,20260107,190000,2.8601,2.8601,2.8601,2.8601,1000,0
YI.US,5,20260107,190500,2.86,2.86,2.86,2.86,271,0
YI.US,5,20260107,200500,2.8808,2.8808,2.8601,2.8601,2000,0
YI.US,5,20260107,201000,2.85,2.85,2.85,2.85,2054,0
YI.US,5,20260107,202000,2.85,2.85,2.85,2.85,7982,0
YI.US,5,20260107,204000,2.9,2.9,2.71,2.71,1100,0
YI.US,5,20260107,211500,2.7254,2.7254,2.7254,2.7254,1000,0
YI.US,5,20260107,212500,2.79,2.79,2.79,2.79,1513,0
YI.US,5,20260107,213000,2.7101,2.7101,2.7101,2.7101,1000,0
YI.US,5,20260107,213500,2.7898,2.7898,2.7898,2.7898,500,0
YI.US,5,20260107,214000,2.81,2.87,2.805,2.87,5117,0
YI.US,5,20260107,214500,2.87,2.88,2.85,2.85,3100,0
YI.US,5,20260107,215000,2.8667,2.89,2.85,2.85,6991,0
YI.US,5,20260107,215500,2.86,2.9,2.86,2.9,1226,0
YI.US,5,20260108,153000,2.92,2.92,2.92,2.92,119,0
YI.US,5,20260108,173000,2.89,2.89,2.89,2.89,100,0
YI.US,5,20260108,180500,2.75,2.75,2.75,2.75,100,0
YI.US,5,20260108,182500,2.75,2.75,2.75,2.75,200,0
YI.US,5,20260108,184000,2.75,2.75,2.75,2.75,100,0
YI.US,5,20260108,184500,2.65,2.65,2.65,2.65,200,0
YI.US,5,20260108,194500,2.65,2.65,2.65,2.65,500,0
YI.US,5,20260108,200500,2.8744,2.93,2.874,2.89,5027,0
YI.US,5,20260108,201000,2.91,2.91,2.91,2.91,100,0
YI.US,5,20260108,202000,2.8801,2.8801,2.815,2.85,1000,0
YI.US,5,20260108,203000,2.88,2.92,2.88,2.9,1400,0
YI.US,5,20260108,203500,2.9018,2.9018,2.9018,2.9018,100,0
YI.US,5,20260108,204000,2.91,2.91,2.91,2.91,100,0
YI.US,5,20260108,205500,2.92,2.92,2.91,2.91,200,0
YI.US,5,20260108,211000,2.91,2.95,2.91,2.95,800,0
YI.US,5,20260108,212500,2.915,2.915,2.915,2.915,100,0
YI.US,5,20260108,213000,2.905,2.915,2.9,2.9,1000,0
YI.US,5,20260108,213500,2.9,2.9,2.9,2.9,100,0
YI.US,5,20260108,215000,2.91,2.92,2.91,2.91,3306,0
YI.US,5,20260108,215500,2.91,2.93,2.85,2.85,5505,0
